0.00100       999999999995992510300160.00000
0.00589       577588570142765.75000
0.01077       409124583266.78772
0.01566       4597878291.12111
0.02055       176670157.68996
0.02543       13652846.64970
0.03032       1657032.10564 
0.03521       275858.92605  
0.04009       58048.52485   
0.04498       14662.12437   
0.04987       4309.87086    
0.05475       1457.67164    
0.05964       574.03470     
0.06453       272.25074     
0.06941       151.54903     
0.07430       96.43940      
0.07919       67.89515      
0.08407       50.79952      
0.08896       39.35954      
0.09385       29.79832      
0.09873       22.38958      
0.10362       16.08863      
0.10851       10.62023      
0.11339       6.13785       
0.11828       1.47513       
0.12317       -1.69806      
0.12805       -5.26661      
0.13294       -8.04734      
0.13783       -10.24068     
0.14271       -12.22729     
0.14760       -13.90516     
0.15248       -14.85906     
0.15737       -16.07386     
0.16226       -16.40594     
0.16714       -16.97360     
0.17203       -17.21249     
0.17692       -17.50355     
0.18180       -17.73090     
0.18669       -18.38780     
0.19158       -19.68846     
0.19646       -22.39114     
0.20135       -25.46777     
0.20624       -28.69661     
0.21112       -31.18161     
0.21601       -33.08708     
0.22090       -34.55569     
0.22578       -35.56996     
0.23067       -36.26740     
0.23556       -36.59005     
0.24044       -36.72176     
0.24533       -36.49933     
0.25022       -36.02449     
0.25510       -35.53036     
0.25999       -34.77790     
0.26488       -33.82696     
0.26976       -32.88312     
0.27465       -31.82949     
0.27954       -30.74841     
0.28442       -29.70186     
0.28931       -28.72151     
0.29420       -27.81931     
0.29908       -27.16922     
0.30397       -26.60969     
0.30886       -26.21614     
0.31374       -25.83966     
0.31863       -25.45695     
0.32352       -25.18210     
0.32840       -24.81196     
0.33329       -24.52893     
0.33818       -24.20542     
0.34306       -23.93896     
0.34795       -23.53222     
0.35284       -23.17645     
0.35772       -22.82407     
0.36261       -22.45654     
0.36750       -22.16390     
0.37238       -21.77877     
0.37727       -21.50737     
0.38216       -21.16993     
0.38704       -20.81408     
0.39193       -20.57643     
0.39682       -20.24456     
0.40170       -19.89318     
0.40659       -19.49006     
0.41148       -19.16918     
0.41636       -18.70319     
0.42125       -18.38621     
0.42613       -17.97127     
0.43102       -17.39059     
0.43591       -17.12335     
0.44079       -16.66157     
0.44568       -16.19897     
0.45057       -15.81644     
0.45545       -15.34483     
0.46034       -15.08877     
0.46523       -14.71079     
0.47011       -14.23307     
0.47500       -14.03454     
0.47989       -13.68926     
0.48477       -13.54653     
0.48966       -13.08434     
0.49455       -12.90601     
0.49943       -12.65062     
0.50432       -12.40805     
0.50921       -12.08754     
0.51409       -11.97058     
0.51898       -11.77355     
0.52387       -11.52516     
0.52875       -11.33600     
0.53364       -11.23178     
0.53853       -11.09321     
0.54341       -10.91855     
0.54830       -10.73367     
0.55319       -10.67758     
0.55807       -10.51887     
0.56296       -10.32468     
0.56785       -10.29573     
0.57273       -10.06497     
0.57762       -10.03536     
0.58251       -9.92734      
0.58739       -9.72563      
0.59228       -9.72012      
0.59717       -9.59267      
0.60205       -9.41579      
0.60694       -9.39445      
0.61183       -9.22050      
0.61671       -9.12946      
0.62160       -9.11430      
0.62649       -8.92383      
0.63137       -8.92336      
0.63626       -8.73839      
0.64115       -8.73759      
0.64603       -8.61639      
0.65092       -8.43435      
0.65581       -8.46597      
0.66069       -8.46497      
0.66558       -8.16320      
0.67047       -8.20420      
0.67535       -8.18453      
0.68024       -7.96245      
0.68513       -7.93618      
0.69001       -7.87768      
0.69490       -7.82851      
0.69978       -7.76251      
0.70467       -7.70417      
0.70956       -7.68322      
0.71444       -7.60883      
0.71933       -7.55212      
0.72422       -7.45520      
0.72910       -7.34597      
0.73399       -7.28493      
0.73888       -7.32512      
0.74376       -7.24817      
0.74865       -7.16309      
0.75354       -7.13667      
0.75842       -7.07939      
0.76331       -7.09271      
0.76820       -6.96115      
0.77308       -6.87850      
0.77797       -6.82256      
0.78286       -6.74518      
0.78774       -6.66735      
0.79263       -6.68188      
0.79752       -6.61665      
0.80240       -6.42302      
0.80729       -6.66387      
0.81218       -6.36126      
0.81706       -6.43415      
0.82195       -6.39830      
0.82684       -6.22191      
0.83172       -6.29088      
0.83661       -6.28823      
0.84150       -6.18691      
0.84638       -6.04837      
0.85127       -6.08811      
0.85616       -6.07263      
0.86104       -6.00310      
0.86593       -5.91717      
0.87082       -5.90199      
0.87570       -5.92173      
0.88059       -5.84566      
0.88548       -5.75876      
0.89036       -5.78333      
0.89525       -5.73734      
0.90014       -5.67988      
0.90502       -5.64699      
0.90991       -5.55687      
0.91480       -5.52416      
0.91968       -5.53263      
0.92457       -5.41456      
0.92946       -5.33483      
0.93434       -5.30002      
0.93923       -5.27184      
0.94412       -5.27162      
0.94900       -5.18215      
0.95389       -5.06895      
0.95878       -5.16699      
0.96366       -5.14307      
0.96855       -5.01312      
0.97343       -4.99471      
0.97832       -4.96031      
0.98321       -4.94960      
0.98809       -4.96431      
0.99298       -4.81321      
0.99787       -4.85086      
1.00275       -4.86163      
1.00764       -4.75478      
1.01253       -4.74476      
1.01741       -4.74411      
1.02230       -4.73586      
1.02719       -4.64804      
1.03207       -4.52543      
1.03696       -4.58763      
1.04185       -4.49040      
1.04673       -4.41700      
1.05162       -4.42786      
1.05651       -4.42574      
1.06139       -4.35312      
1.06628       -4.46949      
1.07117       -4.29436      
1.07605       -4.25187      
1.08094       -4.30748      
1.08583       -4.20876      
1.09071       -4.18198      
1.09560       -4.11673      
1.10049       -4.11053      
1.10537       -4.12364      
1.11026       -3.99573      
1.11515       -4.03456      
1.12003       -4.11487      
1.12492       -4.03246      
1.12981       -3.87777      
1.13469       -4.00705      
1.13958       -3.95321      
1.14447       -3.86918      
1.14935       -3.88819      
1.15424       -3.80509      
1.15913       -3.89154      
1.16401       -3.76602      
1.16890       -3.65483      
1.17379       -3.80379      
1.17867       -3.79990      
1.18356       -3.69509      
1.18845       -3.64065      
1.19333       -3.68689      
1.19822       -3.67625      
1.20311       -3.68248      
1.20799       -3.55097      
1.21288       -3.60845      
1.21777       -3.66725      
1.22265       -3.49397      
1.22754       -3.49969      
1.23243       -3.46912      
1.23731       -3.48107      
1.24220       -3.35550      
1.24709       -3.32917      
1.25197       -3.31560      
1.25686       -3.25516      
1.26174       -3.21928      
1.26663       -3.22926      
1.27152       -3.15114      
1.27640       -3.06377      
1.28129       -3.13216      
1.28618       -3.23495      
1.29106       -3.15050      
1.29595       -3.02404      
1.30084       -3.09893      
1.30572       -3.08502      
1.31061       -3.02608      
1.31550       -3.00962      
1.32038       -2.92593      
1.32527       -2.91309      
1.33016       -2.99204      
1.33504       -2.89432      
1.33993       -2.74107      
1.34482       -2.80814      
1.34970       -2.80138      
1.35459       -2.67875      
1.35948       -2.70998      
1.36436       -2.65246      
1.36925       -2.64531      
1.37414       -2.67294      
1.37902       -2.61629      
1.38391       -2.56658      
1.38880       -2.53807      
1.39368       -2.56883      
1.39857       -2.59816      
1.40346       -2.50235      
1.40834       -2.53785      
1.41323       -2.47419      
1.41812       -2.34469      
1.42300       -2.44061      
1.42789       -2.39356      
1.43278       -2.32110      
1.43766       -2.35117      
1.44255       -2.35896      
1.44744       -2.28963      
1.45232       -2.33499      
1.45721       -2.29686      
1.46210       -2.27656      
1.46698       -2.28792      
1.47187       -2.36846      
1.47676       -2.25330      
1.48164       -2.21827      
1.48653       -2.21129      
1.49142       -2.14147      
1.49630       -2.12152      
1.50119       -2.10737      
1.50608       -2.09230      
1.51096       -2.07734      
1.51585       -2.06248      
1.52074       -2.04774      
1.52562       -2.03311      
1.53051       -2.01858      
1.53539       -2.00416      
1.54028       -1.98985      
1.54517       -1.97564      
1.55005       -1.96154      
1.55494       -1.94754      
1.55983       -1.93364      
1.56471       -1.91985      
1.56960       -1.90615      
1.57449       -1.89256      
1.57937       -1.87906      
1.58426       -1.86567      
1.58915       -1.85237      
1.59403       -1.83917      
1.59892       -1.82607      
1.60381       -1.81306      
1.60869       -1.80015      
1.61358       -1.78733      
1.61847       -1.77461      
1.62335       -1.76197      
1.62824       -1.74944      
1.63313       -1.73699      
1.63801       -1.72463      
1.64290       -1.71236      
1.64779       -1.70019      
1.65267       -1.68810      
1.65756       -1.67610      
1.66245       -1.66419      
1.66733       -1.65236      
1.67222       -1.64062      
1.67711       -1.62896      
1.68199       -1.61740      
1.68688       -1.60591      
1.69177       -1.59451      
1.69665       -1.58319      
1.70154       -1.57195      
1.70643       -1.56080      
1.71131       -1.54972      
1.71620       -1.53873      
1.72109       -1.52781      
1.72597       -1.51698      
1.73086       -1.50622      
1.73575       -1.49554      
1.74063       -1.48494      
1.74552       -1.47442      
1.75041       -1.46397      
1.75529       -1.45360      
1.76018       -1.44330      
1.76507       -1.43308      
1.76995       -1.42293      
1.77484       -1.41285      
1.77973       -1.40285      
1.78461       -1.39292      
1.78950       -1.38306      
1.79439       -1.37328      
1.79927       -1.36356      
1.80416       -1.35391      
1.80904       -1.34434      
1.81393       -1.33483      
1.81882       -1.32539      
1.82370       -1.31602      
1.82859       -1.30672      
1.83348       -1.29748      
1.83836       -1.28832      
1.84325       -1.27921      
1.84814       -1.27018      
1.85302       -1.26120      
1.85791       -1.25230      
1.86280       -1.24345      
1.86768       -1.23467      
1.87257       -1.22596      
1.87746       -1.21730      
1.88234       -1.20871      
1.88723       -1.20018      
1.89212       -1.19171      
1.89700       -1.18331      
1.90189       -1.17496      
1.90678       -1.16667      
1.91166       -1.15845      
1.91655       -1.15028      
1.92144       -1.14217      
1.92632       -1.13412      
1.93121       -1.12612      
1.93610       -1.11819      
1.94098       -1.11031      
1.94587       -1.10249      
1.95076       -1.09472      
1.95564       -1.08701      
1.96053       -1.07936      
1.96542       -1.07176      
1.97030       -1.06421      
1.97519       -1.05672      
1.98008       -1.04928      
1.98496       -1.04190      
1.98985       -1.03456      
1.99474       -1.02728      
1.99962       -1.02006      
2.00451       -1.01288      
2.00940       -1.00576      
2.01428       -0.99869      
2.01917       -0.99166      
2.02406       -0.98469      
2.02894       -0.97777      
2.03383       -0.97090      
2.03872       -0.96407      
2.04360       -0.95730      
2.04849       -0.95057      
2.05338       -0.94389      
2.05826       -0.93726      
2.06315       -0.93068      
2.06804       -0.92414      
2.07292       -0.91765      
2.07781       -0.91121      
2.08270       -0.90481      
2.08758       -0.89846      
2.09247       -0.89216      
2.09735       -0.88590      
2.10224       -0.87968      
2.10713       -0.87351      
2.11201       -0.86738      
2.11690       -0.86130      
2.12179       -0.85525      
2.12667       -0.84926      
2.13156       -0.84330      
2.13645       -0.83739      
2.14133       -0.83152      
2.14622       -0.82569      
2.15111       -0.81990      
2.15599       -0.81416      
2.16088       -0.80845      
2.16577       -0.80279      
2.17065       -0.79716      
2.17554       -0.79158      
2.18043       -0.78604      
2.18531       -0.78053      
2.19020       -0.77507      
2.19509       -0.76964      
2.19997       -0.76425      
2.20486       -0.75890      
2.20975       -0.75359      
2.21463       -0.74832      
2.21952       -0.74308      
2.22441       -0.73788      
2.22929       -0.73272      
2.23418       -0.72759      
2.23907       -0.72250      
2.24395       -0.71745      
2.24884       -0.71243      
2.25373       -0.70745      
2.25861       -0.70250      
2.26350       -0.69759      
2.26839       -0.69272      
2.27327       -0.68788      
2.27816       -0.68307      
2.28305       -0.67830      
2.28793       -0.67356      
2.29282       -0.66885      
2.29771       -0.66418      
2.30259       -0.65954      
2.30748       -0.65493      
2.31237       -0.65036      
2.31725       -0.64582      
2.32214       -0.64131      
2.32703       -0.63683      
2.33191       -0.63239      
2.33680       -0.62797      
2.34169       -0.62359      
2.34657       -0.61924      
2.35146       -0.61492      
2.35635       -0.61063      
2.36123       -0.60637      
2.36612       -0.60214      
2.37100       -0.59794      
2.37589       -0.59377      
2.38078       -0.58963      
2.38566       -0.58552      
2.39055       -0.58144      
2.39544       -0.57738      
2.40032       -0.57336      
2.40521       -0.56936      
2.41010       -0.56539      
2.41498       -0.56145      
2.41987       -0.55754      
2.42476       -0.55366      
2.42964       -0.54980      
2.43453       -0.54597      
2.43942       -0.54217      
2.44430       -0.53839      
2.44919       -0.53464      
2.45408       -0.53092      
2.45896       -0.52722      
2.46385       -0.52355      
2.46874       -0.51991      
2.47362       -0.51629      
2.47851       -0.51270      
2.48340       -0.50913      
2.48828       -0.50559      
2.49317       -0.50207      
2.49806       -0.49858      
2.50294       -0.49511      
2.50783       -0.49167      
2.51272       -0.48825      
2.51760       -0.48485      
2.52249       -0.48148      
2.52738       -0.47813      
2.53226       -0.47481      
2.53715       -0.47151      
2.54204       -0.46823      
2.54692       -0.46498      
2.55181       -0.46175      
2.55670       -0.45854      
2.56158       -0.45535      
2.56647       -0.45219      
2.57136       -0.44905      
2.57624       -0.44593      
2.58113       -0.44283      
2.58602       -0.43976      
2.59090       -0.43670      
2.59579       -0.43367      
2.60068       -0.43066      
2.60556       -0.42767      
2.61045       -0.42470      
2.61534       -0.42175      
2.62022       -0.41883      
2.62511       -0.41592      
2.63000       -0.41303      
2.63488       -0.41017      
2.63977       -0.40732      
2.64465       -0.40450      
2.64954       -0.40169      
2.65443       -0.39890      
2.65931       -0.39614      
2.66420       -0.39339      
2.66909       -0.39066      
2.67397       -0.38796      
2.67886       -0.38527      
2.68375       -0.38260      
2.68863       -0.37994      
2.69352       -0.37731      
2.69841       -0.37470      
2.70329       -0.37210      
2.70818       -0.36952      
2.71307       -0.36696      
2.71795       -0.36442      
2.72284       -0.36189      
2.72773       -0.35939      
2.73261       -0.35690      
2.73750       -0.35443      
2.74239       -0.35197      
2.74727       -0.34954      
2.75216       -0.34712      
2.75705       -0.34471      
2.76193       -0.34233      
2.76682       -0.33996      
2.77171       -0.33760      
2.77659       -0.33527      
2.78148       -0.33295      
2.78637       -0.33064      
2.79125       -0.32836      
2.79614       -0.32609      
2.80103       -0.32383      
2.80591       -0.32159      
2.81080       -0.31937      
2.81569       -0.31716      
2.82057       -0.31496      
2.82546       -0.31279      
2.83035       -0.31062      
2.83523       -0.30848      
2.84012       -0.30634      
2.84501       -0.30423      
2.84989       -0.30212      
2.85478       -0.30004      
2.85967       -0.29796      
2.86455       -0.29590      
2.86944       -0.29386      
2.87433       -0.29183      
2.87921       -0.28981      
2.88410       -0.28781      
2.88899       -0.28582      
2.89387       -0.28385      
2.89876       -0.28189      
2.90365       -0.27994      
2.90853       -0.27801      
2.91342       -0.27609      
2.91830       -0.27419      
2.92319       -0.27229      
2.92808       -0.27041      
2.93296       -0.26855      
2.93785       -0.26670      
2.94274       -0.26486      
2.94762       -0.26303      
2.95251       -0.26121      
2.95740       -0.25941      
2.96228       -0.25762      
2.96717       -0.25584      
2.97206       -0.25408      
2.97694       -0.25233      
2.98183       -0.25059      
2.98672       -0.24886      
2.99160       -0.24714      
2.99649       -0.24544      
3.00138       -0.24375      
3.00626       -0.24207      
3.01115       -0.24040      
3.01604       -0.23874      
3.02092       -0.23710      
3.02581       -0.23546      
3.03070       -0.23384      
3.03558       -0.23223      
3.04047       -0.23063      
3.04536       -0.22904      
3.05024       -0.22747      
3.05513       -0.22590      
3.06002       -0.22434      
3.06490       -0.22280      
3.06979       -0.22126      
3.07468       -0.21974      
3.07956       -0.21823      
3.08445       -0.21673      
3.08934       -0.21523      
3.09422       -0.21375      
3.09911       -0.21228      
3.10400       -0.21082      
3.10888       -0.20937      
3.11377       -0.20793      
3.11866       -0.20650      
3.12354       -0.20508      
3.12843       -0.20367      
3.13332       -0.20227      
3.13820       -0.20088      
3.14309       -0.19949      
3.14798       -0.19812      
3.15286       -0.19676      
3.15775       -0.19541      
3.16264       -0.19406      
3.16752       -0.19273      
3.17241       -0.19140      
3.17730       -0.19009      
3.18218       -0.18878      
3.18707       -0.18749      
3.19196       -0.18620      
3.19684       -0.18492      
3.20173       -0.18365      
3.20661       -0.18239      
3.21150       -0.18113      
3.21639       -0.17989      
3.22127       -0.17865      
3.22616       -0.17743      
3.23105       -0.17621      
3.23593       -0.17500      
3.24082       -0.17380      
3.24571       -0.17260      
3.25059       -0.17142      
3.25548       -0.17024      
3.26037       -0.16907      
3.26525       -0.16791      
3.27014       -0.16676      
3.27503       -0.16561      
3.27991       -0.16448      
3.28480       -0.16335      
3.28969       -0.16223      
3.29457       -0.16112      
3.29946       -0.16001      
3.30435       -0.15891      
3.30923       -0.15782      
3.31412       -0.15674      
3.31901       -0.15567      
3.32389       -0.15460      
3.32878       -0.15354      
3.33367       -0.15249      
3.33855       -0.15144      
3.34344       -0.15040      
3.34833       -0.14937      
3.35321       -0.14835      
3.35810       -0.14733      
3.36299       -0.14632      
3.36787       -0.14532      
3.37276       -0.14432      
3.37765       -0.14333      
3.38253       -0.14235      
3.38742       -0.14138      
3.39231       -0.14041      
3.39719       -0.13945      
3.40208       -0.13849      
3.40697       -0.13754      
3.41185       -0.13660      
3.41674       -0.13566      
3.42163       -0.13474      
3.42651       -0.13381      
3.43140       -0.13290      
3.43629       -0.13199      
3.44117       -0.13108      
3.44606       -0.13019      
3.45095       -0.12930      
3.45583       -0.12841      
3.46072       -0.12753      
3.46561       -0.12666      
3.47049       -0.12579      
3.47538       -0.12493      
3.48026       -0.12408      
3.48515       -0.12323      
3.49004       -0.12239      
3.49492       -0.12155      
3.49981       -0.12072      
3.50470       -0.11989      
3.50958       -0.11907      
3.51447       -0.11826      
3.51936       -0.11745      
3.52424       -0.11665      
3.52913       -0.11585      
3.53402       -0.11506      
3.53890       -0.11427      
3.54379       -0.11349      
3.54868       -0.11271      
3.55356       -0.11194      
3.55845       -0.11118      
3.56334       -0.11042      
3.56822       -0.10967      
3.57311       -0.10892      
3.57800       -0.10817      
3.58288       -0.10743      
3.58777       -0.10670      
3.59266       -0.10597      
3.59754       -0.10525      
3.60243       -0.10453      
3.60732       -0.10381      
3.61220       -0.10311      
3.61709       -0.10240      
3.62198       -0.10170      
3.62686       -0.10101      
3.63175       -0.10032      
3.63664       -0.09963      
3.64152       -0.09895      
3.64641       -0.09828      
3.65130       -0.09761      
3.65618       -0.09694      
3.66107       -0.09628      
3.66596       -0.09562      
3.67084       -0.09497      
3.67573       -0.09432      
3.68062       -0.09368      
3.68550       -0.09304      
3.69039       -0.09241      
3.69528       -0.09178      
3.70016       -0.09115      
3.70505       -0.09053      
3.70994       -0.08991      
3.71482       -0.08930      
3.71971       -0.08869      
3.72460       -0.08809      
3.72948       -0.08749      
3.73437       -0.08689      
3.73926       -0.08630      
3.74414       -0.08571      
3.74903       -0.08513      
3.75391       -0.08455      
3.75880       -0.08397      
3.76369       -0.08340      
3.76857       -0.08283      
3.77346       -0.08227      
3.77835       -0.08171      
3.78323       -0.08115      
3.78812       -0.08060      
3.79301       -0.08005      
3.79789       -0.07950      
3.80278       -0.07896      
3.80767       -0.07842      
3.81255       -0.07789      
3.81744       -0.07736      
3.82233       -0.07683      
3.82721       -0.07631      
3.83210       -0.07579      
3.83699       -0.07527      
3.84187       -0.07476      
3.84676       -0.07425      
3.85165       -0.07375      
3.85653       -0.07325      
3.86142       -0.07275      
3.86631       -0.07225      
3.87119       -0.07176      
3.87608       -0.07127      
3.88097       -0.07079      
3.88585       -0.07031      
3.89074       -0.06983      
3.89563       -0.06936      
3.90051       -0.06888      
3.90540       -0.06842      
3.91029       -0.06795      
3.91517       -0.06749      
3.92006       -0.06703      
3.92495       -0.06657      
3.92983       -0.06612      
3.93472       -0.06567      
3.93961       -0.06523      
3.94449       -0.06478      
3.94938       -0.06434      
3.95427       -0.06391      
3.95915       -0.06347      
3.96404       -0.06304      
3.96893       -0.06261      
3.97381       -0.06219      
3.97870       -0.06176      
3.98359       -0.06135      
3.98847       -0.06093      
3.99336       -0.06051      
3.99825       -0.06010      
4.00313       -0.05970      
4.00802       -0.05929      
4.01291       -0.05889      
4.01779       -0.05849      
4.02268       -0.05809      
4.02757       -0.05770      
4.03245       -0.05731      
4.03734       -0.05692      
4.04222       -0.05653      
4.04711       -0.05615      
4.05200       -0.05577      
4.05688       -0.05539      
4.06177       -0.05501      
4.06666       -0.05464      
4.07154       -0.05427      
4.07643       -0.05390      
4.08132       -0.05353      
4.08620       -0.05317      
4.09109       -0.05281      
4.09598       -0.05245      
4.10086       -0.05210      
4.10575       -0.05174      
4.11064       -0.05139      
4.11552       -0.05105      
4.12041       -0.05070      
4.12530       -0.05036      
4.13018       -0.05001      
4.13507       -0.04968      
4.13996       -0.04934      
4.14484       -0.04900      
4.14973       -0.04867      
4.15462       -0.04834      
4.15950       -0.04802      
4.16439       -0.04769      
4.16928       -0.04737      
4.17416       -0.04705      
4.17905       -0.04673      
4.18394       -0.04641      
4.18882       -0.04610      
4.19371       -0.04579      
4.19860       -0.04548      
4.20348       -0.04517      
4.20837       -0.04486      
4.21326       -0.04456      
4.21814       -0.04426      
4.22303       -0.04396      
4.22792       -0.04366      
4.23280       -0.04336      
4.23769       -0.04307      
4.24258       -0.04278      
4.24746       -0.04249      
4.25235       -0.04220      
4.25724       -0.04192      
4.26212       -0.04163      
4.26701       -0.04135      
4.27190       -0.04107      
4.27678       -0.04079      
4.28167       -0.04052      
4.28656       -0.04024      
4.29144       -0.03997      
4.29633       -0.03970      
4.30122       -0.03943      
4.30610       -0.03917      
4.31099       -0.03890      
4.31587       -0.03864      
4.32076       -0.03838      
4.32565       -0.03812      
4.33053       -0.03786      
4.33542       -0.03761      
4.34031       -0.03735      
4.34519       -0.03710      
4.35008       -0.03685      
4.35497       -0.03660      
4.35985       -0.03635      
4.36474       -0.03611      
4.36963       -0.03586      
4.37451       -0.03562      
4.37940       -0.03538      
4.38429       -0.03514      
4.38917       -0.03490      
4.39406       -0.03467      
4.39895       -0.03443      
4.40383       -0.03420      
4.40872       -0.03397      
4.41361       -0.03374      
4.41849       -0.03351      
4.42338       -0.03329      
4.42827       -0.03306      
4.43315       -0.03284      
4.43804       -0.03262      
4.44293       -0.03240      
4.44781       -0.03218      
4.45270       -0.03196      
4.45759       -0.03175      
4.46247       -0.03153      
4.46736       -0.03132      
4.47225       -0.03111      
4.47713       -0.03090      
4.48202       -0.03069      
4.48691       -0.03048      
4.49179       -0.03028      
4.49668       -0.03007      
4.50157       -0.02987      
4.50645       -0.02967      
4.51134       -0.02947      
4.51623       -0.02927      
4.52111       -0.02907      
4.52600       -0.02888      
4.53089       -0.02868      
4.53577       -0.02849      
4.54066       -0.02830      
4.54555       -0.02811      
4.55043       -0.02792      
4.55532       -0.02773      
4.56021       -0.02754      
4.56509       -0.02736      
4.56998       -0.02717      
4.57487       -0.02699      
4.57975       -0.02681      
4.58464       -0.02663      
4.58952       -0.02645      
4.59441       -0.02627      
4.59930       -0.02609      
4.60418       -0.02592      
4.60907       -0.02574      
4.61396       -0.02557      
4.61884       -0.02540      
4.62373       -0.02523      
4.62862       -0.02506      
4.63350       -0.02489      
4.63839       -0.02472      
4.64328       -0.02456      
4.64816       -0.02439      
4.65305       -0.02423      
4.65794       -0.02406      
4.66282       -0.02390      
4.66771       -0.02374      
4.67260       -0.02358      
4.67748       -0.02342      
4.68237       -0.02327      
4.68726       -0.02311      
4.69214       -0.02295      
4.69703       -0.02280      
4.70192       -0.02265      
4.70680       -0.02249      
4.71169       -0.02234      
4.71658       -0.02219      
4.72146       -0.02204      
4.72635       -0.02190      
4.73124       -0.02175      
4.73612       -0.02160      
4.74101       -0.02146      
4.74590       -0.02131      
4.75078       -0.02117      
4.75567       -0.02103      
4.76056       -0.02089      
4.76544       -0.02075      
4.77033       -0.02061      
4.77522       -0.02047      
4.78010       -0.02033      
4.78499       -0.02019      
4.78988       -0.02006      
4.79476       -0.01992      
4.79965       -0.01979      
4.80454       -0.01966      
4.80942       -0.01953      
4.81431       -0.01939      
4.81920       -0.01926      
4.82408       -0.01913      
4.82897       -0.01901      
4.83386       -0.01888      
4.83874       -0.01875      
4.84363       -0.01863      
4.84852       -0.01850      
4.85340       -0.01838      
4.85829       -0.01825      
4.86317       -0.01813      
4.86806       -0.01801      
4.87295       -0.01789      
4.87783       -0.01777      
4.88272       -0.01765      
4.88761       -0.01753      
4.89249       -0.01741      
4.89738       -0.01730      
4.90227       -0.01718      
4.90715       -0.01707      
4.91204       -0.01695      
4.91693       -0.01684      
4.92181       -0.01673      
4.92670       -0.01661      
4.93159       -0.01650      
4.93647       -0.01639      
4.94136       -0.01628      
4.94625       -0.01617      
4.95113       -0.01606      
4.95602       -0.01596      
4.96091       -0.01585      
4.96579       -0.01574      
4.97068       -0.01564      
4.97557       -0.01553      
4.98045       -0.01543      
4.98534       -0.01533      
4.99023       -0.01522      
4.99511       -0.01512      
5.00000       -0.01502      
