0.00100       999999999995992510300160.00000
0.00589       577588570142784.75000
0.01077       409124583285.80933
0.01566       4597878310.00147
0.02055       176670176.43011
0.02543       13652865.25071
0.03032       1657050.56856 
0.03521       275877.25194  
0.04009       58066.71474   
0.04498       14674.14499   
0.04987       4313.18524    
0.05475       1453.33941    
0.05964       562.93481     
0.06453       255.10959     
0.06941       137.41702     
0.07430       87.69997      
0.07919       63.87491      
0.08407       51.25662      
0.08896       43.59500      
0.09385       38.21094      
0.09873       33.92380      
0.10362       31.16666      
0.10851       28.88002      
0.11339       26.87077      
0.11828       24.92757      
0.12317       23.58140      
0.12805       22.37773      
0.13294       21.25197      
0.13783       20.78384      
0.14271       19.98578      
0.14760       19.47361      
0.15248       19.02575      
0.15737       18.43529      
0.16226       18.14217      
0.16714       17.48702      
0.17203       16.74434      
0.17692       15.39069      
0.18180       13.17487      
0.18669       10.32037      
0.19158       7.29156       
0.19646       4.36032       
0.20135       1.71994       
0.20624       -0.52458      
0.21112       -2.45145      
0.21601       -4.25741      
0.22090       -5.49555      
0.22578       -6.62002      
0.23067       -7.59968      
0.23556       -8.28215      
0.24044       -8.92045      
0.24533       -9.16379      
0.25022       -9.29158      
0.25510       -9.47464      
0.25999       -9.38679      
0.26488       -9.07057      
0.26976       -8.78447      
0.27465       -8.65365      
0.27954       -8.21686      
0.28442       -7.66209      
0.28931       -7.32057      
0.29420       -6.92628      
0.29908       -6.53571      
0.30397       -6.00452      
0.30886       -5.53673      
0.31374       -5.24891      
0.31863       -4.99340      
0.32352       -4.62086      
0.32840       -4.24107      
0.33329       -4.10473      
0.33818       -3.82392      
0.34306       -3.49265      
0.34795       -3.29452      
0.35284       -3.12851      
0.35772       -2.83155      
0.36261       -2.57164      
0.36750       -2.39569      
0.37238       -2.09454      
0.37727       -1.79977      
0.38216       -1.49732      
0.38704       -1.22085      
0.39193       -0.99943      
0.39682       -0.74065      
0.40170       -0.57162      
0.40659       -0.26506      
0.41148       -0.27569      
0.41636       -0.27465      
0.42125       -0.12437      
0.42613       -0.23443      
0.43102       -0.33082      
0.43591       -0.30763      
0.44079       -0.38138      
0.44568       -0.44245      
0.45057       -0.47382      
0.45545       -0.51215      
0.46034       -0.65052      
0.46523       -0.62135      
0.47011       -0.60292      
0.47500       -0.58091      
0.47989       -0.63545      
0.48477       -0.68650      
0.48966       -0.61346      
0.49455       -0.55930      
0.49943       -0.57833      
0.50432       -0.58294      
0.50921       -0.52863      
0.51409       -0.47988      
0.51898       -0.48178      
0.52387       -0.57786      
0.52875       -0.64889      
0.53364       -0.56654      
0.53853       -0.51746      
0.54341       -0.55192      
0.54830       -0.57975      
0.55319       -0.53902      
0.55807       -0.51032      
0.56296       -0.58408      
0.56785       -0.66566      
0.57273       -0.60894      
0.57762       -0.54592      
0.58251       -0.61978      
0.58739       -0.63799      
0.59228       -0.56819      
0.59717       -0.54962      
0.60205       -0.56556      
0.60694       -0.58743      
0.61183       -0.59239      
0.61671       -0.59642      
0.62160       -0.59640      
0.62649       -0.58207      
0.63137       -0.61124      
0.63626       -0.61618      
0.64115       -0.55761      
0.64603       -0.44282      
0.65092       -0.38373      
0.65581       -0.46097      
0.66069       -0.52081      
0.66558       -0.45040      
0.67047       -0.30690      
0.67535       -0.38330      
0.68024       -0.49975      
0.68513       -0.29042      
0.69001       -0.22662      
0.69490       -0.32466      
0.69978       -0.22651      
0.70467       -0.12545      
0.70956       -0.15944      
0.71444       -0.18421      
0.71933       -0.14531      
0.72422       -0.10052      
0.72910       -0.12032      
0.73399       -0.15674      
0.73888       -0.11374      
0.74376       -0.03469      
0.74865       -0.00933      
0.75354       -0.01226      
0.75842       -0.03415      
0.76331       -0.04801      
0.76820       0.02035       
0.77308       0.10939       
0.77797       -0.00081      
0.78286       -0.00347      
0.78774       0.06723       
0.79263       0.11176       
0.79752       0.03534       
0.80240       -0.00335      
0.80729       0.02403       
0.81218       0.00762       
0.81706       -0.01711      
0.82195       -0.05001      
0.82684       -0.06352      
0.83172       -0.00442      
0.83661       0.01929       
0.84150       -0.16728      
0.84638       -0.14593      
0.85127       0.00629       
0.85616       -0.14282      
0.86104       -0.17424      
0.86593       -0.05486      
0.87082       -0.02782      
0.87570       -0.08527      
0.88059       -0.16504      
0.88548       -0.18195      
0.89036       -0.16852      
0.89525       -0.12524      
0.90014       -0.16937      
0.90502       -0.20471      
0.90991       -0.19985      
0.91480       -0.16975      
0.91968       -0.13565      
0.92457       -0.11523      
0.92946       -0.16600      
0.93434       -0.25565      
0.93923       -0.21004      
0.94412       -0.14732      
0.94900       -0.15863      
0.95389       -0.16312      
0.95878       -0.14599      
0.96366       -0.14866      
0.96855       -0.13376      
0.97343       -0.05716      
0.97832       0.00003       
0.98321       -0.03735      
0.98809       -0.11422      
0.99298       -0.09194      
0.99787       -0.03566      
1.00275       -0.03189      
1.00764       -0.05745      
1.01253       -0.06242      
1.01741       -0.02530      
1.02230       -0.05659      
1.02719       -0.08631      
1.03207       -0.00361      
1.03696       0.05323       
1.04185       -0.05374      
1.04673       -0.12458      
1.05162       -0.00701      
1.05651       0.05166       
1.06139       0.04814       
1.06628       0.02087       
1.07117       0.01462       
1.07605       0.03511       
1.08094       0.05137       
1.08583       0.02691       
1.09071       0.04929       
1.09560       0.09294       
1.10049       0.06937       
1.10537       -0.00024      
1.11026       0.02372       
1.11515       0.12718       
1.12003       0.07945       
1.12492       -0.07056      
1.12981       0.00298       
1.13469       0.07322       
1.13958       0.05253       
1.14447       0.02703       
1.14935       0.01610       
1.15424       0.00677       
1.15913       0.01304       
1.16401       0.01344       
1.16890       0.00936       
1.17379       0.01182       
1.17867       0.01636       
1.18356       0.04609       
1.18845       0.06649       
1.19333       0.05002       
1.19822       -0.03261      
1.20311       -0.03066      
1.20799       0.09258       
1.21288       0.04773       
1.21777       -0.01014      
1.22265       0.02194       
1.22754       -0.01035      
1.23243       0.02497       
1.23731       0.08253       
1.24220       0.02787       
1.24709       0.03079       
1.25197       0.07918       
1.25686       0.04754       
1.26174       0.01686       
1.26663       0.06131       
1.27152       0.12859       
1.27640       0.08226       
1.28129       -0.01016      
1.28618       -0.00371      
1.29106       0.03837       
1.29595       0.07792       
1.30084       0.08430       
1.30572       0.04863       
1.31061       0.04504       
1.31550       0.10560       
1.32038       0.06807       
1.32527       0.02028       
1.33016       0.01976       
1.33504       0.03529       
1.33993       0.06187       
1.34482       0.06971       
1.34970       0.01302       
1.35459       -0.00127      
1.35948       0.05558       
1.36436       0.08063       
1.36925       0.06114       
1.37414       0.07463       
1.37902       0.07235       
1.38391       0.05269       
1.38880       0.04153       
1.39368       0.05843       
1.39857       0.05964       
1.40346       0.07276       
1.40834       0.07774       
1.41323       0.02344       
1.41812       0.00680       
1.42300       0.03816       
1.42789       0.03194       
1.43278       0.00873       
1.43766       0.03194       
1.44255       0.02546       
1.44744       -0.00975      
1.45232       0.02609       
1.45721       0.04092       
1.46210       -0.00367      
1.46698       0.00196       
1.47187       0.08304       
1.47676       -0.01656      
1.48164       0.00279       
1.48653       0.08395       
1.49142       0.09868       
1.49630       0.03381       
1.50119       -0.02337      
1.50608       -0.02309      
1.51096       -0.02283      
1.51585       -0.02257      
1.52074       -0.02231      
1.52562       -0.02205      
1.53051       -0.02180      
1.53539       -0.02155      
1.54028       -0.02131      
1.54517       -0.02107      
1.55005       -0.02083      
1.55494       -0.02059      
1.55983       -0.02036      
1.56471       -0.02014      
1.56960       -0.01991      
1.57449       -0.01969      
1.57937       -0.01947      
1.58426       -0.01926      
1.58915       -0.01904      
1.59403       -0.01883      
1.59892       -0.01863      
1.60381       -0.01842      
1.60869       -0.01822      
1.61358       -0.01803      
1.61847       -0.01783      
1.62335       -0.01764      
1.62824       -0.01745      
1.63313       -0.01726      
1.63801       -0.01708      
1.64290       -0.01689      
1.64779       -0.01671      
1.65267       -0.01654      
1.65756       -0.01636      
1.66245       -0.01619      
1.66733       -0.01602      
1.67222       -0.01585      
1.67711       -0.01568      
1.68199       -0.01552      
1.68688       -0.01536      
1.69177       -0.01520      
1.69665       -0.01504      
1.70154       -0.01489      
1.70643       -0.01473      
1.71131       -0.01458      
1.71620       -0.01443      
1.72109       -0.01428      
1.72597       -0.01414      
1.73086       -0.01399      
1.73575       -0.01385      
1.74063       -0.01371      
1.74552       -0.01357      
1.75041       -0.01344      
1.75529       -0.01330      
1.76018       -0.01317      
1.76507       -0.01304      
1.76995       -0.01291      
1.77484       -0.01278      
1.77973       -0.01265      
1.78461       -0.01253      
1.78950       -0.01240      
1.79439       -0.01228      
1.79927       -0.01216      
1.80416       -0.01204      
1.80904       -0.01192      
1.81393       -0.01181      
1.81882       -0.01169      
1.82370       -0.01158      
1.82859       -0.01147      
1.83348       -0.01136      
1.83836       -0.01125      
1.84325       -0.01114      
1.84814       -0.01103      
1.85302       -0.01093      
1.85791       -0.01082      
1.86280       -0.01072      
1.86768       -0.01062      
1.87257       -0.01052      
1.87746       -0.01042      
1.88234       -0.01032      
1.88723       -0.01022      
1.89212       -0.01013      
1.89700       -0.01003      
1.90189       -0.00994      
1.90678       -0.00985      
1.91166       -0.00975      
1.91655       -0.00966      
1.92144       -0.00957      
1.92632       -0.00949      
1.93121       -0.00940      
1.93610       -0.00931      
1.94098       -0.00923      
1.94587       -0.00914      
1.95076       -0.00906      
1.95564       -0.00898      
1.96053       -0.00890      
1.96542       -0.00881      
1.97030       -0.00873      
1.97519       -0.00866      
1.98008       -0.00858      
1.98496       -0.00850      
1.98985       -0.00842      
1.99474       -0.00835      
1.99962       -0.00828      
2.00451       -0.00820      
2.00940       -0.00813      
2.01428       -0.00806      
2.01917       -0.00799      
2.02406       -0.00791      
2.02894       -0.00785      
2.03383       -0.00778      
2.03872       -0.00771      
2.04360       -0.00764      
2.04849       -0.00757      
2.05338       -0.00751      
2.05826       -0.00744      
2.06315       -0.00738      
2.06804       -0.00731      
2.07292       -0.00725      
2.07781       -0.00719      
2.08270       -0.00713      
2.08758       -0.00707      
2.09247       -0.00700      
2.09735       -0.00695      
2.10224       -0.00689      
2.10713       -0.00683      
2.11201       -0.00677      
2.11690       -0.00671      
2.12179       -0.00665      
2.12667       -0.00660      
2.13156       -0.00654      
2.13645       -0.00649      
2.14133       -0.00643      
2.14622       -0.00638      
2.15111       -0.00633      
2.15599       -0.00627      
2.16088       -0.00622      
2.16577       -0.00617      
2.17065       -0.00612      
2.17554       -0.00607      
2.18043       -0.00602      
2.18531       -0.00597      
2.19020       -0.00592      
2.19509       -0.00587      
2.19997       -0.00582      
2.20486       -0.00578      
2.20975       -0.00573      
2.21463       -0.00568      
2.21952       -0.00564      
2.22441       -0.00559      
2.22929       -0.00554      
2.23418       -0.00550      
2.23907       -0.00545      
2.24395       -0.00541      
2.24884       -0.00537      
2.25373       -0.00532      
2.25861       -0.00528      
2.26350       -0.00524      
2.26839       -0.00520      
2.27327       -0.00516      
2.27816       -0.00512      
2.28305       -0.00508      
2.28793       -0.00503      
2.29282       -0.00500      
2.29771       -0.00496      
2.30259       -0.00492      
2.30748       -0.00488      
2.31237       -0.00484      
2.31725       -0.00480      
2.32214       -0.00476      
2.32703       -0.00473      
2.33191       -0.00469      
2.33680       -0.00465      
2.34169       -0.00462      
2.34657       -0.00458      
2.35146       -0.00455      
2.35635       -0.00451      
2.36123       -0.00448      
2.36612       -0.00444      
2.37100       -0.00441      
2.37589       -0.00438      
2.38078       -0.00434      
2.38566       -0.00431      
2.39055       -0.00428      
2.39544       -0.00424      
2.40032       -0.00421      
2.40521       -0.00418      
2.41010       -0.00415      
2.41498       -0.00412      
2.41987       -0.00409      
2.42476       -0.00405      
2.42964       -0.00402      
2.43453       -0.00399      
2.43942       -0.00396      
2.44430       -0.00393      
2.44919       -0.00391      
2.45408       -0.00388      
2.45896       -0.00385      
2.46385       -0.00382      
2.46874       -0.00379      
2.47362       -0.00376      
2.47851       -0.00373      
2.48340       -0.00371      
2.48828       -0.00368      
2.49317       -0.00365      
2.49806       -0.00363      
2.50294       -0.00360      
2.50783       -0.00357      
2.51272       -0.00355      
2.51760       -0.00352      
2.52249       -0.00350      
2.52738       -0.00347      
2.53226       -0.00345      
2.53715       -0.00342      
2.54204       -0.00340      
2.54692       -0.00337      
2.55181       -0.00335      
2.55670       -0.00332      
2.56158       -0.00330      
2.56647       -0.00328      
2.57136       -0.00325      
2.57624       -0.00323      
2.58113       -0.00321      
2.58602       -0.00318      
2.59090       -0.00316      
2.59579       -0.00314      
2.60068       -0.00312      
2.60556       -0.00309      
2.61045       -0.00307      
2.61534       -0.00305      
2.62022       -0.00303      
2.62511       -0.00301      
2.63000       -0.00299      
2.63488       -0.00297      
2.63977       -0.00295      
2.64465       -0.00293      
2.64954       -0.00290      
2.65443       -0.00288      
2.65931       -0.00286      
2.66420       -0.00284      
2.66909       -0.00283      
2.67397       -0.00281      
2.67886       -0.00279      
2.68375       -0.00277      
2.68863       -0.00275      
2.69352       -0.00273      
2.69841       -0.00271      
2.70329       -0.00269      
2.70818       -0.00267      
2.71307       -0.00266      
2.71795       -0.00264      
2.72284       -0.00262      
2.72773       -0.00260      
2.73261       -0.00258      
2.73750       -0.00257      
2.74239       -0.00255      
2.74727       -0.00253      
2.75216       -0.00251      
2.75705       -0.00250      
2.76193       -0.00248      
2.76682       -0.00246      
2.77171       -0.00245      
2.77659       -0.00243      
2.78148       -0.00242      
2.78637       -0.00240      
2.79125       -0.00238      
2.79614       -0.00237      
2.80103       -0.00235      
2.80591       -0.00234      
2.81080       -0.00232      
2.81569       -0.00231      
2.82057       -0.00229      
2.82546       -0.00228      
2.83035       -0.00226      
2.83523       -0.00225      
2.84012       -0.00223      
2.84501       -0.00222      
2.84989       -0.00220      
2.85478       -0.00219      
2.85967       -0.00217      
2.86455       -0.00216      
2.86944       -0.00214      
2.87433       -0.00213      
2.87921       -0.00212      
2.88410       -0.00210      
2.88899       -0.00209      
2.89387       -0.00208      
2.89876       -0.00206      
2.90365       -0.00205      
2.90853       -0.00204      
2.91342       -0.00202      
2.91830       -0.00201      
2.92319       -0.00200      
2.92808       -0.00199      
2.93296       -0.00197      
2.93785       -0.00196      
2.94274       -0.00195      
2.94762       -0.00194      
2.95251       -0.00192      
2.95740       -0.00191      
2.96228       -0.00190      
2.96717       -0.00189      
2.97206       -0.00187      
2.97694       -0.00186      
2.98183       -0.00185      
2.98672       -0.00184      
2.99160       -0.00183      
2.99649       -0.00182      
3.00138       -0.00181      
3.00626       -0.00179      
3.01115       -0.00178      
3.01604       -0.00177      
3.02092       -0.00176      
3.02581       -0.00175      
3.03070       -0.00174      
3.03558       -0.00173      
3.04047       -0.00172      
3.04536       -0.00171      
3.05024       -0.00170      
3.05513       -0.00169      
3.06002       -0.00168      
3.06490       -0.00167      
3.06979       -0.00166      
3.07468       -0.00164      
3.07956       -0.00163      
3.08445       -0.00162      
3.08934       -0.00162      
3.09422       -0.00161      
3.09911       -0.00160      
3.10400       -0.00159      
3.10888       -0.00158      
3.11377       -0.00157      
3.11866       -0.00156      
3.12354       -0.00155      
3.12843       -0.00154      
3.13332       -0.00153      
3.13820       -0.00152      
3.14309       -0.00151      
3.14798       -0.00150      
3.15286       -0.00149      
3.15775       -0.00148      
3.16264       -0.00147      
3.16752       -0.00147      
3.17241       -0.00146      
3.17730       -0.00145      
3.18218       -0.00144      
3.18707       -0.00143      
3.19196       -0.00142      
3.19684       -0.00141      
3.20173       -0.00141      
3.20661       -0.00140      
3.21150       -0.00139      
3.21639       -0.00138      
3.22127       -0.00137      
3.22616       -0.00137      
3.23105       -0.00136      
3.23593       -0.00135      
3.24082       -0.00134      
3.24571       -0.00133      
3.25059       -0.00133      
3.25548       -0.00132      
3.26037       -0.00131      
3.26525       -0.00130      
3.27014       -0.00130      
3.27503       -0.00129      
3.27991       -0.00128      
3.28480       -0.00127      
3.28969       -0.00127      
3.29457       -0.00126      
3.29946       -0.00125      
3.30435       -0.00124      
3.30923       -0.00124      
3.31412       -0.00123      
3.31901       -0.00122      
3.32389       -0.00122      
3.32878       -0.00121      
3.33367       -0.00120      
3.33855       -0.00119      
3.34344       -0.00119      
3.34833       -0.00118      
3.35321       -0.00117      
3.35810       -0.00117      
3.36299       -0.00116      
3.36787       -0.00115      
3.37276       -0.00115      
3.37765       -0.00114      
3.38253       -0.00114      
3.38742       -0.00113      
3.39231       -0.00112      
3.39719       -0.00112      
3.40208       -0.00111      
3.40697       -0.00110      
3.41185       -0.00110      
3.41674       -0.00109      
3.42163       -0.00109      
3.42651       -0.00108      
3.43140       -0.00107      
3.43629       -0.00107      
3.44117       -0.00106      
3.44606       -0.00106      
3.45095       -0.00105      
3.45583       -0.00104      
3.46072       -0.00104      
3.46561       -0.00103      
3.47049       -0.00103      
3.47538       -0.00102      
3.48026       -0.00102      
3.48515       -0.00101      
3.49004       -0.00100      
3.49492       -0.00100      
3.49981       -0.00099      
3.50470       -0.00099      
3.50958       -0.00098      
3.51447       -0.00098      
3.51936       -0.00097      
3.52424       -0.00097      
3.52913       -0.00096      
3.53402       -0.00096      
3.53890       -0.00095      
3.54379       -0.00095      
3.54868       -0.00094      
3.55356       -0.00094      
3.55845       -0.00093      
3.56334       -0.00093      
3.56822       -0.00092      
3.57311       -0.00092      
3.57800       -0.00091      
3.58288       -0.00091      
3.58777       -0.00090      
3.59266       -0.00090      
3.59754       -0.00089      
3.60243       -0.00089      
3.60732       -0.00088      
3.61220       -0.00088      
3.61709       -0.00087      
3.62198       -0.00087      
3.62686       -0.00086      
3.63175       -0.00086      
3.63664       -0.00085      
3.64152       -0.00085      
3.64641       -0.00084      
3.65130       -0.00084      
3.65618       -0.00084      
3.66107       -0.00083      
3.66596       -0.00083      
3.67084       -0.00082      
3.67573       -0.00082      
3.68062       -0.00081      
3.68550       -0.00081      
3.69039       -0.00081      
3.69528       -0.00080      
3.70016       -0.00080      
3.70505       -0.00079      
3.70994       -0.00079      
3.71482       -0.00078      
3.71971       -0.00078      
3.72460       -0.00078      
3.72948       -0.00077      
3.73437       -0.00077      
3.73926       -0.00076      
3.74414       -0.00076      
3.74903       -0.00076      
3.75391       -0.00075      
3.75880       -0.00075      
3.76369       -0.00074      
3.76857       -0.00074      
3.77346       -0.00074      
3.77835       -0.00073      
3.78323       -0.00073      
3.78812       -0.00073      
3.79301       -0.00072      
3.79789       -0.00072      
3.80278       -0.00071      
3.80767       -0.00071      
3.81255       -0.00071      
3.81744       -0.00070      
3.82233       -0.00070      
3.82721       -0.00070      
3.83210       -0.00069      
3.83699       -0.00069      
3.84187       -0.00069      
3.84676       -0.00068      
3.85165       -0.00068      
3.85653       -0.00068      
3.86142       -0.00067      
3.86631       -0.00067      
3.87119       -0.00067      
3.87608       -0.00066      
3.88097       -0.00066      
3.88585       -0.00066      
3.89074       -0.00065      
3.89563       -0.00065      
3.90051       -0.00065      
3.90540       -0.00064      
3.91029       -0.00064      
3.91517       -0.00064      
3.92006       -0.00063      
3.92495       -0.00063      
3.92983       -0.00063      
3.93472       -0.00062      
3.93961       -0.00062      
3.94449       -0.00062      
3.94938       -0.00061      
3.95427       -0.00061      
3.95915       -0.00061      
3.96404       -0.00061      
3.96893       -0.00060      
3.97381       -0.00060      
3.97870       -0.00060      
3.98359       -0.00059      
3.98847       -0.00059      
3.99336       -0.00059      
3.99825       -0.00058      
4.00313       -0.00058      
4.00802       -0.00058      
4.01291       -0.00058      
4.01779       -0.00057      
4.02268       -0.00057      
4.02757       -0.00057      
4.03245       -0.00057      
4.03734       -0.00056      
4.04222       -0.00056      
4.04711       -0.00056      
4.05200       -0.00055      
4.05688       -0.00055      
4.06177       -0.00055      
4.06666       -0.00055      
4.07154       -0.00054      
4.07643       -0.00054      
4.08132       -0.00054      
4.08620       -0.00054      
4.09109       -0.00053      
4.09598       -0.00053      
4.10086       -0.00053      
4.10575       -0.00053      
4.11064       -0.00052      
4.11552       -0.00052      
4.12041       -0.00052      
4.12530       -0.00052      
4.13018       -0.00051      
4.13507       -0.00051      
4.13996       -0.00051      
4.14484       -0.00051      
4.14973       -0.00050      
4.15462       -0.00050      
4.15950       -0.00050      
4.16439       -0.00050      
4.16928       -0.00049      
4.17416       -0.00049      
4.17905       -0.00049      
4.18394       -0.00049      
4.18882       -0.00048      
4.19371       -0.00048      
4.19860       -0.00048      
4.20348       -0.00048      
4.20837       -0.00048      
4.21326       -0.00047      
4.21814       -0.00047      
4.22303       -0.00047      
4.22792       -0.00047      
4.23280       -0.00046      
4.23769       -0.00046      
4.24258       -0.00046      
4.24746       -0.00046      
4.25235       -0.00046      
4.25724       -0.00045      
4.26212       -0.00045      
4.26701       -0.00045      
4.27190       -0.00045      
4.27678       -0.00045      
4.28167       -0.00044      
4.28656       -0.00044      
4.29144       -0.00044      
4.29633       -0.00044      
4.30122       -0.00044      
4.30610       -0.00043      
4.31099       -0.00043      
4.31587       -0.00043      
4.32076       -0.00043      
4.32565       -0.00043      
4.33053       -0.00042      
4.33542       -0.00042      
4.34031       -0.00042      
4.34519       -0.00042      
4.35008       -0.00042      
4.35497       -0.00041      
4.35985       -0.00041      
4.36474       -0.00041      
4.36963       -0.00041      
4.37451       -0.00041      
4.37940       -0.00040      
4.38429       -0.00040      
4.38917       -0.00040      
4.39406       -0.00040      
4.39895       -0.00040      
4.40383       -0.00040      
4.40872       -0.00039      
4.41361       -0.00039      
4.41849       -0.00039      
4.42338       -0.00039      
4.42827       -0.00039      
4.43315       -0.00039      
4.43804       -0.00038      
4.44293       -0.00038      
4.44781       -0.00038      
4.45270       -0.00038      
4.45759       -0.00038      
4.46247       -0.00037      
4.46736       -0.00037      
4.47225       -0.00037      
4.47713       -0.00037      
4.48202       -0.00037      
4.48691       -0.00037      
4.49179       -0.00036      
4.49668       -0.00036      
4.50157       -0.00036      
4.50645       -0.00036      
4.51134       -0.00036      
4.51623       -0.00036      
4.52111       -0.00036      
4.52600       -0.00035      
4.53089       -0.00035      
4.53577       -0.00035      
4.54066       -0.00035      
4.54555       -0.00035      
4.55043       -0.00035      
4.55532       -0.00034      
4.56021       -0.00034      
4.56509       -0.00034      
4.56998       -0.00034      
4.57487       -0.00034      
4.57975       -0.00034      
4.58464       -0.00034      
4.58952       -0.00033      
4.59441       -0.00033      
4.59930       -0.00033      
4.60418       -0.00033      
4.60907       -0.00033      
4.61396       -0.00033      
4.61884       -0.00033      
4.62373       -0.00032      
4.62862       -0.00032      
4.63350       -0.00032      
4.63839       -0.00032      
4.64328       -0.00032      
4.64816       -0.00032      
4.65305       -0.00032      
4.65794       -0.00031      
4.66282       -0.00031      
4.66771       -0.00031      
4.67260       -0.00031      
4.67748       -0.00031      
4.68237       -0.00031      
4.68726       -0.00031      
4.69214       -0.00031      
4.69703       -0.00030      
4.70192       -0.00030      
4.70680       -0.00030      
4.71169       -0.00030      
4.71658       -0.00030      
4.72146       -0.00030      
4.72635       -0.00030      
4.73124       -0.00029      
4.73612       -0.00029      
4.74101       -0.00029      
4.74590       -0.00029      
4.75078       -0.00029      
4.75567       -0.00029      
4.76056       -0.00029      
4.76544       -0.00029      
4.77033       -0.00028      
4.77522       -0.00028      
4.78010       -0.00028      
4.78499       -0.00028      
4.78988       -0.00028      
4.79476       -0.00028      
4.79965       -0.00028      
4.80454       -0.00028      
4.80942       -0.00028      
4.81431       -0.00027      
4.81920       -0.00027      
4.82408       -0.00027      
4.82897       -0.00027      
4.83386       -0.00027      
4.83874       -0.00027      
4.84363       -0.00027      
4.84852       -0.00027      
4.85340       -0.00027      
4.85829       -0.00026      
4.86317       -0.00026      
4.86806       -0.00026      
4.87295       -0.00026      
4.87783       -0.00026      
4.88272       -0.00026      
4.88761       -0.00026      
4.89249       -0.00026      
4.89738       -0.00026      
4.90227       -0.00025      
4.90715       -0.00025      
4.91204       -0.00025      
4.91693       -0.00025      
4.92181       -0.00025      
4.92670       -0.00025      
4.93159       -0.00025      
4.93647       -0.00025      
4.94136       -0.00025      
4.94625       -0.00025      
4.95113       -0.00024      
4.95602       -0.00024      
4.96091       -0.00024      
4.96579       -0.00024      
4.97068       -0.00024      
4.97557       -0.00024      
4.98045       -0.00024      
4.98534       -0.00024      
4.99023       -0.00024      
4.99511       -0.00024      
5.00000       -0.00023      
