0.00100       999999999995992510300160.00000
0.00589       577588570142785.25000
0.01077       409124583286.27051
0.01566       4597878310.46266
0.02055       176670176.89135
0.02543       13652865.71199
0.03032       1657051.02988 
0.03521       275877.71330  
0.04009       58067.17614   
0.04498       14680.64074   
0.04987       4328.25334    
0.05475       1475.92124    
0.05964       592.15243     
0.06453       290.23760     
0.06941       173.43569     
0.07430       123.02738     
0.07919       98.71596      
0.08407       85.02282      
0.08896       76.50650      
0.09385       70.01902      
0.09873       64.62859      
0.10362       60.72918      
0.10851       57.48224      
0.11339       54.56757      
0.11828       51.88491      
0.12317       49.42299      
0.12805       47.67868      
0.13294       45.49816      
0.13783       43.83712      
0.14271       42.14340      
0.14760       39.77525      
0.15248       36.59651      
0.15737       31.92956      
0.16226       26.61194      
0.16714       21.82710      
0.17203       16.86719      
0.17692       12.94022      
0.18180       9.12362       
0.18669       6.05009       
0.19158       3.20336       
0.19646       0.66215       
0.20135       -1.58478      
0.20624       -3.53215      
0.21112       -5.19991      
0.21601       -6.57725      
0.22090       -7.66958      
0.22578       -8.54833      
0.23067       -9.14291      
0.23556       -9.58881      
0.24044       -9.86177      
0.24533       -9.98849      
0.25022       -9.98587      
0.25510       -9.70211      
0.25999       -9.52087      
0.26488       -9.32997      
0.26976       -8.88076      
0.27465       -8.47730      
0.27954       -8.23830      
0.28442       -7.83498      
0.28931       -7.50053      
0.29420       -7.19646      
0.29908       -6.92248      
0.30397       -6.60701      
0.30886       -6.40065      
0.31374       -6.00843      
0.31863       -5.74482      
0.32352       -5.44906      
0.32840       -5.09007      
0.33329       -4.78943      
0.33818       -4.56033      
0.34306       -4.18913      
0.34795       -3.90319      
0.35284       -3.66547      
0.35772       -3.23156      
0.36261       -2.98822      
0.36750       -2.76588      
0.37238       -2.45922      
0.37727       -2.21956      
0.38216       -2.02624      
0.38704       -1.79577      
0.39193       -1.55040      
0.39682       -1.38977      
0.40170       -1.11056      
0.40659       -0.82536      
0.41148       -0.69657      
0.41636       -0.38267      
0.42125       -0.26506      
0.42613       -0.18515      
0.43102       -0.07826      
0.43591       -0.04037      
0.44079       -0.11504      
0.44568       -0.16454      
0.45057       -0.07361      
0.45545       -0.06188      
0.46034       -0.20282      
0.46523       -0.12718      
0.47011       -0.14351      
0.47500       -0.18714      
0.47989       -0.20324      
0.48477       -0.21749      
0.48966       -0.25524      
0.49455       -0.21730      
0.49943       -0.20605      
0.50432       -0.25013      
0.50921       -0.21260      
0.51409       -0.25246      
0.51898       -0.37475      
0.52387       -0.26811      
0.52875       -0.29611      
0.53364       -0.30510      
0.53853       -0.34128      
0.54341       -0.36300      
0.54830       -0.29000      
0.55319       -0.35039      
0.55807       -0.32474      
0.56296       -0.28739      
0.56785       -0.29941      
0.57273       -0.33451      
0.57762       -0.33663      
0.58251       -0.36962      
0.58739       -0.35835      
0.59228       -0.27618      
0.59717       -0.33802      
0.60205       -0.32797      
0.60694       -0.27823      
0.61183       -0.28938      
0.61671       -0.30072      
0.62160       -0.29028      
0.62649       -0.18465      
0.63137       -0.05094      
0.63626       -0.23060      
0.64115       -0.33411      
0.64603       -0.01987      
0.65092       -0.21536      
0.65581       -0.15866      
0.66069       -0.11128      
0.66558       -0.08143      
0.67047       -0.09654      
0.67535       -0.10137      
0.68024       -0.00182      
0.68513       0.01172       
0.69001       -0.12062      
0.69490       0.03150       
0.69978       0.06594       
0.70467       -0.01104      
0.70956       -0.01398      
0.71444       0.06063       
0.71933       0.14050       
0.72422       0.17479       
0.72910       0.15534       
0.73399       0.14316       
0.73888       0.17106       
0.74376       0.20565       
0.74865       0.22578       
0.75354       0.23254       
0.75842       0.19257       
0.76331       0.18556       
0.76820       0.25391       
0.77308       0.26225       
0.77797       0.22029       
0.78286       0.23330       
0.78774       0.25415       
0.79263       0.25540       
0.79752       0.24266       
0.80240       0.23839       
0.80729       0.26930       
0.81218       0.21880       
0.81706       0.24325       
0.82195       0.21195       
0.82684       0.12342       
0.83172       0.20236       
0.83661       0.19514       
0.84150       0.17584       
0.84638       0.17891       
0.85127       0.15887       
0.85616       0.16639       
0.86104       0.21811       
0.86593       0.16909       
0.87082       0.21408       
0.87570       0.16675       
0.88059       0.12963       
0.88548       0.11517       
0.89036       0.11132       
0.89525       0.14980       
0.90014       0.09481       
0.90502       0.06668       
0.90991       0.08726       
0.91480       0.13459       
0.91968       0.08897       
0.92457       0.06613       
0.92946       0.13586       
0.93434       0.13695       
0.93923       0.14525       
0.94412       0.10143       
0.94900       -0.02542      
0.95389       0.06602       
0.95878       0.17883       
0.96366       0.08537       
0.96855       0.04240       
0.97343       0.13262       
0.97832       0.14821       
0.98321       0.10381       
0.98809       0.08437       
0.99298       0.14455       
0.99787       0.14840       
1.00275       0.07688       
1.00764       0.06944       
1.01253       0.08991       
1.01741       0.08135       
1.02230       0.05794       
1.02719       0.06765       
1.03207       0.12320       
1.03696       0.15007       
1.04185       0.15201       
1.04673       0.09608       
1.05162       0.07675       
1.05651       0.15837       
1.06139       0.19256       
1.06628       0.13365       
1.07117       0.12706       
1.07605       0.10475       
1.08094       0.09856       
1.08583       0.18104       
1.09071       0.13195       
1.09560       0.10394       
1.10049       0.09644       
1.10537       0.13488       
1.11026       0.15540       
1.11515       0.07069       
1.12003       0.04558       
1.12492       0.11042       
1.12981       0.08998       
1.13469       0.01314       
1.13958       0.06429       
1.14447       0.07570       
1.14935       0.05919       
1.15424       0.00954       
1.15913       0.09601       
1.16401       0.04567       
1.16890       -0.07183      
1.17379       -0.05964      
1.17867       0.01934       
1.18356       -0.02105      
1.18845       -0.04741      
1.19333       0.00874       
1.19822       0.03289       
1.20311       0.01765       
1.20799       -0.01509      
1.21288       0.01223       
1.21777       0.05718       
1.22265       0.03270       
1.22754       0.00648       
1.23243       0.01215       
1.23731       0.05301       
1.24220       0.01310       
1.24709       -0.00619      
1.25197       0.03472       
1.25686       -0.05073      
1.26174       0.01769       
1.26663       0.01796       
1.27152       -0.01964      
1.27640       -0.04640      
1.28129       -0.05340      
1.28618       0.00632       
1.29106       0.02942       
1.29595       -0.00051      
1.30084       -0.00853      
1.30572       0.03872       
1.31061       0.02305       
1.31550       -0.04484      
1.32038       -0.05820      
1.32527       0.06594       
1.33016       0.00218       
1.33504       -0.11821      
1.33993       -0.04351      
1.34482       0.05566       
1.34970       0.02017       
1.35459       0.00147       
1.35948       0.04683       
1.36436       0.00536       
1.36925       -0.09038      
1.37414       0.06745       
1.37902       -0.03212      
1.38391       0.04239       
1.38880       0.01619       
1.39368       0.08883       
1.39857       -0.10907      
1.40346       -0.00531      
1.40834       0.04200       
1.41323       -0.06653      
1.41812       -0.06160      
1.42300       0.00129       
1.42789       -0.01559      
1.43278       -0.04534      
1.43766       -0.01802      
1.44255       -0.01165      
1.44744       -0.03789      
1.45232       -0.03594      
1.45721       0.00220       
1.46210       0.01133       
1.46698       -0.02059      
1.47187       0.00209       
1.47676       -0.01026      
1.48164       0.03032       
1.48653       0.01896       
1.49142       0.00913       
1.49630       -0.01024      
1.50119       -0.02475      
1.50608       -0.02446      
1.51096       -0.02418      
1.51585       -0.02390      
1.52074       -0.02362      
1.52562       -0.02335      
1.53051       -0.02308      
1.53539       -0.02282      
1.54028       -0.02256      
1.54517       -0.02231      
1.55005       -0.02205      
1.55494       -0.02180      
1.55983       -0.02156      
1.56471       -0.02132      
1.56960       -0.02108      
1.57449       -0.02085      
1.57937       -0.02061      
1.58426       -0.02039      
1.58915       -0.02016      
1.59403       -0.01994      
1.59892       -0.01972      
1.60381       -0.01950      
1.60869       -0.01929      
1.61358       -0.01908      
1.61847       -0.01887      
1.62335       -0.01867      
1.62824       -0.01847      
1.63313       -0.01827      
1.63801       -0.01807      
1.64290       -0.01788      
1.64779       -0.01769      
1.65267       -0.01750      
1.65756       -0.01731      
1.66245       -0.01713      
1.66733       -0.01695      
1.67222       -0.01677      
1.67711       -0.01660      
1.68199       -0.01642      
1.68688       -0.01625      
1.69177       -0.01608      
1.69665       -0.01591      
1.70154       -0.01575      
1.70643       -0.01559      
1.71131       -0.01543      
1.71620       -0.01527      
1.72109       -0.01511      
1.72597       -0.01496      
1.73086       -0.01480      
1.73575       -0.01465      
1.74063       -0.01450      
1.74552       -0.01436      
1.75041       -0.01421      
1.75529       -0.01407      
1.76018       -0.01393      
1.76507       -0.01379      
1.76995       -0.01365      
1.77484       -0.01352      
1.77973       -0.01338      
1.78461       -0.01325      
1.78950       -0.01312      
1.79439       -0.01299      
1.79927       -0.01286      
1.80416       -0.01273      
1.80904       -0.01261      
1.81393       -0.01249      
1.81882       -0.01236      
1.82370       -0.01224      
1.82859       -0.01213      
1.83348       -0.01201      
1.83836       -0.01189      
1.84325       -0.01178      
1.84814       -0.01166      
1.85302       -0.01155      
1.85791       -0.01144      
1.86280       -0.01133      
1.86768       -0.01123      
1.87257       -0.01112      
1.87746       -0.01101      
1.88234       -0.01091      
1.88723       -0.01081      
1.89212       -0.01071      
1.89700       -0.01061      
1.90189       -0.01051      
1.90678       -0.01041      
1.91166       -0.01031      
1.91655       -0.01022      
1.92144       -0.01012      
1.92632       -0.01003      
1.93121       -0.00994      
1.93610       -0.00984      
1.94098       -0.00975      
1.94587       -0.00966      
1.95076       -0.00958      
1.95564       -0.00949      
1.96053       -0.00940      
1.96542       -0.00932      
1.97030       -0.00923      
1.97519       -0.00915      
1.98008       -0.00907      
1.98496       -0.00899      
1.98985       -0.00890      
1.99474       -0.00882      
1.99962       -0.00875      
2.00451       -0.00867      
2.00940       -0.00859      
2.01428       -0.00851      
2.01917       -0.00844      
2.02406       -0.00836      
2.02894       -0.00829      
2.03383       -0.00822      
2.03872       -0.00815      
2.04360       -0.00807      
2.04849       -0.00800      
2.05338       -0.00793      
2.05826       -0.00786      
2.06315       -0.00780      
2.06804       -0.00773      
2.07292       -0.00766      
2.07781       -0.00760      
2.08270       -0.00753      
2.08758       -0.00747      
2.09247       -0.00740      
2.09735       -0.00734      
2.10224       -0.00728      
2.10713       -0.00721      
2.11201       -0.00715      
2.11690       -0.00709      
2.12179       -0.00703      
2.12667       -0.00697      
2.13156       -0.00691      
2.13645       -0.00685      
2.14133       -0.00680      
2.14622       -0.00674      
2.15111       -0.00668      
2.15599       -0.00663      
2.16088       -0.00657      
2.16577       -0.00652      
2.17065       -0.00646      
2.17554       -0.00641      
2.18043       -0.00636      
2.18531       -0.00631      
2.19020       -0.00625      
2.19509       -0.00620      
2.19997       -0.00615      
2.20486       -0.00610      
2.20975       -0.00605      
2.21463       -0.00600      
2.21952       -0.00595      
2.22441       -0.00590      
2.22929       -0.00586      
2.23418       -0.00581      
2.23907       -0.00576      
2.24395       -0.00572      
2.24884       -0.00567      
2.25373       -0.00562      
2.25861       -0.00558      
2.26350       -0.00553      
2.26839       -0.00549      
2.27327       -0.00545      
2.27816       -0.00540      
2.28305       -0.00536      
2.28793       -0.00532      
2.29282       -0.00528      
2.29771       -0.00523      
2.30259       -0.00519      
2.30748       -0.00515      
2.31237       -0.00511      
2.31725       -0.00507      
2.32214       -0.00503      
2.32703       -0.00499      
2.33191       -0.00495      
2.33680       -0.00492      
2.34169       -0.00488      
2.34657       -0.00484      
2.35146       -0.00480      
2.35635       -0.00476      
2.36123       -0.00473      
2.36612       -0.00469      
2.37100       -0.00466      
2.37589       -0.00462      
2.38078       -0.00458      
2.38566       -0.00455      
2.39055       -0.00452      
2.39544       -0.00448      
2.40032       -0.00445      
2.40521       -0.00441      
2.41010       -0.00438      
2.41498       -0.00435      
2.41987       -0.00431      
2.42476       -0.00428      
2.42964       -0.00425      
2.43453       -0.00422      
2.43942       -0.00419      
2.44430       -0.00415      
2.44919       -0.00412      
2.45408       -0.00409      
2.45896       -0.00406      
2.46385       -0.00403      
2.46874       -0.00400      
2.47362       -0.00397      
2.47851       -0.00394      
2.48340       -0.00391      
2.48828       -0.00389      
2.49317       -0.00386      
2.49806       -0.00383      
2.50294       -0.00380      
2.50783       -0.00377      
2.51272       -0.00375      
2.51760       -0.00372      
2.52249       -0.00369      
2.52738       -0.00366      
2.53226       -0.00364      
2.53715       -0.00361      
2.54204       -0.00359      
2.54692       -0.00356      
2.55181       -0.00353      
2.55670       -0.00351      
2.56158       -0.00348      
2.56647       -0.00346      
2.57136       -0.00343      
2.57624       -0.00341      
2.58113       -0.00338      
2.58602       -0.00336      
2.59090       -0.00334      
2.59579       -0.00331      
2.60068       -0.00329      
2.60556       -0.00327      
2.61045       -0.00324      
2.61534       -0.00322      
2.62022       -0.00320      
2.62511       -0.00318      
2.63000       -0.00315      
2.63488       -0.00313      
2.63977       -0.00311      
2.64465       -0.00309      
2.64954       -0.00307      
2.65443       -0.00304      
2.65931       -0.00302      
2.66420       -0.00300      
2.66909       -0.00298      
2.67397       -0.00296      
2.67886       -0.00294      
2.68375       -0.00292      
2.68863       -0.00290      
2.69352       -0.00288      
2.69841       -0.00286      
2.70329       -0.00284      
2.70818       -0.00282      
2.71307       -0.00280      
2.71795       -0.00278      
2.72284       -0.00276      
2.72773       -0.00275      
2.73261       -0.00273      
2.73750       -0.00271      
2.74239       -0.00269      
2.74727       -0.00267      
2.75216       -0.00265      
2.75705       -0.00264      
2.76193       -0.00262      
2.76682       -0.00260      
2.77171       -0.00258      
2.77659       -0.00257      
2.78148       -0.00255      
2.78637       -0.00253      
2.79125       -0.00252      
2.79614       -0.00250      
2.80103       -0.00248      
2.80591       -0.00247      
2.81080       -0.00245      
2.81569       -0.00243      
2.82057       -0.00242      
2.82546       -0.00240      
2.83035       -0.00239      
2.83523       -0.00237      
2.84012       -0.00235      
2.84501       -0.00234      
2.84989       -0.00232      
2.85478       -0.00231      
2.85967       -0.00229      
2.86455       -0.00228      
2.86944       -0.00226      
2.87433       -0.00225      
2.87921       -0.00223      
2.88410       -0.00222      
2.88899       -0.00221      
2.89387       -0.00219      
2.89876       -0.00218      
2.90365       -0.00216      
2.90853       -0.00215      
2.91342       -0.00214      
2.91830       -0.00212      
2.92319       -0.00211      
2.92808       -0.00209      
2.93296       -0.00208      
2.93785       -0.00207      
2.94274       -0.00206      
2.94762       -0.00204      
2.95251       -0.00203      
2.95740       -0.00202      
2.96228       -0.00200      
2.96717       -0.00199      
2.97206       -0.00198      
2.97694       -0.00197      
2.98183       -0.00195      
2.98672       -0.00194      
2.99160       -0.00193      
2.99649       -0.00192      
3.00138       -0.00191      
3.00626       -0.00189      
3.01115       -0.00188      
3.01604       -0.00187      
3.02092       -0.00186      
3.02581       -0.00185      
3.03070       -0.00184      
3.03558       -0.00182      
3.04047       -0.00181      
3.04536       -0.00180      
3.05024       -0.00179      
3.05513       -0.00178      
3.06002       -0.00177      
3.06490       -0.00176      
3.06979       -0.00175      
3.07468       -0.00174      
3.07956       -0.00173      
3.08445       -0.00171      
3.08934       -0.00170      
3.09422       -0.00169      
3.09911       -0.00168      
3.10400       -0.00167      
3.10888       -0.00166      
3.11377       -0.00165      
3.11866       -0.00164      
3.12354       -0.00163      
3.12843       -0.00162      
3.13332       -0.00161      
3.13820       -0.00160      
3.14309       -0.00159      
3.14798       -0.00158      
3.15286       -0.00158      
3.15775       -0.00157      
3.16264       -0.00156      
3.16752       -0.00155      
3.17241       -0.00154      
3.17730       -0.00153      
3.18218       -0.00152      
3.18707       -0.00151      
3.19196       -0.00150      
3.19684       -0.00149      
3.20173       -0.00148      
3.20661       -0.00148      
3.21150       -0.00147      
3.21639       -0.00146      
3.22127       -0.00145      
3.22616       -0.00144      
3.23105       -0.00143      
3.23593       -0.00142      
3.24082       -0.00142      
3.24571       -0.00141      
3.25059       -0.00140      
3.25548       -0.00139      
3.26037       -0.00138      
3.26525       -0.00137      
3.27014       -0.00137      
3.27503       -0.00136      
3.27991       -0.00135      
3.28480       -0.00134      
3.28969       -0.00134      
3.29457       -0.00133      
3.29946       -0.00132      
3.30435       -0.00131      
3.30923       -0.00130      
3.31412       -0.00130      
3.31901       -0.00129      
3.32389       -0.00128      
3.32878       -0.00128      
3.33367       -0.00127      
3.33855       -0.00126      
3.34344       -0.00125      
3.34833       -0.00125      
3.35321       -0.00124      
3.35810       -0.00123      
3.36299       -0.00123      
3.36787       -0.00122      
3.37276       -0.00121      
3.37765       -0.00120      
3.38253       -0.00120      
3.38742       -0.00119      
3.39231       -0.00118      
3.39719       -0.00118      
3.40208       -0.00117      
3.40697       -0.00116      
3.41185       -0.00116      
3.41674       -0.00115      
3.42163       -0.00114      
3.42651       -0.00114      
3.43140       -0.00113      
3.43629       -0.00113      
3.44117       -0.00112      
3.44606       -0.00111      
3.45095       -0.00111      
3.45583       -0.00110      
3.46072       -0.00109      
3.46561       -0.00109      
3.47049       -0.00108      
3.47538       -0.00108      
3.48026       -0.00107      
3.48515       -0.00107      
3.49004       -0.00106      
3.49492       -0.00105      
3.49981       -0.00105      
3.50470       -0.00104      
3.50958       -0.00104      
3.51447       -0.00103      
3.51936       -0.00102      
3.52424       -0.00102      
3.52913       -0.00101      
3.53402       -0.00101      
3.53890       -0.00100      
3.54379       -0.00100      
3.54868       -0.00099      
3.55356       -0.00099      
3.55845       -0.00098      
3.56334       -0.00098      
3.56822       -0.00097      
3.57311       -0.00097      
3.57800       -0.00096      
3.58288       -0.00096      
3.58777       -0.00095      
3.59266       -0.00094      
3.59754       -0.00094      
3.60243       -0.00093      
3.60732       -0.00093      
3.61220       -0.00092      
3.61709       -0.00092      
3.62198       -0.00091      
3.62686       -0.00091      
3.63175       -0.00091      
3.63664       -0.00090      
3.64152       -0.00090      
3.64641       -0.00089      
3.65130       -0.00089      
3.65618       -0.00088      
3.66107       -0.00088      
3.66596       -0.00087      
3.67084       -0.00087      
3.67573       -0.00086      
3.68062       -0.00086      
3.68550       -0.00085      
3.69039       -0.00085      
3.69528       -0.00085      
3.70016       -0.00084      
3.70505       -0.00084      
3.70994       -0.00083      
3.71482       -0.00083      
3.71971       -0.00082      
3.72460       -0.00082      
3.72948       -0.00081      
3.73437       -0.00081      
3.73926       -0.00081      
3.74414       -0.00080      
3.74903       -0.00080      
3.75391       -0.00079      
3.75880       -0.00079      
3.76369       -0.00079      
3.76857       -0.00078      
3.77346       -0.00078      
3.77835       -0.00077      
3.78323       -0.00077      
3.78812       -0.00077      
3.79301       -0.00076      
3.79789       -0.00076      
3.80278       -0.00075      
3.80767       -0.00075      
3.81255       -0.00075      
3.81744       -0.00074      
3.82233       -0.00074      
3.82721       -0.00073      
3.83210       -0.00073      
3.83699       -0.00073      
3.84187       -0.00072      
3.84676       -0.00072      
3.85165       -0.00072      
3.85653       -0.00071      
3.86142       -0.00071      
3.86631       -0.00071      
3.87119       -0.00070      
3.87608       -0.00070      
3.88097       -0.00070      
3.88585       -0.00069      
3.89074       -0.00069      
3.89563       -0.00068      
3.90051       -0.00068      
3.90540       -0.00068      
3.91029       -0.00067      
3.91517       -0.00067      
3.92006       -0.00067      
3.92495       -0.00066      
3.92983       -0.00066      
3.93472       -0.00066      
3.93961       -0.00065      
3.94449       -0.00065      
3.94938       -0.00065      
3.95427       -0.00064      
3.95915       -0.00064      
3.96404       -0.00064      
3.96893       -0.00064      
3.97381       -0.00063      
3.97870       -0.00063      
3.98359       -0.00063      
3.98847       -0.00062      
3.99336       -0.00062      
3.99825       -0.00062      
4.00313       -0.00061      
4.00802       -0.00061      
4.01291       -0.00061      
4.01779       -0.00060      
4.02268       -0.00060      
4.02757       -0.00060      
4.03245       -0.00060      
4.03734       -0.00059      
4.04222       -0.00059      
4.04711       -0.00059      
4.05200       -0.00058      
4.05688       -0.00058      
4.06177       -0.00058      
4.06666       -0.00058      
4.07154       -0.00057      
4.07643       -0.00057      
4.08132       -0.00057      
4.08620       -0.00057      
4.09109       -0.00056      
4.09598       -0.00056      
4.10086       -0.00056      
4.10575       -0.00055      
4.11064       -0.00055      
4.11552       -0.00055      
4.12041       -0.00055      
4.12530       -0.00054      
4.13018       -0.00054      
4.13507       -0.00054      
4.13996       -0.00054      
4.14484       -0.00053      
4.14973       -0.00053      
4.15462       -0.00053      
4.15950       -0.00053      
4.16439       -0.00052      
4.16928       -0.00052      
4.17416       -0.00052      
4.17905       -0.00052      
4.18394       -0.00051      
4.18882       -0.00051      
4.19371       -0.00051      
4.19860       -0.00051      
4.20348       -0.00050      
4.20837       -0.00050      
4.21326       -0.00050      
4.21814       -0.00050      
4.22303       -0.00049      
4.22792       -0.00049      
4.23280       -0.00049      
4.23769       -0.00049      
4.24258       -0.00049      
4.24746       -0.00048      
4.25235       -0.00048      
4.25724       -0.00048      
4.26212       -0.00048      
4.26701       -0.00047      
4.27190       -0.00047      
4.27678       -0.00047      
4.28167       -0.00047      
4.28656       -0.00047      
4.29144       -0.00046      
4.29633       -0.00046      
4.30122       -0.00046      
4.30610       -0.00046      
4.31099       -0.00046      
4.31587       -0.00045      
4.32076       -0.00045      
4.32565       -0.00045      
4.33053       -0.00045      
4.33542       -0.00044      
4.34031       -0.00044      
4.34519       -0.00044      
4.35008       -0.00044      
4.35497       -0.00044      
4.35985       -0.00043      
4.36474       -0.00043      
4.36963       -0.00043      
4.37451       -0.00043      
4.37940       -0.00043      
4.38429       -0.00042      
4.38917       -0.00042      
4.39406       -0.00042      
4.39895       -0.00042      
4.40383       -0.00042      
4.40872       -0.00042      
4.41361       -0.00041      
4.41849       -0.00041      
4.42338       -0.00041      
4.42827       -0.00041      
4.43315       -0.00041      
4.43804       -0.00040      
4.44293       -0.00040      
4.44781       -0.00040      
4.45270       -0.00040      
4.45759       -0.00040      
4.46247       -0.00040      
4.46736       -0.00039      
4.47225       -0.00039      
4.47713       -0.00039      
4.48202       -0.00039      
4.48691       -0.00039      
4.49179       -0.00038      
4.49668       -0.00038      
4.50157       -0.00038      
4.50645       -0.00038      
4.51134       -0.00038      
4.51623       -0.00038      
4.52111       -0.00037      
4.52600       -0.00037      
4.53089       -0.00037      
4.53577       -0.00037      
4.54066       -0.00037      
4.54555       -0.00037      
4.55043       -0.00036      
4.55532       -0.00036      
4.56021       -0.00036      
4.56509       -0.00036      
4.56998       -0.00036      
4.57487       -0.00036      
4.57975       -0.00036      
4.58464       -0.00035      
4.58952       -0.00035      
4.59441       -0.00035      
4.59930       -0.00035      
4.60418       -0.00035      
4.60907       -0.00035      
4.61396       -0.00034      
4.61884       -0.00034      
4.62373       -0.00034      
4.62862       -0.00034      
4.63350       -0.00034      
4.63839       -0.00034      
4.64328       -0.00034      
4.64816       -0.00033      
4.65305       -0.00033      
4.65794       -0.00033      
4.66282       -0.00033      
4.66771       -0.00033      
4.67260       -0.00033      
4.67748       -0.00033      
4.68237       -0.00032      
4.68726       -0.00032      
4.69214       -0.00032      
4.69703       -0.00032      
4.70192       -0.00032      
4.70680       -0.00032      
4.71169       -0.00032      
4.71658       -0.00031      
4.72146       -0.00031      
4.72635       -0.00031      
4.73124       -0.00031      
4.73612       -0.00031      
4.74101       -0.00031      
4.74590       -0.00031      
4.75078       -0.00031      
4.75567       -0.00030      
4.76056       -0.00030      
4.76544       -0.00030      
4.77033       -0.00030      
4.77522       -0.00030      
4.78010       -0.00030      
4.78499       -0.00030      
4.78988       -0.00030      
4.79476       -0.00029      
4.79965       -0.00029      
4.80454       -0.00029      
4.80942       -0.00029      
4.81431       -0.00029      
4.81920       -0.00029      
4.82408       -0.00029      
4.82897       -0.00029      
4.83386       -0.00028      
4.83874       -0.00028      
4.84363       -0.00028      
4.84852       -0.00028      
4.85340       -0.00028      
4.85829       -0.00028      
4.86317       -0.00028      
4.86806       -0.00028      
4.87295       -0.00028      
4.87783       -0.00027      
4.88272       -0.00027      
4.88761       -0.00027      
4.89249       -0.00027      
4.89738       -0.00027      
4.90227       -0.00027      
4.90715       -0.00027      
4.91204       -0.00027      
4.91693       -0.00027      
4.92181       -0.00026      
4.92670       -0.00026      
4.93159       -0.00026      
4.93647       -0.00026      
4.94136       -0.00026      
4.94625       -0.00026      
4.95113       -0.00026      
4.95602       -0.00026      
4.96091       -0.00026      
4.96579       -0.00025      
4.97068       -0.00025      
4.97557       -0.00025      
4.98045       -0.00025      
4.98534       -0.00025      
4.99023       -0.00025      
4.99511       -0.00025      
5.00000       -0.00025      
