0.00100       1000000000027966931206144.00000
0.00589       577588570138581.50000
0.01077       409124583265.13086
0.01566       4597878290.25302
0.02055       176670156.80125
0.02543       13652845.74034
0.03032       1657028.92872 
0.03521       275845.71107  
0.04009       58026.10576   
0.04498       14631.73664   
0.04987       4272.15410    
0.05475       1413.63993    
0.05964       523.63404     
0.06453       216.50947     
0.06941       99.71895      
0.07430       50.74554      
0.07919       28.49893      
0.08407       16.60696      
0.08896       9.61418       
0.09385       4.74789       
0.09873       0.62587       
0.10362       -2.39876      
0.10851       -4.59722      
0.11339       -6.78731      
0.11828       -8.14589      
0.12317       -9.16793      
0.12805       -9.84715      
0.13294       -10.28060     
0.13783       -10.39208     
0.14271       -9.94017      
0.14760       -9.68193      
0.15248       -9.02805      
0.15737       -8.11011      
0.16226       -7.41842      
0.16714       -6.45297      
0.17203       -5.68953      
0.17692       -5.17772      
0.18180       -5.31118      
0.18669       -6.24503      
0.19158       -8.28493      
0.19646       -11.36667     
0.20135       -14.71946     
0.20624       -17.69243     
0.21112       -19.95386     
0.21601       -21.86451     
0.22090       -23.14539     
0.22578       -24.15695     
0.23067       -24.78217     
0.23556       -25.33590     
0.24044       -25.56984     
0.24533       -25.53733     
0.25022       -25.43657     
0.25510       -25.23512     
0.25999       -24.89862     
0.26488       -24.56867     
0.26976       -24.12615     
0.27465       -23.63517     
0.27954       -23.13465     
0.28442       -22.52244     
0.28931       -22.01667     
0.29420       -21.53417     
0.29908       -20.99835     
0.30397       -20.58689     
0.30886       -20.13551     
0.31374       -19.59987     
0.31863       -19.22924     
0.32352       -18.91476     
0.32840       -18.52306     
0.33329       -18.20256     
0.33818       -17.85316     
0.34306       -17.65250     
0.34795       -17.29207     
0.35284       -17.05273     
0.35772       -16.67630     
0.36261       -16.52242     
0.36750       -16.03968     
0.37238       -15.90859     
0.37727       -15.51609     
0.38216       -15.20954     
0.38704       -14.90050     
0.39193       -14.62409     
0.39682       -14.27863     
0.40170       -13.98814     
0.40659       -13.68451     
0.41148       -13.45866     
0.41636       -13.24434     
0.42125       -13.02603     
0.42613       -12.89285     
0.43102       -12.78163     
0.43591       -12.69029     
0.44079       -12.72938     
0.44568       -12.65316     
0.45057       -12.59734     
0.45545       -12.74816     
0.46034       -12.61589     
0.46523       -12.64857     
0.47011       -12.65466     
0.47500       -12.58679     
0.47989       -12.64516     
0.48477       -12.68406     
0.48966       -12.62640     
0.49455       -12.60515     
0.49943       -12.68393     
0.50432       -12.64294     
0.50921       -12.46268     
0.51409       -12.46453     
0.51898       -12.41512     
0.52387       -12.05537     
0.52875       -11.86833     
0.53364       -11.74924     
0.53853       -11.54086     
0.54341       -11.23307     
0.54830       -11.01474     
0.55319       -11.06233     
0.55807       -10.72664     
0.56296       -10.51623     
0.56785       -10.63648     
0.57273       -10.32734     
0.57762       -10.21299     
0.58251       -10.23755     
0.58739       -9.93009      
0.59228       -9.92618      
0.59717       -9.86682      
0.60205       -9.77102      
0.60694       -9.65143      
0.61183       -9.47104      
0.61671       -9.46423      
0.62160       -9.47379      
0.62649       -9.31978      
0.63137       -9.17842      
0.63626       -9.14311      
0.64115       -9.06493      
0.64603       -9.02925      
0.65092       -9.00791      
0.65581       -8.87997      
0.66069       -8.75158      
0.66558       -8.66582      
0.67047       -8.66049      
0.67535       -8.60058      
0.68024       -8.44785      
0.68513       -8.40141      
0.69001       -8.43983      
0.69490       -8.34799      
0.69978       -8.21733      
0.70467       -8.13779      
0.70956       -8.09926      
0.71444       -7.97571      
0.71933       -7.84642      
0.72422       -7.85124      
0.72910       -7.79592      
0.73399       -7.66487      
0.73888       -7.61317      
0.74376       -7.57690      
0.74865       -7.59961      
0.75354       -7.49139      
0.75842       -7.33080      
0.76331       -7.33517      
0.76820       -7.40086      
0.77308       -7.22840      
0.77797       -7.06024      
0.78286       -7.12207      
0.78774       -7.18474      
0.79263       -6.98700      
0.79752       -6.85206      
0.80240       -7.13515      
0.80729       -6.77164      
0.81218       -6.75279      
0.81706       -6.81094      
0.82195       -6.85122      
0.82684       -6.70626      
0.83172       -6.60375      
0.83661       -6.68496      
0.84150       -6.59144      
0.84638       -6.52335      
0.85127       -6.51967      
0.85616       -6.45079      
0.86104       -6.38127      
0.86593       -6.31977      
0.87082       -6.27884      
0.87570       -6.32187      
0.88059       -6.25497      
0.88548       -6.16060      
0.89036       -6.12769      
0.89525       -6.09287      
0.90014       -6.08546      
0.90502       -6.04384      
0.90991       -6.04324      
0.91480       -5.95848      
0.91968       -5.87369      
0.92457       -5.91737      
0.92946       -5.86141      
0.93434       -5.79582      
0.93923       -5.83658      
0.94412       -5.72845      
0.94900       -5.60804      
0.95389       -5.68716      
0.95878       -5.72643      
0.96366       -5.61292      
0.96855       -5.46565      
0.97343       -5.48709      
0.97832       -5.57625      
0.98321       -5.38036      
0.98809       -5.27476      
0.99298       -5.30889      
0.99787       -5.38836      
1.00275       -5.22738      
1.00764       -5.13851      
1.01253       -5.20872      
1.01741       -5.15318      
1.02230       -5.01276      
1.02719       -5.00745      
1.03207       -4.99845      
1.03696       -4.80237      
1.04185       -4.78333      
1.04673       -4.75236      
1.05162       -4.66497      
1.05651       -4.72251      
1.06139       -4.71781      
1.06628       -4.58568      
1.07117       -4.54313      
1.07605       -4.55078      
1.08094       -4.57270      
1.08583       -4.50632      
1.09071       -4.46587      
1.09560       -4.47562      
1.10049       -4.48194      
1.10537       -4.38388      
1.11026       -4.41701      
1.11515       -4.51350      
1.12003       -4.33065      
1.12492       -4.21653      
1.12981       -4.31658      
1.13469       -4.34185      
1.13958       -4.19490      
1.14447       -4.14227      
1.14935       -4.25786      
1.15424       -4.23681      
1.15913       -4.13321      
1.16401       -4.13595      
1.16890       -4.12306      
1.17379       -4.10415      
1.17867       -4.14655      
1.18356       -4.11863      
1.18845       -4.07348      
1.19333       -4.02925      
1.19822       -3.95505      
1.20311       -3.96434      
1.20799       -3.97677      
1.21288       -3.87989      
1.21777       -3.88357      
1.22265       -3.88817      
1.22754       -3.79216      
1.23243       -3.74262      
1.23731       -3.86234      
1.24220       -3.83429      
1.24709       -3.69621      
1.25197       -3.63987      
1.25686       -3.71774      
1.26174       -3.70505      
1.26663       -3.62254      
1.27152       -3.61063      
1.27640       -3.63136      
1.28129       -3.56097      
1.28618       -3.52071      
1.29106       -3.46691      
1.29595       -3.50937      
1.30084       -3.48712      
1.30572       -3.43065      
1.31061       -3.39918      
1.31550       -3.41136      
1.32038       -3.46254      
1.32527       -3.44423      
1.33016       -3.42261      
1.33504       -3.31511      
1.33993       -3.27955      
1.34482       -3.33485      
1.34970       -3.34817      
1.35459       -3.25165      
1.35948       -3.24946      
1.36436       -3.28147      
1.36925       -3.22031      
1.37414       -3.25735      
1.37902       -3.27913      
1.38391       -3.15909      
1.38880       -3.13862      
1.39368       -3.23394      
1.39857       -3.24944      
1.40346       -3.15332      
1.40834       -3.14037      
1.41323       -3.19204      
1.41812       -3.05697      
1.42300       -3.11375      
1.42789       -3.11734      
1.43278       -2.98970      
1.43766       -3.05713      
1.44255       -3.15838      
1.44744       -3.07642      
1.45232       -2.99899      
1.45721       -2.96102      
1.46210       -3.00122      
1.46698       -3.02526      
1.47187       -2.95755      
1.47676       -2.83544      
1.48164       -3.00136      
1.48653       -3.05338      
1.49142       -2.89474      
1.49630       -2.82743      
1.50119       -2.80598      
1.50608       -2.78818      
1.51096       -2.77049      
1.51585       -2.75291      
1.52074       -2.73545      
1.52562       -2.71810      
1.53051       -2.70086      
1.53539       -2.68374      
1.54028       -2.66672      
1.54517       -2.64981      
1.55005       -2.63301      
1.55494       -2.61632      
1.55983       -2.59974      
1.56471       -2.58326      
1.56960       -2.56689      
1.57449       -2.55062      
1.57937       -2.53446      
1.58426       -2.51840      
1.58915       -2.50245      
1.59403       -2.48659      
1.59892       -2.47084      
1.60381       -2.45519      
1.60869       -2.43964      
1.61358       -2.42419      
1.61847       -2.40883      
1.62335       -2.39358      
1.62824       -2.37842      
1.63313       -2.36336      
1.63801       -2.34840      
1.64290       -2.33353      
1.64779       -2.31876      
1.65267       -2.30408      
1.65756       -2.28950      
1.66245       -2.27501      
1.66733       -2.26061      
1.67222       -2.24630      
1.67711       -2.23209      
1.68199       -2.21796      
1.68688       -2.20393      
1.69177       -2.18998      
1.69665       -2.17613      
1.70154       -2.16236      
1.70643       -2.14868      
1.71131       -2.13509      
1.71620       -2.12158      
1.72109       -2.10816      
1.72597       -2.09483      
1.73086       -2.08158      
1.73575       -2.06842      
1.74063       -2.05534      
1.74552       -2.04234      
1.75041       -2.02943      
1.75529       -2.01659      
1.76018       -2.00384      
1.76507       -1.99118      
1.76995       -1.97859      
1.77484       -1.96608      
1.77973       -1.95365      
1.78461       -1.94130      
1.78950       -1.92903      
1.79439       -1.91684      
1.79927       -1.90472      
1.80416       -1.89269      
1.80904       -1.88073      
1.81393       -1.86884      
1.81882       -1.85703      
1.82370       -1.84530      
1.82859       -1.83364      
1.83348       -1.82205      
1.83836       -1.81054      
1.84325       -1.79910      
1.84814       -1.78774      
1.85302       -1.77644      
1.85791       -1.76522      
1.86280       -1.75407      
1.86768       -1.74299      
1.87257       -1.73198      
1.87746       -1.72104      
1.88234       -1.71017      
1.88723       -1.69937      
1.89212       -1.68864      
1.89700       -1.67798      
1.90189       -1.66738      
1.90678       -1.65685      
1.91166       -1.64639      
1.91655       -1.63599      
1.92144       -1.62566      
1.92632       -1.61540      
1.93121       -1.60520      
1.93610       -1.59507      
1.94098       -1.58500      
1.94587       -1.57499      
1.95076       -1.56505      
1.95564       -1.55517      
1.96053       -1.54535      
1.96542       -1.53560      
1.97030       -1.52590      
1.97519       -1.51627      
1.98008       -1.50670      
1.98496       -1.49719      
1.98985       -1.48775      
1.99474       -1.47836      
1.99962       -1.46903      
2.00451       -1.45976      
2.00940       -1.45055      
2.01428       -1.44139      
2.01917       -1.43230      
2.02406       -1.42326      
2.02894       -1.41428      
2.03383       -1.40536      
2.03872       -1.39649      
2.04360       -1.38768      
2.04849       -1.37892      
2.05338       -1.37023      
2.05826       -1.36158      
2.06315       -1.35299      
2.06804       -1.34446      
2.07292       -1.33598      
2.07781       -1.32755      
2.08270       -1.31918      
2.08758       -1.31086      
2.09247       -1.30259      
2.09735       -1.29437      
2.10224       -1.28621      
2.10713       -1.27810      
2.11201       -1.27004      
2.11690       -1.26203      
2.12179       -1.25407      
2.12667       -1.24616      
2.13156       -1.23830      
2.13645       -1.23049      
2.14133       -1.22273      
2.14622       -1.21502      
2.15111       -1.20736      
2.15599       -1.19975      
2.16088       -1.19219      
2.16577       -1.18467      
2.17065       -1.17720      
2.17554       -1.16978      
2.18043       -1.16240      
2.18531       -1.15507      
2.19020       -1.14779      
2.19509       -1.14056      
2.19997       -1.13337      
2.20486       -1.12622      
2.20975       -1.11912      
2.21463       -1.11207      
2.21952       -1.10506      
2.22441       -1.09809      
2.22929       -1.09117      
2.23418       -1.08430      
2.23907       -1.07746      
2.24395       -1.07067      
2.24884       -1.06392      
2.25373       -1.05722      
2.25861       -1.05055      
2.26350       -1.04393      
2.26839       -1.03736      
2.27327       -1.03082      
2.27816       -1.02432      
2.28305       -1.01787      
2.28793       -1.01145      
2.29282       -1.00508      
2.29771       -0.99875      
2.30259       -0.99245      
2.30748       -0.98620      
2.31237       -0.97999      
2.31725       -0.97381      
2.32214       -0.96768      
2.32703       -0.96158      
2.33191       -0.95552      
2.33680       -0.94950      
2.34169       -0.94352      
2.34657       -0.93758      
2.35146       -0.93167      
2.35635       -0.92580      
2.36123       -0.91997      
2.36612       -0.91417      
2.37100       -0.90841      
2.37589       -0.90269      
2.38078       -0.89701      
2.38566       -0.89136      
2.39055       -0.88574      
2.39544       -0.88016      
2.40032       -0.87462      
2.40521       -0.86911      
2.41010       -0.86364      
2.41498       -0.85820      
2.41987       -0.85279      
2.42476       -0.84742      
2.42964       -0.84208      
2.43453       -0.83678      
2.43942       -0.83151      
2.44430       -0.82627      
2.44919       -0.82107      
2.45408       -0.81590      
2.45896       -0.81076      
2.46385       -0.80566      
2.46874       -0.80058      
2.47362       -0.79554      
2.47851       -0.79053      
2.48340       -0.78556      
2.48828       -0.78061      
2.49317       -0.77569      
2.49806       -0.77081      
2.50294       -0.76596      
2.50783       -0.76113      
2.51272       -0.75634      
2.51760       -0.75158      
2.52249       -0.74685      
2.52738       -0.74215      
2.53226       -0.73747      
2.53715       -0.73283      
2.54204       -0.72822      
2.54692       -0.72363      
2.55181       -0.71908      
2.55670       -0.71455      
2.56158       -0.71005      
2.56647       -0.70558      
2.57136       -0.70114      
2.57624       -0.69673      
2.58113       -0.69234      
2.58602       -0.68799      
2.59090       -0.68366      
2.59579       -0.67935      
2.60068       -0.67508      
2.60556       -0.67083      
2.61045       -0.66661      
2.61534       -0.66241      
2.62022       -0.65824      
2.62511       -0.65410      
2.63000       -0.64998      
2.63488       -0.64589      
2.63977       -0.64183      
2.64465       -0.63779      
2.64954       -0.63377      
2.65443       -0.62979      
2.65931       -0.62582      
2.66420       -0.62188      
2.66909       -0.61797      
2.67397       -0.61408      
2.67886       -0.61022      
2.68375       -0.60638      
2.68863       -0.60256      
2.69352       -0.59877      
2.69841       -0.59500      
2.70329       -0.59126      
2.70818       -0.58754      
2.71307       -0.58384      
2.71795       -0.58017      
2.72284       -0.57652      
2.72773       -0.57289      
2.73261       -0.56929      
2.73750       -0.56571      
2.74239       -0.56215      
2.74727       -0.55861      
2.75216       -0.55510      
2.75705       -0.55161      
2.76193       -0.54814      
2.76682       -0.54469      
2.77171       -0.54126      
2.77659       -0.53786      
2.78148       -0.53447      
2.78637       -0.53111      
2.79125       -0.52777      
2.79614       -0.52445      
2.80103       -0.52115      
2.80591       -0.51787      
2.81080       -0.51462      
2.81569       -0.51138      
2.82057       -0.50816      
2.82546       -0.50497      
2.83035       -0.50179      
2.83523       -0.49863      
2.84012       -0.49550      
2.84501       -0.49238      
2.84989       -0.48929      
2.85478       -0.48621      
2.85967       -0.48315      
2.86455       -0.48011      
2.86944       -0.47709      
2.87433       -0.47409      
2.87921       -0.47111      
2.88410       -0.46815      
2.88899       -0.46521      
2.89387       -0.46228      
2.89876       -0.45937      
2.90365       -0.45648      
2.90853       -0.45361      
2.91342       -0.45076      
2.91830       -0.44793      
2.92319       -0.44511      
2.92808       -0.44231      
2.93296       -0.43953      
2.93785       -0.43677      
2.94274       -0.43402      
2.94762       -0.43129      
2.95251       -0.42858      
2.95740       -0.42589      
2.96228       -0.42321      
2.96717       -0.42055      
2.97206       -0.41791      
2.97694       -0.41528      
2.98183       -0.41267      
2.98672       -0.41007      
2.99160       -0.40750      
2.99649       -0.40493      
3.00138       -0.40239      
3.00626       -0.39986      
3.01115       -0.39735      
3.01604       -0.39485      
3.02092       -0.39237      
3.02581       -0.38990      
3.03070       -0.38745      
3.03558       -0.38501      
3.04047       -0.38259      
3.04536       -0.38019      
3.05024       -0.37780      
3.05513       -0.37543      
3.06002       -0.37307      
3.06490       -0.37072      
3.06979       -0.36839      
3.07468       -0.36608      
3.07956       -0.36378      
3.08445       -0.36149      
3.08934       -0.35922      
3.09422       -0.35696      
3.09911       -0.35472      
3.10400       -0.35249      
3.10888       -0.35027      
3.11377       -0.34807      
3.11866       -0.34589      
3.12354       -0.34371      
3.12843       -0.34155      
3.13332       -0.33941      
3.13820       -0.33727      
3.14309       -0.33515      
3.14798       -0.33305      
3.15286       -0.33096      
3.15775       -0.32888      
3.16264       -0.32681      
3.16752       -0.32476      
3.17241       -0.32272      
3.17730       -0.32069      
3.18218       -0.31867      
3.18707       -0.31667      
3.19196       -0.31468      
3.19684       -0.31271      
3.20173       -0.31074      
3.20661       -0.30879      
3.21150       -0.30685      
3.21639       -0.30492      
3.22127       -0.30301      
3.22616       -0.30110      
3.23105       -0.29921      
3.23593       -0.29733      
3.24082       -0.29547      
3.24571       -0.29361      
3.25059       -0.29177      
3.25548       -0.28993      
3.26037       -0.28811      
3.26525       -0.28630      
3.27014       -0.28450      
3.27503       -0.28272      
3.27991       -0.28094      
3.28480       -0.27918      
3.28969       -0.27742      
3.29457       -0.27568      
3.29946       -0.27395      
3.30435       -0.27223      
3.30923       -0.27052      
3.31412       -0.26882      
3.31901       -0.26713      
3.32389       -0.26546      
3.32878       -0.26379      
3.33367       -0.26213      
3.33855       -0.26049      
3.34344       -0.25885      
3.34833       -0.25723      
3.35321       -0.25561      
3.35810       -0.25401      
3.36299       -0.25241      
3.36787       -0.25083      
3.37276       -0.24925      
3.37765       -0.24769      
3.38253       -0.24613      
3.38742       -0.24459      
3.39231       -0.24305      
3.39719       -0.24152      
3.40208       -0.24001      
3.40697       -0.23850      
3.41185       -0.23700      
3.41674       -0.23552      
3.42163       -0.23404      
3.42651       -0.23257      
3.43140       -0.23111      
3.43629       -0.22966      
3.44117       -0.22822      
3.44606       -0.22678      
3.45095       -0.22536      
3.45583       -0.22395      
3.46072       -0.22254      
3.46561       -0.22114      
3.47049       -0.21976      
3.47538       -0.21838      
3.48026       -0.21701      
3.48515       -0.21564      
3.49004       -0.21429      
3.49492       -0.21295      
3.49981       -0.21161      
3.50470       -0.21028      
3.50958       -0.20896      
3.51447       -0.20765      
3.51936       -0.20635      
3.52424       -0.20505      
3.52913       -0.20377      
3.53402       -0.20249      
3.53890       -0.20122      
3.54379       -0.19995      
3.54868       -0.19870      
3.55356       -0.19745      
3.55845       -0.19621      
3.56334       -0.19498      
3.56822       -0.19376      
3.57311       -0.19254      
3.57800       -0.19134      
3.58288       -0.19014      
3.58777       -0.18894      
3.59266       -0.18776      
3.59754       -0.18658      
3.60243       -0.18541      
3.60732       -0.18425      
3.61220       -0.18309      
3.61709       -0.18194      
3.62198       -0.18080      
3.62686       -0.17967      
3.63175       -0.17854      
3.63664       -0.17742      
3.64152       -0.17631      
3.64641       -0.17520      
3.65130       -0.17410      
3.65618       -0.17301      
3.66107       -0.17193      
3.66596       -0.17085      
3.67084       -0.16978      
3.67573       -0.16871      
3.68062       -0.16765      
3.68550       -0.16660      
3.69039       -0.16556      
3.69528       -0.16452      
3.70016       -0.16349      
3.70505       -0.16246      
3.70994       -0.16144      
3.71482       -0.16043      
3.71971       -0.15943      
3.72460       -0.15843      
3.72948       -0.15743      
3.73437       -0.15645      
3.73926       -0.15546      
3.74414       -0.15449      
3.74903       -0.15352      
3.75391       -0.15256      
3.75880       -0.15160      
3.76369       -0.15065      
3.76857       -0.14971      
3.77346       -0.14877      
3.77835       -0.14784      
3.78323       -0.14691      
3.78812       -0.14599      
3.79301       -0.14507      
3.79789       -0.14416      
3.80278       -0.14326      
3.80767       -0.14236      
3.81255       -0.14147      
3.81744       -0.14058      
3.82233       -0.13970      
3.82721       -0.13883      
3.83210       -0.13796      
3.83699       -0.13709      
3.84187       -0.13623      
3.84676       -0.13538      
3.85165       -0.13453      
3.85653       -0.13369      
3.86142       -0.13285      
3.86631       -0.13202      
3.87119       -0.13119      
3.87608       -0.13037      
3.88097       -0.12955      
3.88585       -0.12874      
3.89074       -0.12793      
3.89563       -0.12713      
3.90051       -0.12633      
3.90540       -0.12554      
3.91029       -0.12476      
3.91517       -0.12398      
3.92006       -0.12320      
3.92495       -0.12243      
3.92983       -0.12166      
3.93472       -0.12090      
3.93961       -0.12014      
3.94449       -0.11939      
3.94938       -0.11864      
3.95427       -0.11790      
3.95915       -0.11716      
3.96404       -0.11642      
3.96893       -0.11570      
3.97381       -0.11497      
3.97870       -0.11425      
3.98359       -0.11354      
3.98847       -0.11282      
3.99336       -0.11212      
3.99825       -0.11142      
4.00313       -0.11072      
4.00802       -0.11002      
4.01291       -0.10934      
4.01779       -0.10865      
4.02268       -0.10797      
4.02757       -0.10729      
4.03245       -0.10662      
4.03734       -0.10596      
4.04222       -0.10529      
4.04711       -0.10463      
4.05200       -0.10398      
4.05688       -0.10333      
4.06177       -0.10268      
4.06666       -0.10204      
4.07154       -0.10140      
4.07643       -0.10076      
4.08132       -0.10013      
4.08620       -0.09951      
4.09109       -0.09888      
4.09598       -0.09826      
4.10086       -0.09765      
4.10575       -0.09704      
4.11064       -0.09643      
4.11552       -0.09583      
4.12041       -0.09523      
4.12530       -0.09463      
4.13018       -0.09404      
4.13507       -0.09345      
4.13996       -0.09287      
4.14484       -0.09228      
4.14973       -0.09171      
4.15462       -0.09113      
4.15950       -0.09056      
4.16439       -0.09000      
4.16928       -0.08943      
4.17416       -0.08887      
4.17905       -0.08832      
4.18394       -0.08776      
4.18882       -0.08722      
4.19371       -0.08667      
4.19860       -0.08613      
4.20348       -0.08559      
4.20837       -0.08505      
4.21326       -0.08452      
4.21814       -0.08399      
4.22303       -0.08347      
4.22792       -0.08295      
4.23280       -0.08243      
4.23769       -0.08191      
4.24258       -0.08140      
4.24746       -0.08089      
4.25235       -0.08038      
4.25724       -0.07988      
4.26212       -0.07938      
4.26701       -0.07889      
4.27190       -0.07839      
4.27678       -0.07790      
4.28167       -0.07741      
4.28656       -0.07693      
4.29144       -0.07645      
4.29633       -0.07597      
4.30122       -0.07550      
4.30610       -0.07502      
4.31099       -0.07456      
4.31587       -0.07409      
4.32076       -0.07363      
4.32565       -0.07317      
4.33053       -0.07271      
4.33542       -0.07225      
4.34031       -0.07180      
4.34519       -0.07135      
4.35008       -0.07091      
4.35497       -0.07046      
4.35985       -0.07002      
4.36474       -0.06959      
4.36963       -0.06915      
4.37451       -0.06872      
4.37940       -0.06829      
4.38429       -0.06786      
4.38917       -0.06744      
4.39406       -0.06702      
4.39895       -0.06660      
4.40383       -0.06618      
4.40872       -0.06577      
4.41361       -0.06536      
4.41849       -0.06495      
4.42338       -0.06454      
4.42827       -0.06414      
4.43315       -0.06374      
4.43804       -0.06334      
4.44293       -0.06295      
4.44781       -0.06255      
4.45270       -0.06216      
4.45759       -0.06178      
4.46247       -0.06139      
4.46736       -0.06101      
4.47225       -0.06062      
4.47713       -0.06025      
4.48202       -0.05987      
4.48691       -0.05950      
4.49179       -0.05912      
4.49668       -0.05876      
4.50157       -0.05839      
4.50645       -0.05802      
4.51134       -0.05766      
4.51623       -0.05730      
4.52111       -0.05694      
4.52600       -0.05659      
4.53089       -0.05624      
4.53577       -0.05588      
4.54066       -0.05554      
4.54555       -0.05519      
4.55043       -0.05484      
4.55532       -0.05450      
4.56021       -0.05416      
4.56509       -0.05382      
4.56998       -0.05349      
4.57487       -0.05315      
4.57975       -0.05282      
4.58464       -0.05249      
4.58952       -0.05217      
4.59441       -0.05184      
4.59930       -0.05152      
4.60418       -0.05119      
4.60907       -0.05088      
4.61396       -0.05056      
4.61884       -0.05024      
4.62373       -0.04993      
4.62862       -0.04962      
4.63350       -0.04931      
4.63839       -0.04900      
4.64328       -0.04870      
4.64816       -0.04839      
4.65305       -0.04809      
4.65794       -0.04779      
4.66282       -0.04749      
4.66771       -0.04720      
4.67260       -0.04690      
4.67748       -0.04661      
4.68237       -0.04632      
4.68726       -0.04603      
4.69214       -0.04574      
4.69703       -0.04546      
4.70192       -0.04517      
4.70680       -0.04489      
4.71169       -0.04461      
4.71658       -0.04433      
4.72146       -0.04406      
4.72635       -0.04378      
4.73124       -0.04351      
4.73612       -0.04324      
4.74101       -0.04297      
4.74590       -0.04270      
4.75078       -0.04244      
4.75567       -0.04217      
4.76056       -0.04191      
4.76544       -0.04165      
4.77033       -0.04139      
4.77522       -0.04113      
4.78010       -0.04087      
4.78499       -0.04062      
4.78988       -0.04037      
4.79476       -0.04011      
4.79965       -0.03986      
4.80454       -0.03962      
4.80942       -0.03937      
4.81431       -0.03912      
4.81920       -0.03888      
4.82408       -0.03864      
4.82897       -0.03840      
4.83386       -0.03816      
4.83874       -0.03792      
4.84363       -0.03769      
4.84852       -0.03745      
4.85340       -0.03722      
4.85829       -0.03699      
4.86317       -0.03676      
4.86806       -0.03653      
4.87295       -0.03630      
4.87783       -0.03607      
4.88272       -0.03585      
4.88761       -0.03563      
4.89249       -0.03540      
4.89738       -0.03518      
4.90227       -0.03496      
4.90715       -0.03475      
4.91204       -0.03453      
4.91693       -0.03432      
4.92181       -0.03410      
4.92670       -0.03389      
4.93159       -0.03368      
4.93647       -0.03347      
4.94136       -0.03326      
4.94625       -0.03306      
4.95113       -0.03285      
4.95602       -0.03265      
4.96091       -0.03244      
4.96579       -0.03224      
4.97068       -0.03204      
4.97557       -0.03184      
4.98045       -0.03164      
4.98534       -0.03145      
4.99023       -0.03125      
4.99511       -0.03106      
5.00000       -0.03086      
