0.00100       1000000000006650740080640.00000
0.00589       577588570142785.50000
0.01077       409124583286.54425
0.01566       4597878310.73585
0.02055       176670177.16397
0.02543       13652861.06790
0.03032       1657038.89191 
0.03521       275858.91694  
0.04009       58042.57439   
0.04498       14650.29103   
0.04987       4293.16557    
0.05475       1436.36858    
0.05964       548.25818     
0.06453       243.05152     
0.06941       127.74600     
0.07430       80.22198      
0.07919       59.01437      
0.08407       48.46595      
0.08896       42.57513      
0.09385       39.22496      
0.09873       37.36540      
0.10362       35.68499      
0.10851       35.20187      
0.11339       34.10163      
0.11828       33.88562      
0.12317       33.02761      
0.12805       32.47178      
0.13294       32.09584      
0.13783       31.10744      
0.14271       29.05794      
0.14760       25.42708      
0.15248       21.18960      
0.15737       17.14461      
0.16226       13.10189      
0.16714       9.72963       
0.17203       6.23763       
0.17692       3.73138       
0.18180       1.16908       
0.18669       -1.03393      
0.19158       -2.72536      
0.19646       -4.29538      
0.20135       -5.58230      
0.20624       -6.52808      
0.21112       -7.38233      
0.21601       -8.00555      
0.22090       -8.34975      
0.22578       -8.59570      
0.23067       -8.75734      
0.23556       -8.68174      
0.24044       -8.43593      
0.24533       -8.30067      
0.25022       -8.04303      
0.25510       -7.54244      
0.25999       -7.16529      
0.26488       -6.79870      
0.26976       -6.27230      
0.27465       -5.78390      
0.27954       -5.26411      
0.28442       -4.82759      
0.28931       -4.38532      
0.29420       -3.97573      
0.29908       -3.69256      
0.30397       -3.48634      
0.30886       -3.12432      
0.31374       -2.96991      
0.31863       -2.86684      
0.32352       -2.54591      
0.32840       -2.30131      
0.33329       -2.10126      
0.33818       -1.86408      
0.34306       -1.56000      
0.34795       -1.34932      
0.35284       -1.03788      
0.35772       -0.77524      
0.36261       -0.59292      
0.36750       -0.30029      
0.37238       -0.17267      
0.37727       0.02517       
0.38216       0.17619       
0.38704       0.26786       
0.39193       0.27168       
0.39682       0.24636       
0.40170       0.16354       
0.40659       0.09544       
0.41148       0.02486       
0.41636       -0.14418      
0.42125       -0.13012      
0.42613       -0.11115      
0.43102       -0.23411      
0.43591       -0.28137      
0.44079       -0.25166      
0.44568       -0.23913      
0.45057       -0.31190      
0.45545       -0.31558      
0.46034       -0.26426      
0.46523       -0.29856      
0.47011       -0.31994      
0.47500       -0.32342      
0.47989       -0.33492      
0.48477       -0.25675      
0.48966       -0.30545      
0.49455       -0.41817      
0.49943       -0.32795      
0.50432       -0.26213      
0.50921       -0.35359      
0.51409       -0.37677      
0.51898       -0.36274      
0.52387       -0.42036      
0.52875       -0.41448      
0.53364       -0.45755      
0.53853       -0.54617      
0.54341       -0.51040      
0.54830       -0.56202      
0.55319       -0.56761      
0.55807       -0.53400      
0.56296       -0.57498      
0.56785       -0.61208      
0.57273       -0.60567      
0.57762       -0.54312      
0.58251       -0.54405      
0.58739       -0.61289      
0.59228       -0.54224      
0.59717       -0.49593      
0.60205       -0.62175      
0.60694       -0.57462      
0.61183       -0.51629      
0.61671       -0.48374      
0.62160       -0.53279      
0.62649       -0.53179      
0.63137       -0.47004      
0.63626       -0.51785      
0.64115       -0.51016      
0.64603       -0.39367      
0.65092       -0.38484      
0.65581       -0.40250      
0.66069       -0.32261      
0.66558       -0.31449      
0.67047       -0.30529      
0.67535       -0.20850      
0.68024       -0.28480      
0.68513       -0.29105      
0.69001       -0.18551      
0.69490       -0.10022      
0.69978       -0.16434      
0.70467       -0.21603      
0.70956       -0.09392      
0.71444       -0.05102      
0.71933       -0.17117      
0.72422       -0.12484      
0.72910       -0.00999      
0.73399       -0.03427      
0.73888       -0.06764      
0.74376       -0.02002      
0.74865       0.02097       
0.75354       -0.03611      
0.75842       -0.05780      
0.76331       0.01753       
0.76820       0.02388       
0.77308       -0.04838      
0.77797       -0.12213      
0.78286       -0.03041      
0.78774       0.02110       
0.79263       -0.04003      
0.79752       -0.07431      
0.80240       -0.07591      
0.80729       -0.08854      
0.81218       -0.07688      
0.81706       -0.12221      
0.82195       -0.12254      
0.82684       -0.01947      
0.83172       -0.11013      
0.83661       -0.22578      
0.84150       -0.12536      
0.84638       0.01535       
0.85127       -0.17936      
0.85616       -0.17548      
0.86104       -0.16504      
0.86593       -0.23159      
0.87082       -0.18084      
0.87570       -0.18617      
0.88059       -0.16826      
0.88548       -0.17329      
0.89036       -0.23052      
0.89525       -0.22894      
0.90014       -0.16243      
0.90502       -0.12302      
0.90991       -0.17379      
0.91480       -0.23691      
0.91968       -0.22948      
0.92457       -0.20013      
0.92946       -0.17006      
0.93434       -0.15552      
0.93923       -0.18659      
0.94412       -0.24031      
0.94900       -0.24013      
0.95389       -0.12174      
0.95878       -0.09466      
0.96366       -0.25860      
0.96855       -0.29362      
0.97343       -0.12255      
0.97832       -0.10633      
0.98321       -0.18453      
0.98809       -0.15050      
0.99298       -0.14712      
0.99787       -0.19615      
1.00275       -0.16159      
1.00764       -0.13544      
1.01253       -0.11630      
1.01741       -0.15861      
1.02230       -0.16759      
1.02719       -0.12506      
1.03207       -0.14998      
1.03696       -0.17825      
1.04185       -0.13188      
1.04673       -0.07618      
1.05162       -0.09086      
1.05651       -0.13268      
1.06139       -0.13997      
1.06628       -0.10157      
1.07117       -0.10183      
1.07605       -0.15613      
1.08094       -0.09058      
1.08583       -0.05118      
1.09071       -0.14706      
1.09560       -0.16284      
1.10049       -0.12927      
1.10537       -0.09845      
1.11026       -0.08107      
1.11515       -0.08554      
1.12003       -0.05475      
1.12492       -0.07653      
1.12981       -0.11374      
1.13469       -0.06651      
1.13958       -0.02243      
1.14447       -0.06785      
1.14935       -0.11930      
1.15424       -0.08957      
1.15913       -0.05342      
1.16401       -0.09273      
1.16890       -0.12159      
1.17379       -0.11061      
1.17867       -0.11732      
1.18356       -0.14188      
1.18845       -0.12987      
1.19333       -0.12002      
1.19822       -0.13818      
1.20311       -0.14060      
1.20799       -0.08265      
1.21288       -0.06863      
1.21777       -0.15401      
1.22265       -0.12586      
1.22754       -0.07374      
1.23243       -0.07820      
1.23731       -0.07483      
1.24220       -0.06718      
1.24709       -0.11966      
1.25197       -0.14050      
1.25686       -0.09792      
1.26174       -0.09183      
1.26663       -0.11826      
1.27152       -0.13182      
1.27640       -0.12432      
1.28129       -0.09869      
1.28618       -0.06254      
1.29106       -0.04510      
1.29595       -0.04542      
1.30084       -0.05533      
1.30572       -0.04383      
1.31061       -0.03978      
1.31550       -0.06439      
1.32038       -0.12369      
1.32527       -0.14725      
1.33016       -0.08404      
1.33504       -0.07330      
1.33993       -0.12031      
1.34482       -0.11902      
1.34970       -0.09754      
1.35459       -0.06279      
1.35948       -0.04674      
1.36436       -0.06219      
1.36925       -0.02276      
1.37414       -0.02890      
1.37902       -0.09517      
1.38391       -0.02116      
1.38880       0.04913       
1.39368       -0.18255      
1.39857       0.10821       
1.40346       -0.12696      
1.40834       -0.06181      
1.41323       0.03239       
1.41812       -0.05159      
1.42300       -0.06340      
1.42789       -0.03091      
1.43278       0.00802       
1.43766       -0.02661      
1.44255       -0.11785      
1.44744       -0.09373      
1.45232       -0.03474      
1.45721       -0.03676      
1.46210       -0.08449      
1.46698       -0.09352      
1.47187       -0.04686      
1.47676       -0.02164      
1.48164       -0.01566      
1.48653       0.00700       
1.49142       0.00592       
1.49630       -0.02928      
1.50119       -0.01008      
1.50608       -0.00997      
1.51096       -0.00986      
1.51585       -0.00976      
1.52074       -0.00966      
1.52562       -0.00955      
1.53051       -0.00945      
1.53539       -0.00935      
1.54028       -0.00925      
1.54517       -0.00916      
1.55005       -0.00906      
1.55494       -0.00897      
1.55983       -0.00887      
1.56471       -0.00878      
1.56960       -0.00869      
1.57449       -0.00860      
1.57937       -0.00851      
1.58426       -0.00842      
1.58915       -0.00834      
1.59403       -0.00825      
1.59892       -0.00817      
1.60381       -0.00809      
1.60869       -0.00801      
1.61358       -0.00793      
1.61847       -0.00785      
1.62335       -0.00777      
1.62824       -0.00769      
1.63313       -0.00761      
1.63801       -0.00754      
1.64290       -0.00746      
1.64779       -0.00739      
1.65267       -0.00732      
1.65756       -0.00725      
1.66245       -0.00718      
1.66733       -0.00711      
1.67222       -0.00704      
1.67711       -0.00697      
1.68199       -0.00690      
1.68688       -0.00684      
1.69177       -0.00677      
1.69665       -0.00671      
1.70154       -0.00664      
1.70643       -0.00658      
1.71131       -0.00652      
1.71620       -0.00646      
1.72109       -0.00639      
1.72597       -0.00633      
1.73086       -0.00627      
1.73575       -0.00622      
1.74063       -0.00616      
1.74552       -0.00610      
1.75041       -0.00604      
1.75529       -0.00599      
1.76018       -0.00593      
1.76507       -0.00588      
1.76995       -0.00582      
1.77484       -0.00577      
1.77973       -0.00572      
1.78461       -0.00567      
1.78950       -0.00562      
1.79439       -0.00556      
1.79927       -0.00551      
1.80416       -0.00547      
1.80904       -0.00542      
1.81393       -0.00537      
1.81882       -0.00532      
1.82370       -0.00527      
1.82859       -0.00523      
1.83348       -0.00518      
1.83836       -0.00513      
1.84325       -0.00509      
1.84814       -0.00504      
1.85302       -0.00500      
1.85791       -0.00496      
1.86280       -0.00491      
1.86768       -0.00487      
1.87257       -0.00483      
1.87746       -0.00479      
1.88234       -0.00474      
1.88723       -0.00470      
1.89212       -0.00466      
1.89700       -0.00462      
1.90189       -0.00458      
1.90678       -0.00454      
1.91166       -0.00451      
1.91655       -0.00447      
1.92144       -0.00443      
1.92632       -0.00439      
1.93121       -0.00436      
1.93610       -0.00432      
1.94098       -0.00428      
1.94587       -0.00425      
1.95076       -0.00421      
1.95564       -0.00418      
1.96053       -0.00414      
1.96542       -0.00411      
1.97030       -0.00407      
1.97519       -0.00404      
1.98008       -0.00401      
1.98496       -0.00397      
1.98985       -0.00394      
1.99474       -0.00391      
1.99962       -0.00388      
2.00451       -0.00385      
2.00940       -0.00382      
2.01428       -0.00378      
2.01917       -0.00375      
2.02406       -0.00372      
2.02894       -0.00369      
2.03383       -0.00366      
2.03872       -0.00363      
2.04360       -0.00361      
2.04849       -0.00358      
2.05338       -0.00355      
2.05826       -0.00352      
2.06315       -0.00349      
2.06804       -0.00347      
2.07292       -0.00344      
2.07781       -0.00341      
2.08270       -0.00338      
2.08758       -0.00336      
2.09247       -0.00333      
2.09735       -0.00331      
2.10224       -0.00328      
2.10713       -0.00325      
2.11201       -0.00323      
2.11690       -0.00320      
2.12179       -0.00318      
2.12667       -0.00316      
2.13156       -0.00313      
2.13645       -0.00311      
2.14133       -0.00308      
2.14622       -0.00306      
2.15111       -0.00304      
2.15599       -0.00301      
2.16088       -0.00299      
2.16577       -0.00297      
2.17065       -0.00295      
2.17554       -0.00292      
2.18043       -0.00290      
2.18531       -0.00288      
2.19020       -0.00286      
2.19509       -0.00284      
2.19997       -0.00282      
2.20486       -0.00280      
2.20975       -0.00278      
2.21463       -0.00275      
2.21952       -0.00273      
2.22441       -0.00271      
2.22929       -0.00269      
2.23418       -0.00267      
2.23907       -0.00266      
2.24395       -0.00264      
2.24884       -0.00262      
2.25373       -0.00260      
2.25861       -0.00258      
2.26350       -0.00256      
2.26839       -0.00254      
2.27327       -0.00252      
2.27816       -0.00251      
2.28305       -0.00249      
2.28793       -0.00247      
2.29282       -0.00245      
2.29771       -0.00243      
2.30259       -0.00242      
2.30748       -0.00240      
2.31237       -0.00238      
2.31725       -0.00237      
2.32214       -0.00235      
2.32703       -0.00233      
2.33191       -0.00232      
2.33680       -0.00230      
2.34169       -0.00228      
2.34657       -0.00227      
2.35146       -0.00225      
2.35635       -0.00224      
2.36123       -0.00222      
2.36612       -0.00221      
2.37100       -0.00219      
2.37589       -0.00218      
2.38078       -0.00216      
2.38566       -0.00215      
2.39055       -0.00213      
2.39544       -0.00212      
2.40032       -0.00210      
2.40521       -0.00209      
2.41010       -0.00207      
2.41498       -0.00206      
2.41987       -0.00205      
2.42476       -0.00203      
2.42964       -0.00202      
2.43453       -0.00200      
2.43942       -0.00199      
2.44430       -0.00198      
2.44919       -0.00196      
2.45408       -0.00195      
2.45896       -0.00194      
2.46385       -0.00192      
2.46874       -0.00191      
2.47362       -0.00190      
2.47851       -0.00189      
2.48340       -0.00187      
2.48828       -0.00186      
2.49317       -0.00185      
2.49806       -0.00184      
2.50294       -0.00183      
2.50783       -0.00181      
2.51272       -0.00180      
2.51760       -0.00179      
2.52249       -0.00178      
2.52738       -0.00177      
2.53226       -0.00175      
2.53715       -0.00174      
2.54204       -0.00173      
2.54692       -0.00172      
2.55181       -0.00171      
2.55670       -0.00170      
2.56158       -0.00169      
2.56647       -0.00168      
2.57136       -0.00167      
2.57624       -0.00166      
2.58113       -0.00164      
2.58602       -0.00163      
2.59090       -0.00162      
2.59579       -0.00161      
2.60068       -0.00160      
2.60556       -0.00159      
2.61045       -0.00158      
2.61534       -0.00157      
2.62022       -0.00156      
2.62511       -0.00155      
2.63000       -0.00154      
2.63488       -0.00153      
2.63977       -0.00152      
2.64465       -0.00151      
2.64954       -0.00151      
2.65443       -0.00150      
2.65931       -0.00149      
2.66420       -0.00148      
2.66909       -0.00147      
2.67397       -0.00146      
2.67886       -0.00145      
2.68375       -0.00144      
2.68863       -0.00143      
2.69352       -0.00142      
2.69841       -0.00141      
2.70329       -0.00141      
2.70818       -0.00140      
2.71307       -0.00139      
2.71795       -0.00138      
2.72284       -0.00137      
2.72773       -0.00136      
2.73261       -0.00136      
2.73750       -0.00135      
2.74239       -0.00134      
2.74727       -0.00133      
2.75216       -0.00132      
2.75705       -0.00132      
2.76193       -0.00131      
2.76682       -0.00130      
2.77171       -0.00129      
2.77659       -0.00128      
2.78148       -0.00128      
2.78637       -0.00127      
2.79125       -0.00126      
2.79614       -0.00125      
2.80103       -0.00125      
2.80591       -0.00124      
2.81080       -0.00123      
2.81569       -0.00122      
2.82057       -0.00122      
2.82546       -0.00121      
2.83035       -0.00120      
2.83523       -0.00120      
2.84012       -0.00119      
2.84501       -0.00118      
2.84989       -0.00118      
2.85478       -0.00117      
2.85967       -0.00116      
2.86455       -0.00115      
2.86944       -0.00115      
2.87433       -0.00114      
2.87921       -0.00113      
2.88410       -0.00113      
2.88899       -0.00112      
2.89387       -0.00112      
2.89876       -0.00111      
2.90365       -0.00110      
2.90853       -0.00110      
2.91342       -0.00109      
2.91830       -0.00108      
2.92319       -0.00108      
2.92808       -0.00107      
2.93296       -0.00107      
2.93785       -0.00106      
2.94274       -0.00105      
2.94762       -0.00105      
2.95251       -0.00104      
2.95740       -0.00104      
2.96228       -0.00103      
2.96717       -0.00102      
2.97206       -0.00102      
2.97694       -0.00101      
2.98183       -0.00101      
2.98672       -0.00100      
2.99160       -0.00100      
2.99649       -0.00099      
3.00138       -0.00098      
3.00626       -0.00098      
3.01115       -0.00097      
3.01604       -0.00097      
3.02092       -0.00096      
3.02581       -0.00096      
3.03070       -0.00095      
3.03558       -0.00095      
3.04047       -0.00094      
3.04536       -0.00094      
3.05024       -0.00093      
3.05513       -0.00093      
3.06002       -0.00092      
3.06490       -0.00092      
3.06979       -0.00091      
3.07468       -0.00091      
3.07956       -0.00090      
3.08445       -0.00090      
3.08934       -0.00089      
3.09422       -0.00089      
3.09911       -0.00088      
3.10400       -0.00088      
3.10888       -0.00087      
3.11377       -0.00087      
3.11866       -0.00086      
3.12354       -0.00086      
3.12843       -0.00085      
3.13332       -0.00085      
3.13820       -0.00085      
3.14309       -0.00084      
3.14798       -0.00084      
3.15286       -0.00083      
3.15775       -0.00083      
3.16264       -0.00082      
3.16752       -0.00082      
3.17241       -0.00081      
3.17730       -0.00081      
3.18218       -0.00081      
3.18707       -0.00080      
3.19196       -0.00080      
3.19684       -0.00079      
3.20173       -0.00079      
3.20661       -0.00078      
3.21150       -0.00078      
3.21639       -0.00078      
3.22127       -0.00077      
3.22616       -0.00077      
3.23105       -0.00076      
3.23593       -0.00076      
3.24082       -0.00076      
3.24571       -0.00075      
3.25059       -0.00075      
3.25548       -0.00074      
3.26037       -0.00074      
3.26525       -0.00074      
3.27014       -0.00073      
3.27503       -0.00073      
3.27991       -0.00073      
3.28480       -0.00072      
3.28969       -0.00072      
3.29457       -0.00071      
3.29946       -0.00071      
3.30435       -0.00071      
3.30923       -0.00070      
3.31412       -0.00070      
3.31901       -0.00070      
3.32389       -0.00069      
3.32878       -0.00069      
3.33367       -0.00069      
3.33855       -0.00068      
3.34344       -0.00068      
3.34833       -0.00068      
3.35321       -0.00067      
3.35810       -0.00067      
3.36299       -0.00067      
3.36787       -0.00066      
3.37276       -0.00066      
3.37765       -0.00066      
3.38253       -0.00065      
3.38742       -0.00065      
3.39231       -0.00065      
3.39719       -0.00064      
3.40208       -0.00064      
3.40697       -0.00064      
3.41185       -0.00063      
3.41674       -0.00063      
3.42163       -0.00063      
3.42651       -0.00062      
3.43140       -0.00062      
3.43629       -0.00062      
3.44117       -0.00061      
3.44606       -0.00061      
3.45095       -0.00061      
3.45583       -0.00061      
3.46072       -0.00060      
3.46561       -0.00060      
3.47049       -0.00060      
3.47538       -0.00059      
3.48026       -0.00059      
3.48515       -0.00059      
3.49004       -0.00059      
3.49492       -0.00058      
3.49981       -0.00058      
3.50470       -0.00058      
3.50958       -0.00057      
3.51447       -0.00057      
3.51936       -0.00057      
3.52424       -0.00057      
3.52913       -0.00056      
3.53402       -0.00056      
3.53890       -0.00056      
3.54379       -0.00056      
3.54868       -0.00055      
3.55356       -0.00055      
3.55845       -0.00055      
3.56334       -0.00054      
3.56822       -0.00054      
3.57311       -0.00054      
3.57800       -0.00054      
3.58288       -0.00053      
3.58777       -0.00053      
3.59266       -0.00053      
3.59754       -0.00053      
3.60243       -0.00052      
3.60732       -0.00052      
3.61220       -0.00052      
3.61709       -0.00052      
3.62198       -0.00051      
3.62686       -0.00051      
3.63175       -0.00051      
3.63664       -0.00051      
3.64152       -0.00051      
3.64641       -0.00050      
3.65130       -0.00050      
3.65618       -0.00050      
3.66107       -0.00050      
3.66596       -0.00049      
3.67084       -0.00049      
3.67573       -0.00049      
3.68062       -0.00049      
3.68550       -0.00048      
3.69039       -0.00048      
3.69528       -0.00048      
3.70016       -0.00048      
3.70505       -0.00048      
3.70994       -0.00047      
3.71482       -0.00047      
3.71971       -0.00047      
3.72460       -0.00047      
3.72948       -0.00046      
3.73437       -0.00046      
3.73926       -0.00046      
3.74414       -0.00046      
3.74903       -0.00046      
3.75391       -0.00045      
3.75880       -0.00045      
3.76369       -0.00045      
3.76857       -0.00045      
3.77346       -0.00045      
3.77835       -0.00044      
3.78323       -0.00044      
3.78812       -0.00044      
3.79301       -0.00044      
3.79789       -0.00044      
3.80278       -0.00043      
3.80767       -0.00043      
3.81255       -0.00043      
3.81744       -0.00043      
3.82233       -0.00043      
3.82721       -0.00042      
3.83210       -0.00042      
3.83699       -0.00042      
3.84187       -0.00042      
3.84676       -0.00042      
3.85165       -0.00042      
3.85653       -0.00041      
3.86142       -0.00041      
3.86631       -0.00041      
3.87119       -0.00041      
3.87608       -0.00041      
3.88097       -0.00040      
3.88585       -0.00040      
3.89074       -0.00040      
3.89563       -0.00040      
3.90051       -0.00040      
3.90540       -0.00040      
3.91029       -0.00039      
3.91517       -0.00039      
3.92006       -0.00039      
3.92495       -0.00039      
3.92983       -0.00039      
3.93472       -0.00039      
3.93961       -0.00038      
3.94449       -0.00038      
3.94938       -0.00038      
3.95427       -0.00038      
3.95915       -0.00038      
3.96404       -0.00038      
3.96893       -0.00037      
3.97381       -0.00037      
3.97870       -0.00037      
3.98359       -0.00037      
3.98847       -0.00037      
3.99336       -0.00037      
3.99825       -0.00036      
4.00313       -0.00036      
4.00802       -0.00036      
4.01291       -0.00036      
4.01779       -0.00036      
4.02268       -0.00036      
4.02757       -0.00036      
4.03245       -0.00035      
4.03734       -0.00035      
4.04222       -0.00035      
4.04711       -0.00035      
4.05200       -0.00035      
4.05688       -0.00035      
4.06177       -0.00034      
4.06666       -0.00034      
4.07154       -0.00034      
4.07643       -0.00034      
4.08132       -0.00034      
4.08620       -0.00034      
4.09109       -0.00034      
4.09598       -0.00033      
4.10086       -0.00033      
4.10575       -0.00033      
4.11064       -0.00033      
4.11552       -0.00033      
4.12041       -0.00033      
4.12530       -0.00033      
4.13018       -0.00032      
4.13507       -0.00032      
4.13996       -0.00032      
4.14484       -0.00032      
4.14973       -0.00032      
4.15462       -0.00032      
4.15950       -0.00032      
4.16439       -0.00032      
4.16928       -0.00031      
4.17416       -0.00031      
4.17905       -0.00031      
4.18394       -0.00031      
4.18882       -0.00031      
4.19371       -0.00031      
4.19860       -0.00031      
4.20348       -0.00031      
4.20837       -0.00030      
4.21326       -0.00030      
4.21814       -0.00030      
4.22303       -0.00030      
4.22792       -0.00030      
4.23280       -0.00030      
4.23769       -0.00030      
4.24258       -0.00030      
4.24746       -0.00029      
4.25235       -0.00029      
4.25724       -0.00029      
4.26212       -0.00029      
4.26701       -0.00029      
4.27190       -0.00029      
4.27678       -0.00029      
4.28167       -0.00029      
4.28656       -0.00028      
4.29144       -0.00028      
4.29633       -0.00028      
4.30122       -0.00028      
4.30610       -0.00028      
4.31099       -0.00028      
4.31587       -0.00028      
4.32076       -0.00028      
4.32565       -0.00028      
4.33053       -0.00027      
4.33542       -0.00027      
4.34031       -0.00027      
4.34519       -0.00027      
4.35008       -0.00027      
4.35497       -0.00027      
4.35985       -0.00027      
4.36474       -0.00027      
4.36963       -0.00027      
4.37451       -0.00027      
4.37940       -0.00026      
4.38429       -0.00026      
4.38917       -0.00026      
4.39406       -0.00026      
4.39895       -0.00026      
4.40383       -0.00026      
4.40872       -0.00026      
4.41361       -0.00026      
4.41849       -0.00026      
4.42338       -0.00025      
4.42827       -0.00025      
4.43315       -0.00025      
4.43804       -0.00025      
4.44293       -0.00025      
4.44781       -0.00025      
4.45270       -0.00025      
4.45759       -0.00025      
4.46247       -0.00025      
4.46736       -0.00025      
4.47225       -0.00025      
4.47713       -0.00024      
4.48202       -0.00024      
4.48691       -0.00024      
4.49179       -0.00024      
4.49668       -0.00024      
4.50157       -0.00024      
4.50645       -0.00024      
4.51134       -0.00024      
4.51623       -0.00024      
4.52111       -0.00024      
4.52600       -0.00023      
4.53089       -0.00023      
4.53577       -0.00023      
4.54066       -0.00023      
4.54555       -0.00023      
4.55043       -0.00023      
4.55532       -0.00023      
4.56021       -0.00023      
4.56509       -0.00023      
4.56998       -0.00023      
4.57487       -0.00023      
4.57975       -0.00023      
4.58464       -0.00022      
4.58952       -0.00022      
4.59441       -0.00022      
4.59930       -0.00022      
4.60418       -0.00022      
4.60907       -0.00022      
4.61396       -0.00022      
4.61884       -0.00022      
4.62373       -0.00022      
4.62862       -0.00022      
4.63350       -0.00022      
4.63839       -0.00022      
4.64328       -0.00021      
4.64816       -0.00021      
4.65305       -0.00021      
4.65794       -0.00021      
4.66282       -0.00021      
4.66771       -0.00021      
4.67260       -0.00021      
4.67748       -0.00021      
4.68237       -0.00021      
4.68726       -0.00021      
4.69214       -0.00021      
4.69703       -0.00021      
4.70192       -0.00020      
4.70680       -0.00020      
4.71169       -0.00020      
4.71658       -0.00020      
4.72146       -0.00020      
4.72635       -0.00020      
4.73124       -0.00020      
4.73612       -0.00020      
4.74101       -0.00020      
4.74590       -0.00020      
4.75078       -0.00020      
4.75567       -0.00020      
4.76056       -0.00020      
4.76544       -0.00020      
4.77033       -0.00019      
4.77522       -0.00019      
4.78010       -0.00019      
4.78499       -0.00019      
4.78988       -0.00019      
4.79476       -0.00019      
4.79965       -0.00019      
4.80454       -0.00019      
4.80942       -0.00019      
4.81431       -0.00019      
4.81920       -0.00019      
4.82408       -0.00019      
4.82897       -0.00019      
4.83386       -0.00019      
4.83874       -0.00018      
4.84363       -0.00018      
4.84852       -0.00018      
4.85340       -0.00018      
4.85829       -0.00018      
4.86317       -0.00018      
4.86806       -0.00018      
4.87295       -0.00018      
4.87783       -0.00018      
4.88272       -0.00018      
4.88761       -0.00018      
4.89249       -0.00018      
4.89738       -0.00018      
4.90227       -0.00018      
4.90715       -0.00018      
4.91204       -0.00018      
4.91693       -0.00017      
4.92181       -0.00017      
4.92670       -0.00017      
4.93159       -0.00017      
4.93647       -0.00017      
4.94136       -0.00017      
4.94625       -0.00017      
4.95113       -0.00017      
4.95602       -0.00017      
4.96091       -0.00017      
4.96579       -0.00017      
4.97068       -0.00017      
4.97557       -0.00017      
4.98045       -0.00017      
4.98534       -0.00017      
4.99023       -0.00017      
4.99511       -0.00016      
5.00000       -0.00016      
