0.00100       1000000000006650740080640.00000
0.00589       577588570142784.75000
0.01077       409124583285.77063
0.01566       4597878309.96283
0.02055       176670176.39154
0.02543       13652865.21220
0.03032       1657050.53012 
0.03521       275877.21357  
0.04009       58066.67644   
0.04498       14675.04659   
0.04987       4314.09254    
0.05475       1454.24657    
0.05964       563.83704     
0.06453       256.00281     
0.06941       138.29185     
0.07430       88.55334      
0.07919       64.69866      
0.08407       52.05420      
0.08896       44.36667      
0.09385       38.95398      
0.09873       34.63392      
0.10362       31.85326      
0.10851       29.54484      
0.11339       27.51584      
0.11828       25.55029      
0.12317       24.19388      
0.12805       22.98110      
0.13294       21.84590      
0.13783       21.38593      
0.14271       20.58459      
0.14760       20.07669      
0.15248       19.63413      
0.15737       19.04305      
0.16226       18.75859      
0.16714       18.09817      
0.17203       17.34552      
0.17692       15.95671      
0.18180       13.66877      
0.18669       10.71168      
0.19158       7.56728       
0.19646       4.51855       
0.20135       1.76755       
0.20624       -0.57514      
0.21112       -2.59011      
0.21601       -4.48228      
0.22090       -5.78314      
0.22578       -6.96719      
0.23067       -8.00140      
0.23556       -8.72528      
0.24044       -9.40399      
0.24533       -9.66824      
0.25022       -9.81121      
0.25510       -10.01265     
0.25999       -9.92854      
0.26488       -9.60307      
0.26976       -9.30881      
0.27465       -9.17824      
0.27954       -8.72345      
0.28442       -8.14281      
0.28931       -7.78729      
0.29420       -7.37511      
0.29908       -6.96616      
0.30397       -6.40696      
0.30886       -5.91426      
0.31374       -5.61239      
0.31863       -5.34442      
0.32352       -4.95115      
0.32840       -4.54947      
0.33329       -4.40725      
0.33818       -4.11029      
0.34306       -3.75883      
0.34795       -3.54939      
0.35284       -3.37403      
0.35772       -3.05792      
0.36261       -2.78107      
0.36750       -2.59399      
0.37238       -2.27201      
0.37727       -1.95639      
0.38216       -1.63204      
0.38704       -1.33517      
0.39193       -1.09721      
0.39682       -0.81860      
0.40170       -0.63649      
0.40659       -0.30550      
0.41148       -0.31704      
0.41636       -0.31596      
0.42125       -0.15327      
0.42613       -0.27248      
0.43102       -0.37703      
0.43591       -0.35197      
0.44079       -0.43213      
0.44568       -0.49863      
0.45057       -0.53292      
0.45545       -0.57483      
0.46034       -0.72572      
0.46523       -0.69427      
0.47011       -0.67447      
0.47500       -0.65075      
0.47989       -0.71057      
0.48477       -0.76665      
0.48966       -0.68715      
0.49455       -0.62819      
0.49943       -0.64928      
0.50432       -0.65459      
0.50921       -0.59534      
0.51409       -0.54210      
0.51898       -0.54439      
0.52387       -0.65007      
0.52875       -0.72836      
0.53364       -0.63814      
0.53853       -0.58441      
0.54341       -0.62255      
0.54830       -0.65343      
0.55319       -0.60880      
0.55807       -0.57739      
0.56296       -0.65897      
0.56785       -0.74927      
0.57273       -0.68693      
0.57762       -0.61755      
0.58251       -0.69944      
0.58739       -0.71986      
0.59228       -0.64287      
0.59717       -0.62255      
0.60205       -0.64043      
0.60694       -0.66491      
0.61183       -0.67066      
0.61671       -0.67537      
0.62160       -0.67560      
0.62649       -0.65993      
0.63137       -0.69259      
0.63626       -0.69834      
0.64115       -0.63341      
0.64603       -0.50582      
0.65092       -0.44014      
0.65581       -0.52636      
0.66069       -0.59325      
0.66558       -0.51488      
0.67047       -0.35486      
0.67535       -0.44025      
0.68024       -0.57049      
0.68513       -0.33666      
0.69001       -0.26537      
0.69490       -0.37510      
0.69978       -0.26531      
0.70467       -0.15215      
0.70956       -0.19021      
0.71444       -0.21798      
0.71933       -0.17435      
0.72422       -0.12408      
0.72910       -0.14628      
0.73399       -0.18716      
0.73888       -0.13884      
0.74376       -0.04994      
0.74865       -0.02137      
0.75354       -0.02458      
0.75842       -0.04915      
0.76331       -0.06470      
0.76820       0.01239       
0.77308       0.11283       
0.77797       -0.01130      
0.78286       -0.01423      
0.78774       0.06563       
0.79263       0.11602       
0.79752       0.02983       
0.80240       -0.01380      
0.80729       0.01723       
0.81218       -0.00125      
0.81706       -0.02916      
0.82195       -0.06633      
0.82684       -0.08158      
0.83172       -0.01459      
0.83661       0.01234       
0.84150       -0.19909      
0.84638       -0.17489      
0.85127       -0.00217      
0.85616       -0.17135      
0.86104       -0.20703      
0.86593       -0.07143      
0.87082       -0.04066      
0.87570       -0.10591      
0.88059       -0.19660      
0.88548       -0.21584      
0.89036       -0.20058      
0.89525       -0.15131      
0.90014       -0.20156      
0.90502       -0.24184      
0.90991       -0.23632      
0.91480       -0.20203      
0.91968       -0.16314      
0.92457       -0.13984      
0.92946       -0.19778      
0.93434       -0.30015      
0.93923       -0.24810      
0.94412       -0.17646      
0.94900       -0.18939      
0.95389       -0.19453      
0.95878       -0.17494      
0.96366       -0.17801      
0.96855       -0.16095      
0.97343       -0.07325      
0.97832       -0.00772      
0.98321       -0.05049      
0.98809       -0.13855      
0.99298       -0.11300      
0.99787       -0.04844      
1.00275       -0.04408      
1.00764       -0.07337      
1.01253       -0.07905      
1.01741       -0.03639      
1.02230       -0.07230      
1.02719       -0.10642      
1.03207       -0.01134      
1.03696       0.05405       
1.04185       -0.06891      
1.04673       -0.15037      
1.05162       -0.01507      
1.05651       0.05251       
1.06139       0.04853       
1.06628       0.01717       
1.07117       0.01003       
1.07605       0.03369       
1.08094       0.05250       
1.08583       0.02435       
1.09071       0.05022       
1.09560       0.10065       
1.10049       0.07351       
1.10537       -0.00678      
1.11026       0.02093       
1.11515       0.14050       
1.12003       0.08543       
1.12492       -0.08790      
1.12981       -0.00285      
1.13469       0.07842       
1.13958       0.05455       
1.14447       0.02510       
1.14935       0.01250       
1.15424       0.00173       
1.15913       0.00904       
1.16401       0.00955       
1.16890       0.00487       
1.17379       0.00776       
1.17867       0.01307       
1.18356       0.04758       
1.18845       0.07130       
1.19333       0.05224       
1.19822       -0.04361      
1.20311       -0.04131      
1.20799       0.10182       
1.21288       0.04980       
1.21777       -0.01739      
1.22265       0.01993       
1.22754       -0.01756      
1.23243       0.02353       
1.23731       0.09051       
1.24220       0.02698       
1.24709       0.03043       
1.25197       0.08680       
1.25686       0.05001       
1.26174       0.01434       
1.26663       0.06615       
1.27152       0.14457       
1.27640       0.09066       
1.28129       -0.01700      
1.28618       -0.00946      
1.29106       0.03965       
1.29595       0.08581       
1.30084       0.09332       
1.30572       0.05175       
1.31061       0.04760       
1.31550       0.11834       
1.32038       0.07458       
1.32527       0.01881       
1.33016       0.01825       
1.33504       0.03643       
1.33993       0.06752       
1.34482       0.07673       
1.34970       0.01051       
1.35459       -0.00618      
1.35948       0.06035       
1.36436       0.08970       
1.36925       0.06695       
1.37414       0.08278       
1.37902       0.08016       
1.38391       0.05718       
1.38880       0.04416       
1.39368       0.06399       
1.39857       0.06545       
1.40346       0.08087       
1.40834       0.08675       
1.41323       0.02312       
1.41812       0.00364       
1.42300       0.04046       
1.42789       0.03319       
1.43278       0.00600       
1.43766       0.03327       
1.44255       0.02569       
1.44744       -0.01562      
1.45232       0.02650       
1.45721       0.04395       
1.46210       -0.00840      
1.46698       -0.00177      
1.47187       0.09355       
1.47676       -0.02349      
1.48164       -0.00072      
1.48653       0.09476       
1.49142       0.11212       
1.49630       0.03585       
1.50119       -0.03140      
1.50608       -0.03106      
1.51096       -0.03073      
1.51585       -0.03040      
1.52074       -0.03008      
1.52562       -0.02976      
1.53051       -0.02945      
1.53539       -0.02914      
1.54028       -0.02883      
1.54517       -0.02853      
1.55005       -0.02823      
1.55494       -0.02794      
1.55983       -0.02765      
1.56471       -0.02736      
1.56960       -0.02708      
1.57449       -0.02680      
1.57937       -0.02653      
1.58426       -0.02626      
1.58915       -0.02599      
1.59403       -0.02573      
1.59892       -0.02547      
1.60381       -0.02521      
1.60869       -0.02496      
1.61358       -0.02471      
1.61847       -0.02446      
1.62335       -0.02422      
1.62824       -0.02398      
1.63313       -0.02374      
1.63801       -0.02351      
1.64290       -0.02328      
1.64779       -0.02305      
1.65267       -0.02282      
1.65756       -0.02260      
1.66245       -0.02238      
1.66733       -0.02216      
1.67222       -0.02195      
1.67711       -0.02174      
1.68199       -0.02153      
1.68688       -0.02132      
1.69177       -0.02112      
1.69665       -0.02092      
1.70154       -0.02072      
1.70643       -0.02052      
1.71131       -0.02033      
1.71620       -0.02014      
1.72109       -0.01995      
1.72597       -0.01976      
1.73086       -0.01958      
1.73575       -0.01939      
1.74063       -0.01921      
1.74552       -0.01903      
1.75041       -0.01886      
1.75529       -0.01869      
1.76018       -0.01851      
1.76507       -0.01834      
1.76995       -0.01818      
1.77484       -0.01801      
1.77973       -0.01785      
1.78461       -0.01768      
1.78950       -0.01752      
1.79439       -0.01737      
1.79927       -0.01721      
1.80416       -0.01706      
1.80904       -0.01690      
1.81393       -0.01675      
1.81882       -0.01660      
1.82370       -0.01646      
1.82859       -0.01631      
1.83348       -0.01617      
1.83836       -0.01602      
1.84325       -0.01588      
1.84814       -0.01574      
1.85302       -0.01561      
1.85791       -0.01547      
1.86280       -0.01534      
1.86768       -0.01520      
1.87257       -0.01507      
1.87746       -0.01494      
1.88234       -0.01481      
1.88723       -0.01468      
1.89212       -0.01456      
1.89700       -0.01443      
1.90189       -0.01431      
1.90678       -0.01419      
1.91166       -0.01407      
1.91655       -0.01395      
1.92144       -0.01383      
1.92632       -0.01372      
1.93121       -0.01360      
1.93610       -0.01349      
1.94098       -0.01337      
1.94587       -0.01326      
1.95076       -0.01315      
1.95564       -0.01304      
1.96053       -0.01294      
1.96542       -0.01283      
1.97030       -0.01272      
1.97519       -0.01262      
1.98008       -0.01251      
1.98496       -0.01241      
1.98985       -0.01231      
1.99474       -0.01221      
1.99962       -0.01211      
2.00451       -0.01201      
2.00940       -0.01192      
2.01428       -0.01182      
2.01917       -0.01173      
2.02406       -0.01163      
2.02894       -0.01154      
2.03383       -0.01145      
2.03872       -0.01135      
2.04360       -0.01126      
2.04849       -0.01117      
2.05338       -0.01109      
2.05826       -0.01100      
2.06315       -0.01091      
2.06804       -0.01083      
2.07292       -0.01074      
2.07781       -0.01066      
2.08270       -0.01057      
2.08758       -0.01049      
2.09247       -0.01041      
2.09735       -0.01033      
2.10224       -0.01025      
2.10713       -0.01017      
2.11201       -0.01009      
2.11690       -0.01001      
2.12179       -0.00994      
2.12667       -0.00986      
2.13156       -0.00979      
2.13645       -0.00971      
2.14133       -0.00964      
2.14622       -0.00956      
2.15111       -0.00949      
2.15599       -0.00942      
2.16088       -0.00935      
2.16577       -0.00928      
2.17065       -0.00921      
2.17554       -0.00914      
2.18043       -0.00907      
2.18531       -0.00900      
2.19020       -0.00894      
2.19509       -0.00887      
2.19997       -0.00880      
2.20486       -0.00874      
2.20975       -0.00867      
2.21463       -0.00861      
2.21952       -0.00855      
2.22441       -0.00848      
2.22929       -0.00842      
2.23418       -0.00836      
2.23907       -0.00830      
2.24395       -0.00824      
2.24884       -0.00818      
2.25373       -0.00812      
2.25861       -0.00806      
2.26350       -0.00800      
2.26839       -0.00795      
2.27327       -0.00789      
2.27816       -0.00783      
2.28305       -0.00778      
2.28793       -0.00772      
2.29282       -0.00767      
2.29771       -0.00761      
2.30259       -0.00756      
2.30748       -0.00750      
2.31237       -0.00745      
2.31725       -0.00740      
2.32214       -0.00735      
2.32703       -0.00729      
2.33191       -0.00724      
2.33680       -0.00719      
2.34169       -0.00714      
2.34657       -0.00709      
2.35146       -0.00704      
2.35635       -0.00699      
2.36123       -0.00694      
2.36612       -0.00690      
2.37100       -0.00685      
2.37589       -0.00680      
2.38078       -0.00675      
2.38566       -0.00671      
2.39055       -0.00666      
2.39544       -0.00662      
2.40032       -0.00657      
2.40521       -0.00653      
2.41010       -0.00648      
2.41498       -0.00644      
2.41987       -0.00639      
2.42476       -0.00635      
2.42964       -0.00631      
2.43453       -0.00627      
2.43942       -0.00622      
2.44430       -0.00618      
2.44919       -0.00614      
2.45408       -0.00610      
2.45896       -0.00606      
2.46385       -0.00602      
2.46874       -0.00598      
2.47362       -0.00594      
2.47851       -0.00590      
2.48340       -0.00586      
2.48828       -0.00582      
2.49317       -0.00578      
2.49806       -0.00575      
2.50294       -0.00571      
2.50783       -0.00567      
2.51272       -0.00563      
2.51760       -0.00560      
2.52249       -0.00556      
2.52738       -0.00552      
2.53226       -0.00549      
2.53715       -0.00545      
2.54204       -0.00542      
2.54692       -0.00538      
2.55181       -0.00535      
2.55670       -0.00531      
2.56158       -0.00528      
2.56647       -0.00524      
2.57136       -0.00521      
2.57624       -0.00518      
2.58113       -0.00514      
2.58602       -0.00511      
2.59090       -0.00508      
2.59579       -0.00505      
2.60068       -0.00501      
2.60556       -0.00498      
2.61045       -0.00495      
2.61534       -0.00492      
2.62022       -0.00489      
2.62511       -0.00486      
2.63000       -0.00483      
2.63488       -0.00480      
2.63977       -0.00477      
2.64465       -0.00474      
2.64954       -0.00471      
2.65443       -0.00468      
2.65931       -0.00465      
2.66420       -0.00462      
2.66909       -0.00459      
2.67397       -0.00456      
2.67886       -0.00454      
2.68375       -0.00451      
2.68863       -0.00448      
2.69352       -0.00445      
2.69841       -0.00443      
2.70329       -0.00440      
2.70818       -0.00437      
2.71307       -0.00435      
2.71795       -0.00432      
2.72284       -0.00429      
2.72773       -0.00427      
2.73261       -0.00424      
2.73750       -0.00422      
2.74239       -0.00419      
2.74727       -0.00416      
2.75216       -0.00414      
2.75705       -0.00411      
2.76193       -0.00409      
2.76682       -0.00407      
2.77171       -0.00404      
2.77659       -0.00402      
2.78148       -0.00399      
2.78637       -0.00397      
2.79125       -0.00395      
2.79614       -0.00392      
2.80103       -0.00390      
2.80591       -0.00388      
2.81080       -0.00385      
2.81569       -0.00383      
2.82057       -0.00381      
2.82546       -0.00379      
2.83035       -0.00376      
2.83523       -0.00374      
2.84012       -0.00372      
2.84501       -0.00370      
2.84989       -0.00368      
2.85478       -0.00366      
2.85967       -0.00363      
2.86455       -0.00361      
2.86944       -0.00359      
2.87433       -0.00357      
2.87921       -0.00355      
2.88410       -0.00353      
2.88899       -0.00351      
2.89387       -0.00349      
2.89876       -0.00347      
2.90365       -0.00345      
2.90853       -0.00343      
2.91342       -0.00341      
2.91830       -0.00339      
2.92319       -0.00337      
2.92808       -0.00335      
2.93296       -0.00333      
2.93785       -0.00331      
2.94274       -0.00330      
2.94762       -0.00328      
2.95251       -0.00326      
2.95740       -0.00324      
2.96228       -0.00322      
2.96717       -0.00320      
2.97206       -0.00319      
2.97694       -0.00317      
2.98183       -0.00315      
2.98672       -0.00313      
2.99160       -0.00312      
2.99649       -0.00310      
3.00138       -0.00308      
3.00626       -0.00306      
3.01115       -0.00305      
3.01604       -0.00303      
3.02092       -0.00301      
3.02581       -0.00300      
3.03070       -0.00298      
3.03558       -0.00296      
3.04047       -0.00295      
3.04536       -0.00293      
3.05024       -0.00292      
3.05513       -0.00290      
3.06002       -0.00288      
3.06490       -0.00287      
3.06979       -0.00285      
3.07468       -0.00284      
3.07956       -0.00282      
3.08445       -0.00281      
3.08934       -0.00279      
3.09422       -0.00278      
3.09911       -0.00276      
3.10400       -0.00275      
3.10888       -0.00273      
3.11377       -0.00272      
3.11866       -0.00270      
3.12354       -0.00269      
3.12843       -0.00267      
3.13332       -0.00266      
3.13820       -0.00264      
3.14309       -0.00263      
3.14798       -0.00262      
3.15286       -0.00260      
3.15775       -0.00259      
3.16264       -0.00258      
3.16752       -0.00256      
3.17241       -0.00255      
3.17730       -0.00253      
3.18218       -0.00252      
3.18707       -0.00251      
3.19196       -0.00250      
3.19684       -0.00248      
3.20173       -0.00247      
3.20661       -0.00246      
3.21150       -0.00244      
3.21639       -0.00243      
3.22127       -0.00242      
3.22616       -0.00241      
3.23105       -0.00239      
3.23593       -0.00238      
3.24082       -0.00237      
3.24571       -0.00236      
3.25059       -0.00234      
3.25548       -0.00233      
3.26037       -0.00232      
3.26525       -0.00231      
3.27014       -0.00230      
3.27503       -0.00228      
3.27991       -0.00227      
3.28480       -0.00226      
3.28969       -0.00225      
3.29457       -0.00224      
3.29946       -0.00223      
3.30435       -0.00221      
3.30923       -0.00220      
3.31412       -0.00219      
3.31901       -0.00218      
3.32389       -0.00217      
3.32878       -0.00216      
3.33367       -0.00215      
3.33855       -0.00214      
3.34344       -0.00213      
3.34833       -0.00212      
3.35321       -0.00211      
3.35810       -0.00209      
3.36299       -0.00208      
3.36787       -0.00207      
3.37276       -0.00206      
3.37765       -0.00205      
3.38253       -0.00204      
3.38742       -0.00203      
3.39231       -0.00202      
3.39719       -0.00201      
3.40208       -0.00200      
3.40697       -0.00199      
3.41185       -0.00198      
3.41674       -0.00197      
3.42163       -0.00196      
3.42651       -0.00195      
3.43140       -0.00194      
3.43629       -0.00193      
3.44117       -0.00193      
3.44606       -0.00192      
3.45095       -0.00191      
3.45583       -0.00190      
3.46072       -0.00189      
3.46561       -0.00188      
3.47049       -0.00187      
3.47538       -0.00186      
3.48026       -0.00185      
3.48515       -0.00184      
3.49004       -0.00183      
3.49492       -0.00182      
3.49981       -0.00182      
3.50470       -0.00181      
3.50958       -0.00180      
3.51447       -0.00179      
3.51936       -0.00178      
3.52424       -0.00177      
3.52913       -0.00176      
3.53402       -0.00176      
3.53890       -0.00175      
3.54379       -0.00174      
3.54868       -0.00173      
3.55356       -0.00172      
3.55845       -0.00171      
3.56334       -0.00171      
3.56822       -0.00170      
3.57311       -0.00169      
3.57800       -0.00168      
3.58288       -0.00167      
3.58777       -0.00167      
3.59266       -0.00166      
3.59754       -0.00165      
3.60243       -0.00164      
3.60732       -0.00163      
3.61220       -0.00163      
3.61709       -0.00162      
3.62198       -0.00161      
3.62686       -0.00160      
3.63175       -0.00160      
3.63664       -0.00159      
3.64152       -0.00158      
3.64641       -0.00157      
3.65130       -0.00157      
3.65618       -0.00156      
3.66107       -0.00155      
3.66596       -0.00155      
3.67084       -0.00154      
3.67573       -0.00153      
3.68062       -0.00152      
3.68550       -0.00152      
3.69039       -0.00151      
3.69528       -0.00150      
3.70016       -0.00150      
3.70505       -0.00149      
3.70994       -0.00148      
3.71482       -0.00148      
3.71971       -0.00147      
3.72460       -0.00146      
3.72948       -0.00146      
3.73437       -0.00145      
3.73926       -0.00144      
3.74414       -0.00144      
3.74903       -0.00143      
3.75391       -0.00142      
3.75880       -0.00142      
3.76369       -0.00141      
3.76857       -0.00140      
3.77346       -0.00140      
3.77835       -0.00139      
3.78323       -0.00138      
3.78812       -0.00138      
3.79301       -0.00137      
3.79789       -0.00137      
3.80278       -0.00136      
3.80767       -0.00135      
3.81255       -0.00135      
3.81744       -0.00134      
3.82233       -0.00134      
3.82721       -0.00133      
3.83210       -0.00132      
3.83699       -0.00132      
3.84187       -0.00131      
3.84676       -0.00131      
3.85165       -0.00130      
3.85653       -0.00129      
3.86142       -0.00129      
3.86631       -0.00128      
3.87119       -0.00128      
3.87608       -0.00127      
3.88097       -0.00127      
3.88585       -0.00126      
3.89074       -0.00126      
3.89563       -0.00125      
3.90051       -0.00124      
3.90540       -0.00124      
3.91029       -0.00123      
3.91517       -0.00123      
3.92006       -0.00122      
3.92495       -0.00122      
3.92983       -0.00121      
3.93472       -0.00121      
3.93961       -0.00120      
3.94449       -0.00120      
3.94938       -0.00119      
3.95427       -0.00119      
3.95915       -0.00118      
3.96404       -0.00118      
3.96893       -0.00117      
3.97381       -0.00117      
3.97870       -0.00116      
3.98359       -0.00116      
3.98847       -0.00115      
3.99336       -0.00115      
3.99825       -0.00114      
4.00313       -0.00114      
4.00802       -0.00113      
4.01291       -0.00113      
4.01779       -0.00112      
4.02268       -0.00112      
4.02757       -0.00111      
4.03245       -0.00111      
4.03734       -0.00110      
4.04222       -0.00110      
4.04711       -0.00109      
4.05200       -0.00109      
4.05688       -0.00108      
4.06177       -0.00108      
4.06666       -0.00107      
4.07154       -0.00107      
4.07643       -0.00107      
4.08132       -0.00106      
4.08620       -0.00106      
4.09109       -0.00105      
4.09598       -0.00105      
4.10086       -0.00104      
4.10575       -0.00104      
4.11064       -0.00103      
4.11552       -0.00103      
4.12041       -0.00103      
4.12530       -0.00102      
4.13018       -0.00102      
4.13507       -0.00101      
4.13996       -0.00101      
4.14484       -0.00100      
4.14973       -0.00100      
4.15462       -0.00100      
4.15950       -0.00099      
4.16439       -0.00099      
4.16928       -0.00098      
4.17416       -0.00098      
4.17905       -0.00098      
4.18394       -0.00097      
4.18882       -0.00097      
4.19371       -0.00096      
4.19860       -0.00096      
4.20348       -0.00096      
4.20837       -0.00095      
4.21326       -0.00095      
4.21814       -0.00094      
4.22303       -0.00094      
4.22792       -0.00094      
4.23280       -0.00093      
4.23769       -0.00093      
4.24258       -0.00093      
4.24746       -0.00092      
4.25235       -0.00092      
4.25724       -0.00091      
4.26212       -0.00091      
4.26701       -0.00091      
4.27190       -0.00090      
4.27678       -0.00090      
4.28167       -0.00090      
4.28656       -0.00089      
4.29144       -0.00089      
4.29633       -0.00089      
4.30122       -0.00088      
4.30610       -0.00088      
4.31099       -0.00087      
4.31587       -0.00087      
4.32076       -0.00087      
4.32565       -0.00086      
4.33053       -0.00086      
4.33542       -0.00086      
4.34031       -0.00085      
4.34519       -0.00085      
4.35008       -0.00085      
4.35497       -0.00084      
4.35985       -0.00084      
4.36474       -0.00084      
4.36963       -0.00083      
4.37451       -0.00083      
4.37940       -0.00083      
4.38429       -0.00082      
4.38917       -0.00082      
4.39406       -0.00082      
4.39895       -0.00081      
4.40383       -0.00081      
4.40872       -0.00081      
4.41361       -0.00080      
4.41849       -0.00080      
4.42338       -0.00080      
4.42827       -0.00080      
4.43315       -0.00079      
4.43804       -0.00079      
4.44293       -0.00079      
4.44781       -0.00078      
4.45270       -0.00078      
4.45759       -0.00078      
4.46247       -0.00077      
4.46736       -0.00077      
4.47225       -0.00077      
4.47713       -0.00076      
4.48202       -0.00076      
4.48691       -0.00076      
4.49179       -0.00076      
4.49668       -0.00075      
4.50157       -0.00075      
4.50645       -0.00075      
4.51134       -0.00074      
4.51623       -0.00074      
4.52111       -0.00074      
4.52600       -0.00074      
4.53089       -0.00073      
4.53577       -0.00073      
4.54066       -0.00073      
4.54555       -0.00072      
4.55043       -0.00072      
4.55532       -0.00072      
4.56021       -0.00072      
4.56509       -0.00071      
4.56998       -0.00071      
4.57487       -0.00071      
4.57975       -0.00071      
4.58464       -0.00070      
4.58952       -0.00070      
4.59441       -0.00070      
4.59930       -0.00069      
4.60418       -0.00069      
4.60907       -0.00069      
4.61396       -0.00069      
4.61884       -0.00068      
4.62373       -0.00068      
4.62862       -0.00068      
4.63350       -0.00068      
4.63839       -0.00067      
4.64328       -0.00067      
4.64816       -0.00067      
4.65305       -0.00067      
4.65794       -0.00066      
4.66282       -0.00066      
4.66771       -0.00066      
4.67260       -0.00066      
4.67748       -0.00065      
4.68237       -0.00065      
4.68726       -0.00065      
4.69214       -0.00065      
4.69703       -0.00064      
4.70192       -0.00064      
4.70680       -0.00064      
4.71169       -0.00064      
4.71658       -0.00063      
4.72146       -0.00063      
4.72635       -0.00063      
4.73124       -0.00063      
4.73612       -0.00063      
4.74101       -0.00062      
4.74590       -0.00062      
4.75078       -0.00062      
4.75567       -0.00062      
4.76056       -0.00061      
4.76544       -0.00061      
4.77033       -0.00061      
4.77522       -0.00061      
4.78010       -0.00060      
4.78499       -0.00060      
4.78988       -0.00060      
4.79476       -0.00060      
4.79965       -0.00060      
4.80454       -0.00059      
4.80942       -0.00059      
4.81431       -0.00059      
4.81920       -0.00059      
4.82408       -0.00059      
4.82897       -0.00058      
4.83386       -0.00058      
4.83874       -0.00058      
4.84363       -0.00058      
4.84852       -0.00057      
4.85340       -0.00057      
4.85829       -0.00057      
4.86317       -0.00057      
4.86806       -0.00057      
4.87295       -0.00056      
4.87783       -0.00056      
4.88272       -0.00056      
4.88761       -0.00056      
4.89249       -0.00056      
4.89738       -0.00055      
4.90227       -0.00055      
4.90715       -0.00055      
4.91204       -0.00055      
4.91693       -0.00055      
4.92181       -0.00054      
4.92670       -0.00054      
4.93159       -0.00054      
4.93647       -0.00054      
4.94136       -0.00054      
4.94625       -0.00054      
4.95113       -0.00053      
4.95602       -0.00053      
4.96091       -0.00053      
4.96579       -0.00053      
4.97068       -0.00053      
4.97557       -0.00052      
4.98045       -0.00052      
4.98534       -0.00052      
4.99023       -0.00052      
4.99511       -0.00052      
5.00000       -0.00051      
