0.00100       1000000000006650740080640.00000
0.00589       577588570142785.25000
0.01077       409124583286.20288
0.01566       4597878310.39516
0.02055       176670176.82400
0.02543       13652859.94808
0.03032       1657040.09713 
0.03521       275862.35173  
0.04009       58047.65022   
0.04498       14657.69493   
0.04987       4302.04785    
0.05475       1446.69694    
0.05964       560.92934     
0.06453       256.94537     
0.06941       143.21285     
0.07430       97.54430      
0.07919       77.58779      
0.08407       68.13980      
0.08896       63.14992      
0.09385       60.69528      
0.09873       58.54188      
0.10362       57.33262      
0.10851       55.78637      
0.11339       53.95644      
0.11828       51.74620      
0.12317       49.61560      
0.12805       47.17195      
0.13294       45.23141      
0.13783       43.29748      
0.14271       41.03392      
0.14760       38.41103      
0.15248       34.76444      
0.15737       29.80463      
0.16226       24.43577      
0.16714       19.28713      
0.17203       14.61892      
0.17692       10.60249      
0.18180       7.00677       
0.18669       3.87193       
0.19158       1.05521       
0.19646       -1.45322      
0.20135       -3.60148      
0.20624       -5.50570      
0.21112       -6.97864      
0.21601       -8.34137      
0.22090       -9.36950      
0.22578       -10.04552     
0.23067       -10.75806     
0.23556       -11.07461     
0.24044       -11.17357     
0.24533       -11.28403     
0.25022       -11.10391     
0.25510       -10.87513     
0.25999       -10.76584     
0.26488       -10.20823     
0.26976       -9.83772      
0.27465       -9.47631      
0.27954       -9.00657      
0.28442       -8.52588      
0.28931       -8.16649      
0.29420       -7.92883      
0.29908       -7.66000      
0.30397       -7.33828      
0.30886       -7.14966      
0.31374       -6.94599      
0.31863       -6.59679      
0.32352       -6.23960      
0.32840       -5.94674      
0.33329       -5.66473      
0.33818       -5.22217      
0.34306       -5.01868      
0.34795       -4.68942      
0.35284       -4.34250      
0.35772       -4.13696      
0.36261       -3.83417      
0.36750       -3.47455      
0.37238       -3.33990      
0.37727       -3.21966      
0.38216       -2.96372      
0.38704       -2.74489      
0.39193       -2.56939      
0.39682       -2.45889      
0.40170       -2.21548      
0.40659       -2.05955      
0.41148       -1.70264      
0.41636       -1.47494      
0.42125       -1.12732      
0.42613       -1.00355      
0.43102       -0.77781      
0.43591       -0.58666      
0.44079       -0.55583      
0.44568       -0.55589      
0.45057       -0.50795      
0.45545       -0.52901      
0.46034       -0.53794      
0.46523       -0.50458      
0.47011       -0.60501      
0.47500       -0.52788      
0.47989       -0.44818      
0.48477       -0.61624      
0.48966       -0.63380      
0.49455       -0.51864      
0.49943       -0.54427      
0.50432       -0.52301      
0.50921       -0.54314      
0.51409       -0.48337      
0.51898       -0.46151      
0.52387       -0.59234      
0.52875       -0.51557      
0.53364       -0.47927      
0.53853       -0.61128      
0.54341       -0.58306      
0.54830       -0.52254      
0.55319       -0.62472      
0.55807       -0.60566      
0.56296       -0.63808      
0.56785       -0.72683      
0.57273       -0.69030      
0.57762       -0.73968      
0.58251       -0.80212      
0.58739       -0.73060      
0.59228       -0.77762      
0.59717       -0.79545      
0.60205       -0.68213      
0.60694       -0.73144      
0.61183       -0.70844      
0.61671       -0.71226      
0.62160       -0.71660      
0.62649       -0.69736      
0.63137       -0.70204      
0.63626       -0.60347      
0.64115       -0.56007      
0.64603       -0.66264      
0.65092       -0.68238      
0.65581       -0.57075      
0.66069       -0.50051      
0.66558       -0.49912      
0.67047       -0.54250      
0.67535       -0.45815      
0.68024       -0.40096      
0.68513       -0.51961      
0.69001       -0.38697      
0.69490       -0.26585      
0.69978       -0.39133      
0.70467       -0.46259      
0.70956       -0.34660      
0.71444       -0.21620      
0.71933       -0.24981      
0.72422       -0.32997      
0.72910       -0.24324      
0.73399       -0.20575      
0.73888       -0.22661      
0.74376       -0.24737      
0.74865       -0.33585      
0.75354       -0.18336      
0.75842       -0.20802      
0.76331       -0.24898      
0.76820       -0.29405      
0.77308       -0.26262      
0.77797       -0.23754      
0.78286       -0.22865      
0.78774       -0.24935      
0.79263       -0.22357      
0.79752       -0.19366      
0.80240       -0.24748      
0.80729       -0.26616      
0.81218       -0.20205      
0.81706       -0.17534      
0.82195       -0.24089      
0.82684       -0.26847      
0.83172       -0.21250      
0.83661       -0.18666      
0.84150       -0.20844      
0.84638       -0.21795      
0.85127       -0.21774      
0.85616       -0.21674      
0.86104       -0.18491      
0.86593       -0.22373      
0.87082       -0.19838      
0.87570       -0.23573      
0.88059       -0.25102      
0.88548       -0.19920      
0.89036       -0.18563      
0.89525       -0.24459      
0.90014       -0.21101      
0.90502       -0.26438      
0.90991       -0.35950      
0.91480       -0.13987      
0.91968       -0.26378      
0.92457       -0.32859      
0.92946       -0.26917      
0.93434       -0.27948      
0.93923       -0.28340      
0.94412       -0.19176      
0.94900       -0.19378      
0.95389       -0.28124      
0.95878       -0.27212      
0.96366       -0.18593      
0.96855       -0.13131      
0.97343       -0.17617      
0.97832       -0.23169      
0.98321       -0.27427      
0.98809       -0.19322      
0.99298       -0.14392      
0.99787       -0.25482      
1.00275       -0.24058      
1.00764       -0.21246      
1.01253       -0.20758      
1.01741       -0.15274      
1.02230       -0.22234      
1.02719       -0.24204      
1.03207       -0.18370      
1.03696       -0.13923      
1.04185       -0.23735      
1.04673       -0.18626      
1.05162       -0.09001      
1.05651       -0.14531      
1.06139       -0.20904      
1.06628       -0.10707      
1.07117       -0.06645      
1.07605       -0.15727      
1.08094       -0.11629      
1.08583       -0.05615      
1.09071       -0.01640      
1.09560       -0.22405      
1.10049       -0.02387      
1.10537       0.04773       
1.11026       -0.01420      
1.11515       -0.00954      
1.12003       -0.02158      
1.12492       -0.09822      
1.12981       0.04930       
1.13469       0.06124       
1.13958       -0.12891      
1.14447       -0.00863      
1.14935       0.07972       
1.15424       -0.05911      
1.15913       -0.05596      
1.16401       0.04645       
1.16890       -0.00726      
1.17379       -0.08373      
1.17867       -0.03506      
1.18356       -0.03198      
1.18845       -0.01621      
1.19333       -0.00237      
1.19822       -0.06008      
1.20311       -0.10749      
1.20799       -0.05119      
1.21288       -0.11259      
1.21777       -0.04388      
1.22265       -0.03660      
1.22754       -0.09579      
1.23243       -0.05590      
1.23731       -0.04189      
1.24220       -0.08655      
1.24709       -0.01599      
1.25197       -0.09682      
1.25686       -0.08949      
1.26174       0.02508       
1.26663       -0.03256      
1.27152       -0.02401      
1.27640       -0.12676      
1.28129       -0.09021      
1.28618       0.04962       
1.29106       -0.14724      
1.29595       -0.21082      
1.30084       0.00972       
1.30572       -0.00563      
1.31061       -0.11875      
1.31550       -0.10283      
1.32038       -0.03331      
1.32527       -0.10178      
1.33016       -0.17262      
1.33504       -0.15443      
1.33993       -0.07989      
1.34482       -0.03848      
1.34970       -0.11472      
1.35459       -0.16863      
1.35948       -0.10796      
1.36436       -0.05703      
1.36925       -0.08646      
1.37414       -0.04160      
1.37902       -0.07114      
1.38391       -0.03696      
1.38880       -0.07553      
1.39368       -0.06705      
1.39857       -0.03469      
1.40346       -0.11100      
1.40834       -0.12459      
1.41323       -0.07034      
1.41812       -0.04871      
1.42300       -0.06384      
1.42789       -0.09362      
1.43278       -0.10007      
1.43766       -0.06922      
1.44255       -0.10936      
1.44744       -0.05194      
1.45232       -0.07712      
1.45721       -0.05932      
1.46210       -0.04087      
1.46698       -0.06879      
1.47187       -0.08187      
1.47676       -0.08101      
1.48164       -0.01332      
1.48653       0.01994       
1.49142       -0.05092      
1.49630       -0.10159      
1.50119       -0.03631      
1.50608       -0.03592      
1.51096       -0.03553      
1.51585       -0.03515      
1.52074       -0.03478      
1.52562       -0.03441      
1.53051       -0.03404      
1.53539       -0.03368      
1.54028       -0.03332      
1.54517       -0.03297      
1.55005       -0.03263      
1.55494       -0.03229      
1.55983       -0.03195      
1.56471       -0.03162      
1.56960       -0.03129      
1.57449       -0.03097      
1.57937       -0.03065      
1.58426       -0.03034      
1.58915       -0.03003      
1.59403       -0.02972      
1.59892       -0.02942      
1.60381       -0.02912      
1.60869       -0.02882      
1.61358       -0.02853      
1.61847       -0.02825      
1.62335       -0.02797      
1.62824       -0.02769      
1.63313       -0.02741      
1.63801       -0.02714      
1.64290       -0.02687      
1.64779       -0.02661      
1.65267       -0.02634      
1.65756       -0.02609      
1.66245       -0.02583      
1.66733       -0.02558      
1.67222       -0.02533      
1.67711       -0.02509      
1.68199       -0.02484      
1.68688       -0.02460      
1.69177       -0.02437      
1.69665       -0.02413      
1.70154       -0.02390      
1.70643       -0.02368      
1.71131       -0.02345      
1.71620       -0.02323      
1.72109       -0.02301      
1.72597       -0.02279      
1.73086       -0.02258      
1.73575       -0.02237      
1.74063       -0.02216      
1.74552       -0.02195      
1.75041       -0.02175      
1.75529       -0.02155      
1.76018       -0.02135      
1.76507       -0.02115      
1.76995       -0.02096      
1.77484       -0.02077      
1.77973       -0.02058      
1.78461       -0.02039      
1.78950       -0.02020      
1.79439       -0.02002      
1.79927       -0.01984      
1.80416       -0.01966      
1.80904       -0.01948      
1.81393       -0.01931      
1.81882       -0.01914      
1.82370       -0.01897      
1.82859       -0.01880      
1.83348       -0.01863      
1.83836       -0.01847      
1.84325       -0.01830      
1.84814       -0.01814      
1.85302       -0.01798      
1.85791       -0.01783      
1.86280       -0.01767      
1.86768       -0.01752      
1.87257       -0.01736      
1.87746       -0.01721      
1.88234       -0.01706      
1.88723       -0.01692      
1.89212       -0.01677      
1.89700       -0.01663      
1.90189       -0.01649      
1.90678       -0.01634      
1.91166       -0.01621      
1.91655       -0.01607      
1.92144       -0.01593      
1.92632       -0.01580      
1.93121       -0.01566      
1.93610       -0.01553      
1.94098       -0.01540      
1.94587       -0.01527      
1.95076       -0.01515      
1.95564       -0.01502      
1.96053       -0.01489      
1.96542       -0.01477      
1.97030       -0.01465      
1.97519       -0.01453      
1.98008       -0.01441      
1.98496       -0.01429      
1.98985       -0.01417      
1.99474       -0.01406      
1.99962       -0.01394      
2.00451       -0.01383      
2.00940       -0.01372      
2.01428       -0.01361      
2.01917       -0.01350      
2.02406       -0.01339      
2.02894       -0.01328      
2.03383       -0.01317      
2.03872       -0.01307      
2.04360       -0.01296      
2.04849       -0.01286      
2.05338       -0.01276      
2.05826       -0.01266      
2.06315       -0.01256      
2.06804       -0.01246      
2.07292       -0.01236      
2.07781       -0.01226      
2.08270       -0.01217      
2.08758       -0.01207      
2.09247       -0.01198      
2.09735       -0.01188      
2.10224       -0.01179      
2.10713       -0.01170      
2.11201       -0.01161      
2.11690       -0.01152      
2.12179       -0.01143      
2.12667       -0.01134      
2.13156       -0.01126      
2.13645       -0.01117      
2.14133       -0.01109      
2.14622       -0.01100      
2.15111       -0.01092      
2.15599       -0.01083      
2.16088       -0.01075      
2.16577       -0.01067      
2.17065       -0.01059      
2.17554       -0.01051      
2.18043       -0.01043      
2.18531       -0.01035      
2.19020       -0.01028      
2.19509       -0.01020      
2.19997       -0.01012      
2.20486       -0.01005      
2.20975       -0.00998      
2.21463       -0.00990      
2.21952       -0.00983      
2.22441       -0.00976      
2.22929       -0.00968      
2.23418       -0.00961      
2.23907       -0.00954      
2.24395       -0.00947      
2.24884       -0.00940      
2.25373       -0.00934      
2.25861       -0.00927      
2.26350       -0.00920      
2.26839       -0.00913      
2.27327       -0.00907      
2.27816       -0.00900      
2.28305       -0.00894      
2.28793       -0.00887      
2.29282       -0.00881      
2.29771       -0.00875      
2.30259       -0.00869      
2.30748       -0.00862      
2.31237       -0.00856      
2.31725       -0.00850      
2.32214       -0.00844      
2.32703       -0.00838      
2.33191       -0.00832      
2.33680       -0.00827      
2.34169       -0.00821      
2.34657       -0.00815      
2.35146       -0.00809      
2.35635       -0.00804      
2.36123       -0.00798      
2.36612       -0.00793      
2.37100       -0.00787      
2.37589       -0.00782      
2.38078       -0.00776      
2.38566       -0.00771      
2.39055       -0.00766      
2.39544       -0.00760      
2.40032       -0.00755      
2.40521       -0.00750      
2.41010       -0.00745      
2.41498       -0.00740      
2.41987       -0.00735      
2.42476       -0.00730      
2.42964       -0.00725      
2.43453       -0.00720      
2.43942       -0.00715      
2.44430       -0.00710      
2.44919       -0.00706      
2.45408       -0.00701      
2.45896       -0.00696      
2.46385       -0.00691      
2.46874       -0.00687      
2.47362       -0.00682      
2.47851       -0.00678      
2.48340       -0.00673      
2.48828       -0.00669      
2.49317       -0.00664      
2.49806       -0.00660      
2.50294       -0.00656      
2.50783       -0.00651      
2.51272       -0.00647      
2.51760       -0.00643      
2.52249       -0.00639      
2.52738       -0.00634      
2.53226       -0.00630      
2.53715       -0.00626      
2.54204       -0.00622      
2.54692       -0.00618      
2.55181       -0.00614      
2.55670       -0.00610      
2.56158       -0.00606      
2.56647       -0.00602      
2.57136       -0.00598      
2.57624       -0.00595      
2.58113       -0.00591      
2.58602       -0.00587      
2.59090       -0.00583      
2.59579       -0.00580      
2.60068       -0.00576      
2.60556       -0.00572      
2.61045       -0.00569      
2.61534       -0.00565      
2.62022       -0.00561      
2.62511       -0.00558      
2.63000       -0.00554      
2.63488       -0.00551      
2.63977       -0.00548      
2.64465       -0.00544      
2.64954       -0.00541      
2.65443       -0.00537      
2.65931       -0.00534      
2.66420       -0.00531      
2.66909       -0.00527      
2.67397       -0.00524      
2.67886       -0.00521      
2.68375       -0.00518      
2.68863       -0.00514      
2.69352       -0.00511      
2.69841       -0.00508      
2.70329       -0.00505      
2.70818       -0.00502      
2.71307       -0.00499      
2.71795       -0.00496      
2.72284       -0.00493      
2.72773       -0.00490      
2.73261       -0.00487      
2.73750       -0.00484      
2.74239       -0.00481      
2.74727       -0.00478      
2.75216       -0.00475      
2.75705       -0.00472      
2.76193       -0.00470      
2.76682       -0.00467      
2.77171       -0.00464      
2.77659       -0.00461      
2.78148       -0.00458      
2.78637       -0.00456      
2.79125       -0.00453      
2.79614       -0.00450      
2.80103       -0.00448      
2.80591       -0.00445      
2.81080       -0.00442      
2.81569       -0.00440      
2.82057       -0.00437      
2.82546       -0.00435      
2.83035       -0.00432      
2.83523       -0.00429      
2.84012       -0.00427      
2.84501       -0.00424      
2.84989       -0.00422      
2.85478       -0.00420      
2.85967       -0.00417      
2.86455       -0.00415      
2.86944       -0.00412      
2.87433       -0.00410      
2.87921       -0.00408      
2.88410       -0.00405      
2.88899       -0.00403      
2.89387       -0.00401      
2.89876       -0.00398      
2.90365       -0.00396      
2.90853       -0.00394      
2.91342       -0.00391      
2.91830       -0.00389      
2.92319       -0.00387      
2.92808       -0.00385      
2.93296       -0.00383      
2.93785       -0.00380      
2.94274       -0.00378      
2.94762       -0.00376      
2.95251       -0.00374      
2.95740       -0.00372      
2.96228       -0.00370      
2.96717       -0.00368      
2.97206       -0.00366      
2.97694       -0.00364      
2.98183       -0.00362      
2.98672       -0.00360      
2.99160       -0.00358      
2.99649       -0.00356      
3.00138       -0.00354      
3.00626       -0.00352      
3.01115       -0.00350      
3.01604       -0.00348      
3.02092       -0.00346      
3.02581       -0.00344      
3.03070       -0.00342      
3.03558       -0.00340      
3.04047       -0.00338      
3.04536       -0.00336      
3.05024       -0.00335      
3.05513       -0.00333      
3.06002       -0.00331      
3.06490       -0.00329      
3.06979       -0.00327      
3.07468       -0.00325      
3.07956       -0.00324      
3.08445       -0.00322      
3.08934       -0.00320      
3.09422       -0.00318      
3.09911       -0.00317      
3.10400       -0.00315      
3.10888       -0.00313      
3.11377       -0.00312      
3.11866       -0.00310      
3.12354       -0.00308      
3.12843       -0.00307      
3.13332       -0.00305      
3.13820       -0.00303      
3.14309       -0.00302      
3.14798       -0.00300      
3.15286       -0.00299      
3.15775       -0.00297      
3.16264       -0.00295      
3.16752       -0.00294      
3.17241       -0.00292      
3.17730       -0.00291      
3.18218       -0.00289      
3.18707       -0.00288      
3.19196       -0.00286      
3.19684       -0.00285      
3.20173       -0.00283      
3.20661       -0.00282      
3.21150       -0.00280      
3.21639       -0.00279      
3.22127       -0.00277      
3.22616       -0.00276      
3.23105       -0.00274      
3.23593       -0.00273      
3.24082       -0.00272      
3.24571       -0.00270      
3.25059       -0.00269      
3.25548       -0.00267      
3.26037       -0.00266      
3.26525       -0.00265      
3.27014       -0.00263      
3.27503       -0.00262      
3.27991       -0.00261      
3.28480       -0.00259      
3.28969       -0.00258      
3.29457       -0.00257      
3.29946       -0.00255      
3.30435       -0.00254      
3.30923       -0.00253      
3.31412       -0.00251      
3.31901       -0.00250      
3.32389       -0.00249      
3.32878       -0.00248      
3.33367       -0.00246      
3.33855       -0.00245      
3.34344       -0.00244      
3.34833       -0.00243      
3.35321       -0.00241      
3.35810       -0.00240      
3.36299       -0.00239      
3.36787       -0.00238      
3.37276       -0.00237      
3.37765       -0.00235      
3.38253       -0.00234      
3.38742       -0.00233      
3.39231       -0.00232      
3.39719       -0.00231      
3.40208       -0.00230      
3.40697       -0.00229      
3.41185       -0.00227      
3.41674       -0.00226      
3.42163       -0.00225      
3.42651       -0.00224      
3.43140       -0.00223      
3.43629       -0.00222      
3.44117       -0.00221      
3.44606       -0.00220      
3.45095       -0.00219      
3.45583       -0.00218      
3.46072       -0.00216      
3.46561       -0.00215      
3.47049       -0.00214      
3.47538       -0.00213      
3.48026       -0.00212      
3.48515       -0.00211      
3.49004       -0.00210      
3.49492       -0.00209      
3.49981       -0.00208      
3.50470       -0.00207      
3.50958       -0.00206      
3.51447       -0.00205      
3.51936       -0.00204      
3.52424       -0.00203      
3.52913       -0.00202      
3.53402       -0.00201      
3.53890       -0.00200      
3.54379       -0.00199      
3.54868       -0.00198      
3.55356       -0.00197      
3.55845       -0.00197      
3.56334       -0.00196      
3.56822       -0.00195      
3.57311       -0.00194      
3.57800       -0.00193      
3.58288       -0.00192      
3.58777       -0.00191      
3.59266       -0.00190      
3.59754       -0.00189      
3.60243       -0.00188      
3.60732       -0.00187      
3.61220       -0.00187      
3.61709       -0.00186      
3.62198       -0.00185      
3.62686       -0.00184      
3.63175       -0.00183      
3.63664       -0.00182      
3.64152       -0.00181      
3.64641       -0.00181      
3.65130       -0.00180      
3.65618       -0.00179      
3.66107       -0.00178      
3.66596       -0.00177      
3.67084       -0.00176      
3.67573       -0.00176      
3.68062       -0.00175      
3.68550       -0.00174      
3.69039       -0.00173      
3.69528       -0.00172      
3.70016       -0.00172      
3.70505       -0.00171      
3.70994       -0.00170      
3.71482       -0.00169      
3.71971       -0.00168      
3.72460       -0.00168      
3.72948       -0.00167      
3.73437       -0.00166      
3.73926       -0.00165      
3.74414       -0.00165      
3.74903       -0.00164      
3.75391       -0.00163      
3.75880       -0.00162      
3.76369       -0.00162      
3.76857       -0.00161      
3.77346       -0.00160      
3.77835       -0.00159      
3.78323       -0.00159      
3.78812       -0.00158      
3.79301       -0.00157      
3.79789       -0.00157      
3.80278       -0.00156      
3.80767       -0.00155      
3.81255       -0.00155      
3.81744       -0.00154      
3.82233       -0.00153      
3.82721       -0.00152      
3.83210       -0.00152      
3.83699       -0.00151      
3.84187       -0.00150      
3.84676       -0.00150      
3.85165       -0.00149      
3.85653       -0.00148      
3.86142       -0.00148      
3.86631       -0.00147      
3.87119       -0.00146      
3.87608       -0.00146      
3.88097       -0.00145      
3.88585       -0.00145      
3.89074       -0.00144      
3.89563       -0.00143      
3.90051       -0.00143      
3.90540       -0.00142      
3.91029       -0.00141      
3.91517       -0.00141      
3.92006       -0.00140      
3.92495       -0.00140      
3.92983       -0.00139      
3.93472       -0.00138      
3.93961       -0.00138      
3.94449       -0.00137      
3.94938       -0.00137      
3.95427       -0.00136      
3.95915       -0.00135      
3.96404       -0.00135      
3.96893       -0.00134      
3.97381       -0.00134      
3.97870       -0.00133      
3.98359       -0.00132      
3.98847       -0.00132      
3.99336       -0.00131      
3.99825       -0.00131      
4.00313       -0.00130      
4.00802       -0.00130      
4.01291       -0.00129      
4.01779       -0.00129      
4.02268       -0.00128      
4.02757       -0.00127      
4.03245       -0.00127      
4.03734       -0.00126      
4.04222       -0.00126      
4.04711       -0.00125      
4.05200       -0.00125      
4.05688       -0.00124      
4.06177       -0.00124      
4.06666       -0.00123      
4.07154       -0.00123      
4.07643       -0.00122      
4.08132       -0.00122      
4.08620       -0.00121      
4.09109       -0.00121      
4.09598       -0.00120      
4.10086       -0.00120      
4.10575       -0.00119      
4.11064       -0.00119      
4.11552       -0.00118      
4.12041       -0.00118      
4.12530       -0.00117      
4.13018       -0.00117      
4.13507       -0.00116      
4.13996       -0.00116      
4.14484       -0.00115      
4.14973       -0.00115      
4.15462       -0.00114      
4.15950       -0.00114      
4.16439       -0.00113      
4.16928       -0.00113      
4.17416       -0.00112      
4.17905       -0.00112      
4.18394       -0.00111      
4.18882       -0.00111      
4.19371       -0.00110      
4.19860       -0.00110      
4.20348       -0.00110      
4.20837       -0.00109      
4.21326       -0.00109      
4.21814       -0.00108      
4.22303       -0.00108      
4.22792       -0.00107      
4.23280       -0.00107      
4.23769       -0.00106      
4.24258       -0.00106      
4.24746       -0.00106      
4.25235       -0.00105      
4.25724       -0.00105      
4.26212       -0.00104      
4.26701       -0.00104      
4.27190       -0.00104      
4.27678       -0.00103      
4.28167       -0.00103      
4.28656       -0.00102      
4.29144       -0.00102      
4.29633       -0.00101      
4.30122       -0.00101      
4.30610       -0.00101      
4.31099       -0.00100      
4.31587       -0.00100      
4.32076       -0.00099      
4.32565       -0.00099      
4.33053       -0.00099      
4.33542       -0.00098      
4.34031       -0.00098      
4.34519       -0.00097      
4.35008       -0.00097      
4.35497       -0.00097      
4.35985       -0.00096      
4.36474       -0.00096      
4.36963       -0.00096      
4.37451       -0.00095      
4.37940       -0.00095      
4.38429       -0.00094      
4.38917       -0.00094      
4.39406       -0.00094      
4.39895       -0.00093      
4.40383       -0.00093      
4.40872       -0.00093      
4.41361       -0.00092      
4.41849       -0.00092      
4.42338       -0.00091      
4.42827       -0.00091      
4.43315       -0.00091      
4.43804       -0.00090      
4.44293       -0.00090      
4.44781       -0.00090      
4.45270       -0.00089      
4.45759       -0.00089      
4.46247       -0.00089      
4.46736       -0.00088      
4.47225       -0.00088      
4.47713       -0.00088      
4.48202       -0.00087      
4.48691       -0.00087      
4.49179       -0.00087      
4.49668       -0.00086      
4.50157       -0.00086      
4.50645       -0.00086      
4.51134       -0.00085      
4.51623       -0.00085      
4.52111       -0.00085      
4.52600       -0.00084      
4.53089       -0.00084      
4.53577       -0.00084      
4.54066       -0.00083      
4.54555       -0.00083      
4.55043       -0.00083      
4.55532       -0.00082      
4.56021       -0.00082      
4.56509       -0.00082      
4.56998       -0.00081      
4.57487       -0.00081      
4.57975       -0.00081      
4.58464       -0.00080      
4.58952       -0.00080      
4.59441       -0.00080      
4.59930       -0.00080      
4.60418       -0.00079      
4.60907       -0.00079      
4.61396       -0.00079      
4.61884       -0.00078      
4.62373       -0.00078      
4.62862       -0.00078      
4.63350       -0.00077      
4.63839       -0.00077      
4.64328       -0.00077      
4.64816       -0.00077      
4.65305       -0.00076      
4.65794       -0.00076      
4.66282       -0.00076      
4.66771       -0.00075      
4.67260       -0.00075      
4.67748       -0.00075      
4.68237       -0.00075      
4.68726       -0.00074      
4.69214       -0.00074      
4.69703       -0.00074      
4.70192       -0.00074      
4.70680       -0.00073      
4.71169       -0.00073      
4.71658       -0.00073      
4.72146       -0.00072      
4.72635       -0.00072      
4.73124       -0.00072      
4.73612       -0.00072      
4.74101       -0.00071      
4.74590       -0.00071      
4.75078       -0.00071      
4.75567       -0.00071      
4.76056       -0.00070      
4.76544       -0.00070      
4.77033       -0.00070      
4.77522       -0.00070      
4.78010       -0.00069      
4.78499       -0.00069      
4.78988       -0.00069      
4.79476       -0.00069      
4.79965       -0.00068      
4.80454       -0.00068      
4.80942       -0.00068      
4.81431       -0.00068      
4.81920       -0.00067      
4.82408       -0.00067      
4.82897       -0.00067      
4.83386       -0.00067      
4.83874       -0.00066      
4.84363       -0.00066      
4.84852       -0.00066      
4.85340       -0.00066      
4.85829       -0.00065      
4.86317       -0.00065      
4.86806       -0.00065      
4.87295       -0.00065      
4.87783       -0.00064      
4.88272       -0.00064      
4.88761       -0.00064      
4.89249       -0.00064      
4.89738       -0.00064      
4.90227       -0.00063      
4.90715       -0.00063      
4.91204       -0.00063      
4.91693       -0.00063      
4.92181       -0.00062      
4.92670       -0.00062      
4.93159       -0.00062      
4.93647       -0.00062      
4.94136       -0.00062      
4.94625       -0.00061      
4.95113       -0.00061      
4.95602       -0.00061      
4.96091       -0.00061      
4.96579       -0.00060      
4.97068       -0.00060      
4.97557       -0.00060      
4.98045       -0.00060      
4.98534       -0.00060      
4.99023       -0.00059      
4.99511       -0.00059      
5.00000       -0.00059      
