0.00100       1000000000006650740080640.00000
0.00589       577588570142701.25000
0.01077       409124583199.87421
0.01566       4597878222.38315
0.02055       176670087.51263
0.02543       13652774.93528
0.03032       1656958.94800 
0.03521       275784.69678  
0.04009       57973.33788   
0.04498       14585.92890   
0.04987       4232.97378    
0.05475       1380.09476    
0.05964       495.71351     
0.06453       193.37354     
0.06941       80.77295      
0.07430       35.97560      
0.07919       16.88573      
0.08407       8.01258       
0.08896       4.06035       
0.09385       2.07637       
0.09873       1.07419       
0.10362       0.98126       
0.10851       0.90329       
0.11339       1.10627       
0.11828       1.49044       
0.12317       1.76227       
0.12805       2.15007       
0.13294       2.48757       
0.13783       2.72410       
0.14271       2.83694       
0.14760       2.78892       
0.15248       2.51132       
0.15737       2.08325       
0.16226       1.64055       
0.16714       1.19583       
0.17203       0.69466       
0.17692       0.19578       
0.18180       -0.17253      
0.18669       -0.41292      
0.19158       -0.70046      
0.19646       -0.93846      
0.20135       -0.87689      
0.20624       -0.79366      
0.21112       -0.93554      
0.21601       -0.72134      
0.22090       -0.51445      
0.22578       -0.43999      
0.23067       -0.26755      
0.23556       -0.00543      
0.24044       0.32726       
0.24533       0.63338       
0.25022       0.80817       
0.25510       0.90906       
0.25999       1.10838       
0.26488       1.48452       
0.26976       1.75384       
0.27465       1.71457       
0.27954       1.74064       
0.28442       2.00967       
0.28931       2.21171       
0.29420       2.25854       
0.29908       2.35746       
0.30397       2.56634       
0.30886       2.67310       
0.31374       2.65016       
0.31863       2.72150       
0.32352       2.91358       
0.32840       3.02619       
0.33329       3.01585       
0.33818       2.97358       
0.34306       2.96631       
0.34795       3.01270       
0.35284       3.03014       
0.35772       2.96881       
0.36261       2.86840       
0.36750       2.74779       
0.37238       2.63007       
0.37727       2.52246       
0.38216       2.42782       
0.38704       2.31524       
0.39193       2.18940       
0.39682       2.04584       
0.40170       1.89805       
0.40659       1.75980       
0.41148       1.63264       
0.41636       1.51818       
0.42125       1.40948       
0.42613       1.29253       
0.43102       1.17492       
0.43591       1.05015       
0.44079       0.93620       
0.44568       0.84182       
0.45057       0.76872       
0.45545       0.70686       
0.46034       0.62764       
0.46523       0.50541       
0.47011       0.34674       
0.47500       0.22059       
0.47989       0.18295       
0.48477       0.23957       
0.48966       0.29441       
0.49455       0.20846       
0.49943       0.01075       
0.50432       -0.09085      
0.50921       -0.05792      
0.51409       -0.02315      
0.51898       -0.03723      
0.52387       -0.06624      
0.52875       -0.08100      
0.53364       -0.10670      
0.53853       -0.11935      
0.54341       -0.12362      
0.54830       -0.13972      
0.55319       -0.17643      
0.55807       -0.19147      
0.56296       -0.17421      
0.56785       -0.13641      
0.57273       -0.12565      
0.57762       -0.15098      
0.58251       -0.16478      
0.58739       -0.14891      
0.59228       -0.12696      
0.59717       -0.12322      
0.60205       -0.14204      
0.60694       -0.14081      
0.61183       -0.08301      
0.61671       0.00039       
0.62160       0.05278       
0.62649       0.05237       
0.63137       0.02333       
0.63626       -0.00743      
0.64115       -0.00488      
0.64603       0.03276       
0.65092       0.08956       
0.65581       0.12655       
0.66069       0.11862       
0.66558       0.09105       
0.67047       0.08841       
0.67535       0.14974       
0.68024       0.23844       
0.68513       0.26650       
0.69001       0.21665       
0.69490       0.13527       
0.69978       0.14342       
0.70467       0.23017       
0.70956       0.27435       
0.71444       0.23075       
0.71933       0.14812       
0.72422       0.12091       
0.72910       0.15188       
0.73399       0.17488       
0.73888       0.16010       
0.74376       0.15022       
0.74865       0.16509       
0.75354       0.11373       
0.75842       -0.02707      
0.76331       -0.04459      
0.76820       0.08178       
0.77308       0.10534       
0.77797       -0.03230      
0.78286       -0.17737      
0.78774       -0.13718      
0.79263       -0.02230      
0.79752       -0.00928      
0.80240       -0.08571      
0.80729       -0.14514      
0.81218       -0.17109      
0.81706       -0.18055      
0.82195       -0.18510      
0.82684       -0.19620      
0.83172       -0.21272      
0.83661       -0.22204      
0.84150       -0.22104      
0.84638       -0.21478      
0.85127       -0.21917      
0.85616       -0.25187      
0.86104       -0.29918      
0.86593       -0.31181      
0.87082       -0.28806      
0.87570       -0.28435      
0.88059       -0.29710      
0.88548       -0.29330      
0.89036       -0.26878      
0.89525       -0.24455      
0.90014       -0.23384      
0.90502       -0.23284      
0.90991       -0.25107      
0.91480       -0.29440      
0.91968       -0.30558      
0.92457       -0.22556      
0.92946       -0.11130      
0.93434       -0.08447      
0.93923       -0.15600      
0.94412       -0.22446      
0.94900       -0.20777      
0.95389       -0.13766      
0.95878       -0.11320      
0.96366       -0.15140      
0.96855       -0.18462      
0.97343       -0.18143      
0.97832       -0.15545      
0.98321       -0.13046      
0.98809       -0.11573      
0.99298       -0.10680      
0.99787       -0.11011      
1.00275       -0.13457      
1.00764       -0.16839      
1.01253       -0.17979      
1.01741       -0.16504      
1.02230       -0.13824      
1.02719       -0.10543      
1.03207       -0.10790      
1.03696       -0.14669      
1.04185       -0.17774      
1.04673       -0.18545      
1.05162       -0.20014      
1.05651       -0.22065      
1.06139       -0.19635      
1.06628       -0.12836      
1.07117       -0.08005      
1.07605       -0.11451      
1.08094       -0.23621      
1.08583       -0.28824      
1.09071       -0.19932      
1.09560       -0.13869      
1.10049       -0.12889      
1.10537       -0.15256      
1.11026       -0.21700      
1.11515       -0.27038      
1.12003       -0.26359      
1.12492       -0.21454      
1.12981       -0.17001      
1.13469       -0.16640      
1.13958       -0.20160      
1.14447       -0.23856      
1.14935       -0.25203      
1.15424       -0.22650      
1.15913       -0.19337      
1.16401       -0.16925      
1.16890       -0.18077      
1.17379       -0.20622      
1.17867       -0.23135      
1.18356       -0.24179      
1.18845       -0.22846      
1.19333       -0.18522      
1.19822       -0.14399      
1.20311       -0.14098      
1.20799       -0.16499      
1.21288       -0.19354      
1.21777       -0.20919      
1.22265       -0.22530      
1.22754       -0.25789      
1.23243       -0.26715      
1.23731       -0.24615      
1.24220       -0.24003      
1.24709       -0.22723      
1.25197       -0.23316      
1.25686       -0.23794      
1.26174       -0.16284      
1.26663       -0.19827      
1.27152       -0.24201      
1.27640       -0.25556      
1.28129       -0.24123      
1.28618       -0.19761      
1.29106       -0.17618      
1.29595       -0.19348      
1.30084       -0.21789      
1.30572       -0.20498      
1.31061       -0.16617      
1.31550       -0.16040      
1.32038       -0.17219      
1.32527       -0.15966      
1.33016       -0.19650      
1.33504       -0.27582      
1.33993       -0.25723      
1.34482       -0.16985      
1.34970       -0.15121      
1.35459       -0.19582      
1.35948       -0.22750      
1.36436       -0.21942      
1.36925       -0.17971      
1.37414       -0.14915      
1.37902       -0.13756      
1.38391       -0.17077      
1.38880       -0.20550      
1.39368       -0.15858      
1.39857       -0.07312      
1.40346       -0.08320      
1.40834       -0.16847      
1.41323       -0.16360      
1.41812       -0.12611      
1.42300       -0.11449      
1.42789       -0.11417      
1.43278       -0.12839      
1.43766       -0.10169      
1.44255       -0.05373      
1.44744       -0.04621      
1.45232       -0.05624      
1.45721       -0.08908      
1.46210       -0.12809      
1.46698       -0.12410      
1.47187       -0.07756      
1.47676       -0.04650      
1.48164       -0.05184      
1.48653       -0.04985      
1.49142       -0.02745      
1.49630       0.00101       
1.50119       -0.00406      
1.50608       -0.00402      
1.51096       -0.00398      
1.51585       -0.00394      
1.52074       -0.00390      
1.52562       -0.00385      
1.53051       -0.00381      
1.53539       -0.00377      
1.54028       -0.00373      
1.54517       -0.00370      
1.55005       -0.00366      
1.55494       -0.00362      
1.55983       -0.00358      
1.56471       -0.00355      
1.56960       -0.00351      
1.57449       -0.00347      
1.57937       -0.00344      
1.58426       -0.00340      
1.58915       -0.00337      
1.59403       -0.00334      
1.59892       -0.00330      
1.60381       -0.00327      
1.60869       -0.00324      
1.61358       -0.00320      
1.61847       -0.00317      
1.62335       -0.00314      
1.62824       -0.00311      
1.63313       -0.00308      
1.63801       -0.00305      
1.64290       -0.00302      
1.64779       -0.00299      
1.65267       -0.00296      
1.65756       -0.00293      
1.66245       -0.00290      
1.66733       -0.00288      
1.67222       -0.00285      
1.67711       -0.00282      
1.68199       -0.00279      
1.68688       -0.00277      
1.69177       -0.00274      
1.69665       -0.00272      
1.70154       -0.00269      
1.70643       -0.00266      
1.71131       -0.00264      
1.71620       -0.00262      
1.72109       -0.00259      
1.72597       -0.00257      
1.73086       -0.00254      
1.73575       -0.00252      
1.74063       -0.00250      
1.74552       -0.00247      
1.75041       -0.00245      
1.75529       -0.00243      
1.76018       -0.00241      
1.76507       -0.00238      
1.76995       -0.00236      
1.77484       -0.00234      
1.77973       -0.00232      
1.78461       -0.00230      
1.78950       -0.00228      
1.79439       -0.00226      
1.79927       -0.00224      
1.80416       -0.00222      
1.80904       -0.00220      
1.81393       -0.00218      
1.81882       -0.00216      
1.82370       -0.00214      
1.82859       -0.00212      
1.83348       -0.00210      
1.83836       -0.00208      
1.84325       -0.00207      
1.84814       -0.00205      
1.85302       -0.00203      
1.85791       -0.00201      
1.86280       -0.00199      
1.86768       -0.00198      
1.87257       -0.00196      
1.87746       -0.00194      
1.88234       -0.00193      
1.88723       -0.00191      
1.89212       -0.00189      
1.89700       -0.00188      
1.90189       -0.00186      
1.90678       -0.00185      
1.91166       -0.00183      
1.91655       -0.00182      
1.92144       -0.00180      
1.92632       -0.00179      
1.93121       -0.00177      
1.93610       -0.00176      
1.94098       -0.00174      
1.94587       -0.00173      
1.95076       -0.00171      
1.95564       -0.00170      
1.96053       -0.00168      
1.96542       -0.00167      
1.97030       -0.00166      
1.97519       -0.00164      
1.98008       -0.00163      
1.98496       -0.00162      
1.98985       -0.00160      
1.99474       -0.00159      
1.99962       -0.00158      
2.00451       -0.00156      
2.00940       -0.00155      
2.01428       -0.00154      
2.01917       -0.00153      
2.02406       -0.00151      
2.02894       -0.00150      
2.03383       -0.00149      
2.03872       -0.00148      
2.04360       -0.00147      
2.04849       -0.00146      
2.05338       -0.00144      
2.05826       -0.00143      
2.06315       -0.00142      
2.06804       -0.00141      
2.07292       -0.00140      
2.07781       -0.00139      
2.08270       -0.00138      
2.08758       -0.00137      
2.09247       -0.00136      
2.09735       -0.00135      
2.10224       -0.00134      
2.10713       -0.00133      
2.11201       -0.00132      
2.11690       -0.00131      
2.12179       -0.00130      
2.12667       -0.00129      
2.13156       -0.00128      
2.13645       -0.00127      
2.14133       -0.00126      
2.14622       -0.00125      
2.15111       -0.00124      
2.15599       -0.00123      
2.16088       -0.00122      
2.16577       -0.00121      
2.17065       -0.00120      
2.17554       -0.00119      
2.18043       -0.00118      
2.18531       -0.00117      
2.19020       -0.00117      
2.19509       -0.00116      
2.19997       -0.00115      
2.20486       -0.00114      
2.20975       -0.00113      
2.21463       -0.00112      
2.21952       -0.00111      
2.22441       -0.00111      
2.22929       -0.00110      
2.23418       -0.00109      
2.23907       -0.00108      
2.24395       -0.00107      
2.24884       -0.00107      
2.25373       -0.00106      
2.25861       -0.00105      
2.26350       -0.00104      
2.26839       -0.00104      
2.27327       -0.00103      
2.27816       -0.00102      
2.28305       -0.00101      
2.28793       -0.00101      
2.29282       -0.00100      
2.29771       -0.00099      
2.30259       -0.00099      
2.30748       -0.00098      
2.31237       -0.00097      
2.31725       -0.00097      
2.32214       -0.00096      
2.32703       -0.00095      
2.33191       -0.00094      
2.33680       -0.00094      
2.34169       -0.00093      
2.34657       -0.00093      
2.35146       -0.00092      
2.35635       -0.00091      
2.36123       -0.00091      
2.36612       -0.00090      
2.37100       -0.00089      
2.37589       -0.00089      
2.38078       -0.00088      
2.38566       -0.00088      
2.39055       -0.00087      
2.39544       -0.00086      
2.40032       -0.00086      
2.40521       -0.00085      
2.41010       -0.00085      
2.41498       -0.00084      
2.41987       -0.00083      
2.42476       -0.00083      
2.42964       -0.00082      
2.43453       -0.00082      
2.43942       -0.00081      
2.44430       -0.00081      
2.44919       -0.00080      
2.45408       -0.00080      
2.45896       -0.00079      
2.46385       -0.00079      
2.46874       -0.00078      
2.47362       -0.00078      
2.47851       -0.00077      
2.48340       -0.00077      
2.48828       -0.00076      
2.49317       -0.00076      
2.49806       -0.00075      
2.50294       -0.00075      
2.50783       -0.00074      
2.51272       -0.00074      
2.51760       -0.00073      
2.52249       -0.00073      
2.52738       -0.00072      
2.53226       -0.00072      
2.53715       -0.00071      
2.54204       -0.00071      
2.54692       -0.00070      
2.55181       -0.00070      
2.55670       -0.00069      
2.56158       -0.00069      
2.56647       -0.00068      
2.57136       -0.00068      
2.57624       -0.00068      
2.58113       -0.00067      
2.58602       -0.00067      
2.59090       -0.00066      
2.59579       -0.00066      
2.60068       -0.00066      
2.60556       -0.00065      
2.61045       -0.00065      
2.61534       -0.00064      
2.62022       -0.00064      
2.62511       -0.00063      
2.63000       -0.00063      
2.63488       -0.00063      
2.63977       -0.00062      
2.64465       -0.00062      
2.64954       -0.00062      
2.65443       -0.00061      
2.65931       -0.00061      
2.66420       -0.00060      
2.66909       -0.00060      
2.67397       -0.00060      
2.67886       -0.00059      
2.68375       -0.00059      
2.68863       -0.00059      
2.69352       -0.00058      
2.69841       -0.00058      
2.70329       -0.00057      
2.70818       -0.00057      
2.71307       -0.00057      
2.71795       -0.00056      
2.72284       -0.00056      
2.72773       -0.00056      
2.73261       -0.00055      
2.73750       -0.00055      
2.74239       -0.00055      
2.74727       -0.00054      
2.75216       -0.00054      
2.75705       -0.00054      
2.76193       -0.00053      
2.76682       -0.00053      
2.77171       -0.00053      
2.77659       -0.00053      
2.78148       -0.00052      
2.78637       -0.00052      
2.79125       -0.00052      
2.79614       -0.00051      
2.80103       -0.00051      
2.80591       -0.00051      
2.81080       -0.00050      
2.81569       -0.00050      
2.82057       -0.00050      
2.82546       -0.00049      
2.83035       -0.00049      
2.83523       -0.00049      
2.84012       -0.00049      
2.84501       -0.00048      
2.84989       -0.00048      
2.85478       -0.00048      
2.85967       -0.00048      
2.86455       -0.00047      
2.86944       -0.00047      
2.87433       -0.00047      
2.87921       -0.00046      
2.88410       -0.00046      
2.88899       -0.00046      
2.89387       -0.00046      
2.89876       -0.00045      
2.90365       -0.00045      
2.90853       -0.00045      
2.91342       -0.00045      
2.91830       -0.00044      
2.92319       -0.00044      
2.92808       -0.00044      
2.93296       -0.00044      
2.93785       -0.00043      
2.94274       -0.00043      
2.94762       -0.00043      
2.95251       -0.00043      
2.95740       -0.00042      
2.96228       -0.00042      
2.96717       -0.00042      
2.97206       -0.00042      
2.97694       -0.00041      
2.98183       -0.00041      
2.98672       -0.00041      
2.99160       -0.00041      
2.99649       -0.00041      
3.00138       -0.00040      
3.00626       -0.00040      
3.01115       -0.00040      
3.01604       -0.00040      
3.02092       -0.00039      
3.02581       -0.00039      
3.03070       -0.00039      
3.03558       -0.00039      
3.04047       -0.00039      
3.04536       -0.00038      
3.05024       -0.00038      
3.05513       -0.00038      
3.06002       -0.00038      
3.06490       -0.00038      
3.06979       -0.00037      
3.07468       -0.00037      
3.07956       -0.00037      
3.08445       -0.00037      
3.08934       -0.00037      
3.09422       -0.00036      
3.09911       -0.00036      
3.10400       -0.00036      
3.10888       -0.00036      
3.11377       -0.00036      
3.11866       -0.00035      
3.12354       -0.00035      
3.12843       -0.00035      
3.13332       -0.00035      
3.13820       -0.00035      
3.14309       -0.00034      
3.14798       -0.00034      
3.15286       -0.00034      
3.15775       -0.00034      
3.16264       -0.00034      
3.16752       -0.00034      
3.17241       -0.00033      
3.17730       -0.00033      
3.18218       -0.00033      
3.18707       -0.00033      
3.19196       -0.00033      
3.19684       -0.00032      
3.20173       -0.00032      
3.20661       -0.00032      
3.21150       -0.00032      
3.21639       -0.00032      
3.22127       -0.00032      
3.22616       -0.00031      
3.23105       -0.00031      
3.23593       -0.00031      
3.24082       -0.00031      
3.24571       -0.00031      
3.25059       -0.00031      
3.25548       -0.00031      
3.26037       -0.00030      
3.26525       -0.00030      
3.27014       -0.00030      
3.27503       -0.00030      
3.27991       -0.00030      
3.28480       -0.00030      
3.28969       -0.00029      
3.29457       -0.00029      
3.29946       -0.00029      
3.30435       -0.00029      
3.30923       -0.00029      
3.31412       -0.00029      
3.31901       -0.00029      
3.32389       -0.00028      
3.32878       -0.00028      
3.33367       -0.00028      
3.33855       -0.00028      
3.34344       -0.00028      
3.34833       -0.00028      
3.35321       -0.00028      
3.35810       -0.00027      
3.36299       -0.00027      
3.36787       -0.00027      
3.37276       -0.00027      
3.37765       -0.00027      
3.38253       -0.00027      
3.38742       -0.00027      
3.39231       -0.00026      
3.39719       -0.00026      
3.40208       -0.00026      
3.40697       -0.00026      
3.41185       -0.00026      
3.41674       -0.00026      
3.42163       -0.00026      
3.42651       -0.00026      
3.43140       -0.00025      
3.43629       -0.00025      
3.44117       -0.00025      
3.44606       -0.00025      
3.45095       -0.00025      
3.45583       -0.00025      
3.46072       -0.00025      
3.46561       -0.00025      
3.47049       -0.00024      
3.47538       -0.00024      
3.48026       -0.00024      
3.48515       -0.00024      
3.49004       -0.00024      
3.49492       -0.00024      
3.49981       -0.00024      
3.50470       -0.00024      
3.50958       -0.00024      
3.51447       -0.00023      
3.51936       -0.00023      
3.52424       -0.00023      
3.52913       -0.00023      
3.53402       -0.00023      
3.53890       -0.00023      
3.54379       -0.00023      
3.54868       -0.00023      
3.55356       -0.00023      
3.55845       -0.00022      
3.56334       -0.00022      
3.56822       -0.00022      
3.57311       -0.00022      
3.57800       -0.00022      
3.58288       -0.00022      
3.58777       -0.00022      
3.59266       -0.00022      
3.59754       -0.00022      
3.60243       -0.00021      
3.60732       -0.00021      
3.61220       -0.00021      
3.61709       -0.00021      
3.62198       -0.00021      
3.62686       -0.00021      
3.63175       -0.00021      
3.63664       -0.00021      
3.64152       -0.00021      
3.64641       -0.00021      
3.65130       -0.00021      
3.65618       -0.00020      
3.66107       -0.00020      
3.66596       -0.00020      
3.67084       -0.00020      
3.67573       -0.00020      
3.68062       -0.00020      
3.68550       -0.00020      
3.69039       -0.00020      
3.69528       -0.00020      
3.70016       -0.00020      
3.70505       -0.00019      
3.70994       -0.00019      
3.71482       -0.00019      
3.71971       -0.00019      
3.72460       -0.00019      
3.72948       -0.00019      
3.73437       -0.00019      
3.73926       -0.00019      
3.74414       -0.00019      
3.74903       -0.00019      
3.75391       -0.00019      
3.75880       -0.00019      
3.76369       -0.00018      
3.76857       -0.00018      
3.77346       -0.00018      
3.77835       -0.00018      
3.78323       -0.00018      
3.78812       -0.00018      
3.79301       -0.00018      
3.79789       -0.00018      
3.80278       -0.00018      
3.80767       -0.00018      
3.81255       -0.00018      
3.81744       -0.00018      
3.82233       -0.00017      
3.82721       -0.00017      
3.83210       -0.00017      
3.83699       -0.00017      
3.84187       -0.00017      
3.84676       -0.00017      
3.85165       -0.00017      
3.85653       -0.00017      
3.86142       -0.00017      
3.86631       -0.00017      
3.87119       -0.00017      
3.87608       -0.00017      
3.88097       -0.00017      
3.88585       -0.00017      
3.89074       -0.00016      
3.89563       -0.00016      
3.90051       -0.00016      
3.90540       -0.00016      
3.91029       -0.00016      
3.91517       -0.00016      
3.92006       -0.00016      
3.92495       -0.00016      
3.92983       -0.00016      
3.93472       -0.00016      
3.93961       -0.00016      
3.94449       -0.00016      
3.94938       -0.00016      
3.95427       -0.00016      
3.95915       -0.00015      
3.96404       -0.00015      
3.96893       -0.00015      
3.97381       -0.00015      
3.97870       -0.00015      
3.98359       -0.00015      
3.98847       -0.00015      
3.99336       -0.00015      
3.99825       -0.00015      
4.00313       -0.00015      
4.00802       -0.00015      
4.01291       -0.00015      
4.01779       -0.00015      
4.02268       -0.00015      
4.02757       -0.00015      
4.03245       -0.00014      
4.03734       -0.00014      
4.04222       -0.00014      
4.04711       -0.00014      
4.05200       -0.00014      
4.05688       -0.00014      
4.06177       -0.00014      
4.06666       -0.00014      
4.07154       -0.00014      
4.07643       -0.00014      
4.08132       -0.00014      
4.08620       -0.00014      
4.09109       -0.00014      
4.09598       -0.00014      
4.10086       -0.00014      
4.10575       -0.00014      
4.11064       -0.00014      
4.11552       -0.00013      
4.12041       -0.00013      
4.12530       -0.00013      
4.13018       -0.00013      
4.13507       -0.00013      
4.13996       -0.00013      
4.14484       -0.00013      
4.14973       -0.00013      
4.15462       -0.00013      
4.15950       -0.00013      
4.16439       -0.00013      
4.16928       -0.00013      
4.17416       -0.00013      
4.17905       -0.00013      
4.18394       -0.00013      
4.18882       -0.00013      
4.19371       -0.00013      
4.19860       -0.00013      
4.20348       -0.00013      
4.20837       -0.00012      
4.21326       -0.00012      
4.21814       -0.00012      
4.22303       -0.00012      
4.22792       -0.00012      
4.23280       -0.00012      
4.23769       -0.00012      
4.24258       -0.00012      
4.24746       -0.00012      
4.25235       -0.00012      
4.25724       -0.00012      
4.26212       -0.00012      
4.26701       -0.00012      
4.27190       -0.00012      
4.27678       -0.00012      
4.28167       -0.00012      
4.28656       -0.00012      
4.29144       -0.00012      
4.29633       -0.00012      
4.30122       -0.00012      
4.30610       -0.00012      
4.31099       -0.00011      
4.31587       -0.00011      
4.32076       -0.00011      
4.32565       -0.00011      
4.33053       -0.00011      
4.33542       -0.00011      
4.34031       -0.00011      
4.34519       -0.00011      
4.35008       -0.00011      
4.35497       -0.00011      
4.35985       -0.00011      
4.36474       -0.00011      
4.36963       -0.00011      
4.37451       -0.00011      
4.37940       -0.00011      
4.38429       -0.00011      
4.38917       -0.00011      
4.39406       -0.00011      
4.39895       -0.00011      
4.40383       -0.00011      
4.40872       -0.00011      
4.41361       -0.00011      
4.41849       -0.00010      
4.42338       -0.00010      
4.42827       -0.00010      
4.43315       -0.00010      
4.43804       -0.00010      
4.44293       -0.00010      
4.44781       -0.00010      
4.45270       -0.00010      
4.45759       -0.00010      
4.46247       -0.00010      
4.46736       -0.00010      
4.47225       -0.00010      
4.47713       -0.00010      
4.48202       -0.00010      
4.48691       -0.00010      
4.49179       -0.00010      
4.49668       -0.00010      
4.50157       -0.00010      
4.50645       -0.00010      
4.51134       -0.00010      
4.51623       -0.00010      
4.52111       -0.00010      
4.52600       -0.00010      
4.53089       -0.00010      
4.53577       -0.00010      
4.54066       -0.00010      
4.54555       -0.00009      
4.55043       -0.00009      
4.55532       -0.00009      
4.56021       -0.00009      
4.56509       -0.00009      
4.56998       -0.00009      
4.57487       -0.00009      
4.57975       -0.00009      
4.58464       -0.00009      
4.58952       -0.00009      
4.59441       -0.00009      
4.59930       -0.00009      
4.60418       -0.00009      
4.60907       -0.00009      
4.61396       -0.00009      
4.61884       -0.00009      
4.62373       -0.00009      
4.62862       -0.00009      
4.63350       -0.00009      
4.63839       -0.00009      
4.64328       -0.00009      
4.64816       -0.00009      
4.65305       -0.00009      
4.65794       -0.00009      
4.66282       -0.00009      
4.66771       -0.00009      
4.67260       -0.00009      
4.67748       -0.00009      
4.68237       -0.00009      
4.68726       -0.00009      
4.69214       -0.00008      
4.69703       -0.00008      
4.70192       -0.00008      
4.70680       -0.00008      
4.71169       -0.00008      
4.71658       -0.00008      
4.72146       -0.00008      
4.72635       -0.00008      
4.73124       -0.00008      
4.73612       -0.00008      
4.74101       -0.00008      
4.74590       -0.00008      
4.75078       -0.00008      
4.75567       -0.00008      
4.76056       -0.00008      
4.76544       -0.00008      
4.77033       -0.00008      
4.77522       -0.00008      
4.78010       -0.00008      
4.78499       -0.00008      
4.78988       -0.00008      
4.79476       -0.00008      
4.79965       -0.00008      
4.80454       -0.00008      
4.80942       -0.00008      
4.81431       -0.00008      
4.81920       -0.00008      
4.82408       -0.00008      
4.82897       -0.00008      
4.83386       -0.00008      
4.83874       -0.00008      
4.84363       -0.00008      
4.84852       -0.00008      
4.85340       -0.00008      
4.85829       -0.00007      
4.86317       -0.00007      
4.86806       -0.00007      
4.87295       -0.00007      
4.87783       -0.00007      
4.88272       -0.00007      
4.88761       -0.00007      
4.89249       -0.00007      
4.89738       -0.00007      
4.90227       -0.00007      
4.90715       -0.00007      
4.91204       -0.00007      
4.91693       -0.00007      
4.92181       -0.00007      
4.92670       -0.00007      
4.93159       -0.00007      
4.93647       -0.00007      
4.94136       -0.00007      
4.94625       -0.00007      
4.95113       -0.00007      
4.95602       -0.00007      
4.96091       -0.00007      
4.96579       -0.00007      
4.97068       -0.00007      
4.97557       -0.00007      
4.98045       -0.00007      
4.98534       -0.00007      
4.99023       -0.00007      
4.99511       -0.00007      
5.00000       -0.00007      
