0.00100       1000000000006650740080640.00000
0.00589       577588570142785.12500
0.01077       409124583286.10516
0.01566       4597878310.29704
0.02055       176670171.04644
0.02543       13652852.15154
0.03032       1657030.61222 
0.03521       275851.54275  
0.04009       58035.10219   
0.04498       14643.45368   
0.04987       4286.26567    
0.05475       1430.16564    
0.05964       542.73590     
0.06453       237.75516     
0.06941       123.11497     
0.07430       75.70235      
0.07919       54.14644      
0.08407       42.93309      
0.08896       35.59956      
0.09385       29.72116      
0.09873       24.50694      
0.10362       20.03743      
0.10851       15.87887      
0.11339       12.47648      
0.11828       9.63213       
0.12317       7.06442       
0.12805       5.01685       
0.13294       3.41002       
0.13783       1.51032       
0.14271       0.78710       
0.14760       -0.17684      
0.15248       -1.14246      
0.15737       -1.48715      
0.16226       -2.04850      
0.16714       -2.55854      
0.17203       -3.15327      
0.17692       -3.45207      
0.18180       -3.72164      
0.18669       -3.76932      
0.19158       -3.81798      
0.19646       -3.93289      
0.20135       -4.20148      
0.20624       -4.89460      
0.21112       -5.95910      
0.21601       -6.89430      
0.22090       -8.07462      
0.22578       -8.71089      
0.23067       -8.94493      
0.23556       -9.23241      
0.24044       -9.19996      
0.24533       -8.97297      
0.25022       -8.51367      
0.25510       -8.24387      
0.25999       -7.86848      
0.26488       -7.14523      
0.26976       -6.77054      
0.27465       -6.30284      
0.27954       -5.76488      
0.28442       -5.43796      
0.28931       -5.18514      
0.29420       -4.94185      
0.29908       -4.68528      
0.30397       -4.43704      
0.30886       -4.21739      
0.31374       -3.96755      
0.31863       -3.77968      
0.32352       -3.55747      
0.32840       -3.28834      
0.33329       -3.10758      
0.33818       -2.89140      
0.34306       -2.61820      
0.34795       -2.49181      
0.35284       -2.35463      
0.35772       -2.11727      
0.36261       -1.93054      
0.36750       -1.84226      
0.37238       -1.49096      
0.37727       -1.28556      
0.38216       -1.09526      
0.38704       -0.59936      
0.39193       -0.58801      
0.39682       -0.20200      
0.40170       0.11281       
0.40659       0.36217       
0.41148       0.52264       
0.41636       0.80061       
0.42125       1.00906       
0.42613       1.34426       
0.43102       1.62156       
0.43591       1.77355       
0.44079       2.06186       
0.44568       2.30065       
0.45057       2.35969       
0.45545       2.53136       
0.46034       2.58604       
0.46523       2.57295       
0.47011       2.55797       
0.47500       2.54029       
0.47989       2.42742       
0.48477       2.37499       
0.48966       2.27417       
0.49455       1.99602       
0.49943       1.89422       
0.50432       1.82349       
0.50921       1.56046       
0.51409       1.47587       
0.51898       1.30819       
0.52387       1.09023       
0.52875       1.00137       
0.53364       0.97091       
0.53853       0.87662       
0.54341       0.63136       
0.54830       0.54178       
0.55319       0.67617       
0.55807       0.44768       
0.56296       0.23876       
0.56785       0.37719       
0.57273       0.31847       
0.57762       0.18643       
0.58251       0.16687       
0.58739       0.18043       
0.59228       0.18003       
0.59717       0.11975       
0.60205       0.07026       
0.60694       0.08657       
0.61183       0.09672       
0.61671       0.13509       
0.62160       0.12022       
0.62649       0.08966       
0.63137       0.10626       
0.63626       0.14775       
0.64115       0.13116       
0.64603       0.10012       
0.65092       0.12930       
0.65581       0.15984       
0.66069       0.13551       
0.66558       0.11511       
0.67047       0.16219       
0.67535       0.13055       
0.68024       0.12063       
0.68513       0.21054       
0.69001       0.29324       
0.69490       0.20693       
0.69978       0.12002       
0.70467       0.20233       
0.70956       0.33580       
0.71444       0.30643       
0.71933       0.30199       
0.72422       0.25600       
0.72910       0.25121       
0.73399       0.33427       
0.73888       0.36578       
0.74376       0.35362       
0.74865       0.31458       
0.75354       0.37907       
0.75842       0.52747       
0.76331       0.43343       
0.76820       0.32933       
0.77308       0.46195       
0.77797       0.46662       
0.78286       0.39517       
0.78774       0.43672       
0.79263       0.48260       
0.79752       0.47253       
0.80240       0.47506       
0.80729       0.52205       
0.81218       0.52288       
0.81706       0.42658       
0.82195       0.36851       
0.82684       0.50170       
0.83172       0.57796       
0.83661       0.40330       
0.84150       0.34837       
0.84638       0.48019       
0.85127       0.47832       
0.85616       0.33991       
0.86104       0.31640       
0.86593       0.35393       
0.87082       0.30374       
0.87570       0.24380       
0.88059       0.33636       
0.88548       0.35009       
0.89036       0.23644       
0.89525       0.18857       
0.90014       0.19976       
0.90502       0.21627       
0.90991       0.21310       
0.91480       0.14230       
0.91968       0.05504       
0.92457       0.04629       
0.92946       0.07375       
0.93434       0.08324       
0.93923       0.12149       
0.94412       0.09746       
0.94900       0.02892       
0.95389       0.01426       
0.95878       0.07252       
0.96366       0.04953       
0.96855       -0.01785      
0.97343       -0.01164      
0.97832       -0.02759      
0.98321       0.01163       
0.98809       0.01167       
0.99298       -0.05230      
0.99787       0.00107       
1.00275       0.05022       
1.00764       -0.00903      
1.01253       -0.06494      
1.01741       0.03794       
1.02230       0.05438       
1.02719       -0.00605      
1.03207       -0.03795      
1.03696       -0.08159      
1.04185       -0.05903      
1.04673       -0.02499      
1.05162       -0.06008      
1.05651       -0.09841      
1.06139       -0.08289      
1.06628       -0.04069      
1.07117       -0.02815      
1.07605       -0.04185      
1.08094       -0.03775      
1.08583       -0.01811      
1.09071       0.00956       
1.09560       0.03012       
1.10049       0.03693       
1.10537       0.03400       
1.11026       0.01153       
1.11515       0.04684       
1.12003       0.02378       
1.12492       -0.03587      
1.12981       -0.01470      
1.13469       0.00543       
1.13958       -0.02984      
1.14447       -0.03973      
1.14935       0.02369       
1.15424       0.07193       
1.15913       0.00191       
1.16401       -0.04309      
1.16890       0.00126       
1.17379       0.03211       
1.17867       0.05193       
1.18356       0.05381       
1.18845       -0.05364      
1.19333       -0.09991      
1.19822       0.04664       
1.20311       0.08717       
1.20799       -0.00670      
1.21288       0.00344       
1.21777       0.02373       
1.22265       -0.00897      
1.22754       -0.04443      
1.23243       -0.00791      
1.23731       0.08963       
1.24220       -0.01023      
1.24709       -0.04362      
1.25197       0.13443       
1.25686       0.09758       
1.26174       0.04502       
1.26663       0.01072       
1.27152       0.03494       
1.27640       0.10489       
1.28129       -0.04330      
1.28618       0.01354       
1.29106       -0.02294      
1.29595       -0.02949      
1.30084       0.03254       
1.30572       -0.02919      
1.31061       -0.07674      
1.31550       -0.05057      
1.32038       -0.01987      
1.32527       -0.01681      
1.33016       -0.00793      
1.33504       -0.01643      
1.33993       0.00143       
1.34482       -0.02437      
1.34970       -0.01747      
1.35459       -0.00131      
1.35948       -0.02318      
1.36436       -0.06911      
1.36925       -0.04752      
1.37414       -0.02682      
1.37902       -0.03881      
1.38391       -0.02838      
1.38880       -0.04755      
1.39368       -0.10546      
1.39857       -0.11008      
1.40346       -0.06871      
1.40834       -0.05872      
1.41323       -0.08136      
1.41812       -0.09174      
1.42300       -0.08984      
1.42789       -0.06109      
1.43278       -0.07803      
1.43766       -0.15617      
1.44255       -0.14530      
1.44744       -0.14510      
1.45232       -0.12135      
1.45721       -0.08784      
1.46210       -0.04208      
1.46698       -0.09322      
1.47187       -0.17389      
1.47676       -0.08446      
1.48164       -0.01809      
1.48653       -0.08393      
1.49142       -0.10864      
1.49630       -0.05046      
1.50119       -0.01888      
1.50608       -0.01868      
1.51096       -0.01848      
1.51585       -0.01829      
1.52074       -0.01809      
1.52562       -0.01790      
1.53051       -0.01771      
1.53539       -0.01752      
1.54028       -0.01734      
1.54517       -0.01716      
1.55005       -0.01698      
1.55494       -0.01680      
1.55983       -0.01663      
1.56471       -0.01646      
1.56960       -0.01629      
1.57449       -0.01612      
1.57937       -0.01596      
1.58426       -0.01579      
1.58915       -0.01563      
1.59403       -0.01548      
1.59892       -0.01532      
1.60381       -0.01516      
1.60869       -0.01501      
1.61358       -0.01486      
1.61847       -0.01471      
1.62335       -0.01457      
1.62824       -0.01442      
1.63313       -0.01428      
1.63801       -0.01414      
1.64290       -0.01400      
1.64779       -0.01386      
1.65267       -0.01373      
1.65756       -0.01359      
1.66245       -0.01346      
1.66733       -0.01333      
1.67222       -0.01320      
1.67711       -0.01307      
1.68199       -0.01295      
1.68688       -0.01283      
1.69177       -0.01270      
1.69665       -0.01258      
1.70154       -0.01246      
1.70643       -0.01234      
1.71131       -0.01223      
1.71620       -0.01211      
1.72109       -0.01200      
1.72597       -0.01189      
1.73086       -0.01178      
1.73575       -0.01167      
1.74063       -0.01156      
1.74552       -0.01145      
1.75041       -0.01134      
1.75529       -0.01124      
1.76018       -0.01114      
1.76507       -0.01103      
1.76995       -0.01093      
1.77484       -0.01083      
1.77973       -0.01074      
1.78461       -0.01064      
1.78950       -0.01054      
1.79439       -0.01045      
1.79927       -0.01035      
1.80416       -0.01026      
1.80904       -0.01017      
1.81393       -0.01008      
1.81882       -0.00999      
1.82370       -0.00990      
1.82859       -0.00981      
1.83348       -0.00972      
1.83836       -0.00964      
1.84325       -0.00955      
1.84814       -0.00947      
1.85302       -0.00939      
1.85791       -0.00931      
1.86280       -0.00922      
1.86768       -0.00914      
1.87257       -0.00907      
1.87746       -0.00899      
1.88234       -0.00891      
1.88723       -0.00883      
1.89212       -0.00876      
1.89700       -0.00868      
1.90189       -0.00861      
1.90678       -0.00854      
1.91166       -0.00846      
1.91655       -0.00839      
1.92144       -0.00832      
1.92632       -0.00825      
1.93121       -0.00818      
1.93610       -0.00811      
1.94098       -0.00805      
1.94587       -0.00798      
1.95076       -0.00791      
1.95564       -0.00785      
1.96053       -0.00778      
1.96542       -0.00772      
1.97030       -0.00765      
1.97519       -0.00759      
1.98008       -0.00753      
1.98496       -0.00747      
1.98985       -0.00741      
1.99474       -0.00735      
1.99962       -0.00729      
2.00451       -0.00723      
2.00940       -0.00717      
2.01428       -0.00711      
2.01917       -0.00705      
2.02406       -0.00700      
2.02894       -0.00694      
2.03383       -0.00689      
2.03872       -0.00683      
2.04360       -0.00678      
2.04849       -0.00672      
2.05338       -0.00667      
2.05826       -0.00662      
2.06315       -0.00656      
2.06804       -0.00651      
2.07292       -0.00646      
2.07781       -0.00641      
2.08270       -0.00636      
2.08758       -0.00631      
2.09247       -0.00626      
2.09735       -0.00621      
2.10224       -0.00617      
2.10713       -0.00612      
2.11201       -0.00607      
2.11690       -0.00602      
2.12179       -0.00598      
2.12667       -0.00593      
2.13156       -0.00589      
2.13645       -0.00584      
2.14133       -0.00580      
2.14622       -0.00575      
2.15111       -0.00571      
2.15599       -0.00567      
2.16088       -0.00562      
2.16577       -0.00558      
2.17065       -0.00554      
2.17554       -0.00550      
2.18043       -0.00546      
2.18531       -0.00542      
2.19020       -0.00538      
2.19509       -0.00534      
2.19997       -0.00530      
2.20486       -0.00526      
2.20975       -0.00522      
2.21463       -0.00518      
2.21952       -0.00514      
2.22441       -0.00510      
2.22929       -0.00507      
2.23418       -0.00503      
2.23907       -0.00499      
2.24395       -0.00496      
2.24884       -0.00492      
2.25373       -0.00489      
2.25861       -0.00485      
2.26350       -0.00481      
2.26839       -0.00478      
2.27327       -0.00475      
2.27816       -0.00471      
2.28305       -0.00468      
2.28793       -0.00464      
2.29282       -0.00461      
2.29771       -0.00458      
2.30259       -0.00455      
2.30748       -0.00451      
2.31237       -0.00448      
2.31725       -0.00445      
2.32214       -0.00442      
2.32703       -0.00439      
2.33191       -0.00436      
2.33680       -0.00433      
2.34169       -0.00430      
2.34657       -0.00427      
2.35146       -0.00424      
2.35635       -0.00421      
2.36123       -0.00418      
2.36612       -0.00415      
2.37100       -0.00412      
2.37589       -0.00409      
2.38078       -0.00406      
2.38566       -0.00404      
2.39055       -0.00401      
2.39544       -0.00398      
2.40032       -0.00395      
2.40521       -0.00393      
2.41010       -0.00390      
2.41498       -0.00387      
2.41987       -0.00385      
2.42476       -0.00382      
2.42964       -0.00380      
2.43453       -0.00377      
2.43942       -0.00374      
2.44430       -0.00372      
2.44919       -0.00369      
2.45408       -0.00367      
2.45896       -0.00365      
2.46385       -0.00362      
2.46874       -0.00360      
2.47362       -0.00357      
2.47851       -0.00355      
2.48340       -0.00353      
2.48828       -0.00350      
2.49317       -0.00348      
2.49806       -0.00346      
2.50294       -0.00343      
2.50783       -0.00341      
2.51272       -0.00339      
2.51760       -0.00337      
2.52249       -0.00334      
2.52738       -0.00332      
2.53226       -0.00330      
2.53715       -0.00328      
2.54204       -0.00326      
2.54692       -0.00324      
2.55181       -0.00322      
2.55670       -0.00320      
2.56158       -0.00318      
2.56647       -0.00316      
2.57136       -0.00313      
2.57624       -0.00311      
2.58113       -0.00309      
2.58602       -0.00308      
2.59090       -0.00306      
2.59579       -0.00304      
2.60068       -0.00302      
2.60556       -0.00300      
2.61045       -0.00298      
2.61534       -0.00296      
2.62022       -0.00294      
2.62511       -0.00292      
2.63000       -0.00290      
2.63488       -0.00289      
2.63977       -0.00287      
2.64465       -0.00285      
2.64954       -0.00283      
2.65443       -0.00282      
2.65931       -0.00280      
2.66420       -0.00278      
2.66909       -0.00276      
2.67397       -0.00275      
2.67886       -0.00273      
2.68375       -0.00271      
2.68863       -0.00270      
2.69352       -0.00268      
2.69841       -0.00266      
2.70329       -0.00265      
2.70818       -0.00263      
2.71307       -0.00261      
2.71795       -0.00260      
2.72284       -0.00258      
2.72773       -0.00257      
2.73261       -0.00255      
2.73750       -0.00254      
2.74239       -0.00252      
2.74727       -0.00251      
2.75216       -0.00249      
2.75705       -0.00248      
2.76193       -0.00246      
2.76682       -0.00245      
2.77171       -0.00243      
2.77659       -0.00242      
2.78148       -0.00240      
2.78637       -0.00239      
2.79125       -0.00237      
2.79614       -0.00236      
2.80103       -0.00235      
2.80591       -0.00233      
2.81080       -0.00232      
2.81569       -0.00230      
2.82057       -0.00229      
2.82546       -0.00228      
2.83035       -0.00226      
2.83523       -0.00225      
2.84012       -0.00224      
2.84501       -0.00222      
2.84989       -0.00221      
2.85478       -0.00220      
2.85967       -0.00219      
2.86455       -0.00217      
2.86944       -0.00216      
2.87433       -0.00215      
2.87921       -0.00214      
2.88410       -0.00212      
2.88899       -0.00211      
2.89387       -0.00210      
2.89876       -0.00209      
2.90365       -0.00208      
2.90853       -0.00206      
2.91342       -0.00205      
2.91830       -0.00204      
2.92319       -0.00203      
2.92808       -0.00202      
2.93296       -0.00201      
2.93785       -0.00199      
2.94274       -0.00198      
2.94762       -0.00197      
2.95251       -0.00196      
2.95740       -0.00195      
2.96228       -0.00194      
2.96717       -0.00193      
2.97206       -0.00192      
2.97694       -0.00191      
2.98183       -0.00190      
2.98672       -0.00189      
2.99160       -0.00187      
2.99649       -0.00186      
3.00138       -0.00185      
3.00626       -0.00184      
3.01115       -0.00183      
3.01604       -0.00182      
3.02092       -0.00181      
3.02581       -0.00180      
3.03070       -0.00179      
3.03558       -0.00178      
3.04047       -0.00177      
3.04536       -0.00176      
3.05024       -0.00175      
3.05513       -0.00174      
3.06002       -0.00174      
3.06490       -0.00173      
3.06979       -0.00172      
3.07468       -0.00171      
3.07956       -0.00170      
3.08445       -0.00169      
3.08934       -0.00168      
3.09422       -0.00167      
3.09911       -0.00166      
3.10400       -0.00165      
3.10888       -0.00164      
3.11377       -0.00163      
3.11866       -0.00163      
3.12354       -0.00162      
3.12843       -0.00161      
3.13332       -0.00160      
3.13820       -0.00159      
3.14309       -0.00158      
3.14798       -0.00157      
3.15286       -0.00157      
3.15775       -0.00156      
3.16264       -0.00155      
3.16752       -0.00154      
3.17241       -0.00153      
3.17730       -0.00153      
3.18218       -0.00152      
3.18707       -0.00151      
3.19196       -0.00150      
3.19684       -0.00149      
3.20173       -0.00149      
3.20661       -0.00148      
3.21150       -0.00147      
3.21639       -0.00146      
3.22127       -0.00145      
3.22616       -0.00145      
3.23105       -0.00144      
3.23593       -0.00143      
3.24082       -0.00142      
3.24571       -0.00142      
3.25059       -0.00141      
3.25548       -0.00140      
3.26037       -0.00140      
3.26525       -0.00139      
3.27014       -0.00138      
3.27503       -0.00137      
3.27991       -0.00137      
3.28480       -0.00136      
3.28969       -0.00135      
3.29457       -0.00135      
3.29946       -0.00134      
3.30435       -0.00133      
3.30923       -0.00133      
3.31412       -0.00132      
3.31901       -0.00131      
3.32389       -0.00131      
3.32878       -0.00130      
3.33367       -0.00129      
3.33855       -0.00129      
3.34344       -0.00128      
3.34833       -0.00127      
3.35321       -0.00127      
3.35810       -0.00126      
3.36299       -0.00125      
3.36787       -0.00125      
3.37276       -0.00124      
3.37765       -0.00124      
3.38253       -0.00123      
3.38742       -0.00122      
3.39231       -0.00122      
3.39719       -0.00121      
3.40208       -0.00120      
3.40697       -0.00120      
3.41185       -0.00119      
3.41674       -0.00119      
3.42163       -0.00118      
3.42651       -0.00118      
3.43140       -0.00117      
3.43629       -0.00116      
3.44117       -0.00116      
3.44606       -0.00115      
3.45095       -0.00115      
3.45583       -0.00114      
3.46072       -0.00114      
3.46561       -0.00113      
3.47049       -0.00112      
3.47538       -0.00112      
3.48026       -0.00111      
3.48515       -0.00111      
3.49004       -0.00110      
3.49492       -0.00110      
3.49981       -0.00109      
3.50470       -0.00109      
3.50958       -0.00108      
3.51447       -0.00108      
3.51936       -0.00107      
3.52424       -0.00107      
3.52913       -0.00106      
3.53402       -0.00106      
3.53890       -0.00105      
3.54379       -0.00105      
3.54868       -0.00104      
3.55356       -0.00104      
3.55845       -0.00103      
3.56334       -0.00103      
3.56822       -0.00102      
3.57311       -0.00102      
3.57800       -0.00101      
3.58288       -0.00101      
3.58777       -0.00100      
3.59266       -0.00100      
3.59754       -0.00099      
3.60243       -0.00099      
3.60732       -0.00098      
3.61220       -0.00098      
3.61709       -0.00097      
3.62198       -0.00097      
3.62686       -0.00097      
3.63175       -0.00096      
3.63664       -0.00096      
3.64152       -0.00095      
3.64641       -0.00095      
3.65130       -0.00094      
3.65618       -0.00094      
3.66107       -0.00093      
3.66596       -0.00093      
3.67084       -0.00093      
3.67573       -0.00092      
3.68062       -0.00092      
3.68550       -0.00091      
3.69039       -0.00091      
3.69528       -0.00090      
3.70016       -0.00090      
3.70505       -0.00090      
3.70994       -0.00089      
3.71482       -0.00089      
3.71971       -0.00088      
3.72460       -0.00088      
3.72948       -0.00088      
3.73437       -0.00087      
3.73926       -0.00087      
3.74414       -0.00086      
3.74903       -0.00086      
3.75391       -0.00086      
3.75880       -0.00085      
3.76369       -0.00085      
3.76857       -0.00084      
3.77346       -0.00084      
3.77835       -0.00084      
3.78323       -0.00083      
3.78812       -0.00083      
3.79301       -0.00083      
3.79789       -0.00082      
3.80278       -0.00082      
3.80767       -0.00081      
3.81255       -0.00081      
3.81744       -0.00081      
3.82233       -0.00080      
3.82721       -0.00080      
3.83210       -0.00080      
3.83699       -0.00079      
3.84187       -0.00079      
3.84676       -0.00079      
3.85165       -0.00078      
3.85653       -0.00078      
3.86142       -0.00078      
3.86631       -0.00077      
3.87119       -0.00077      
3.87608       -0.00077      
3.88097       -0.00076      
3.88585       -0.00076      
3.89074       -0.00076      
3.89563       -0.00075      
3.90051       -0.00075      
3.90540       -0.00075      
3.91029       -0.00074      
3.91517       -0.00074      
3.92006       -0.00074      
3.92495       -0.00073      
3.92983       -0.00073      
3.93472       -0.00073      
3.93961       -0.00072      
3.94449       -0.00072      
3.94938       -0.00072      
3.95427       -0.00071      
3.95915       -0.00071      
3.96404       -0.00071      
3.96893       -0.00070      
3.97381       -0.00070      
3.97870       -0.00070      
3.98359       -0.00070      
3.98847       -0.00069      
3.99336       -0.00069      
3.99825       -0.00069      
4.00313       -0.00068      
4.00802       -0.00068      
4.01291       -0.00068      
4.01779       -0.00067      
4.02268       -0.00067      
4.02757       -0.00067      
4.03245       -0.00067      
4.03734       -0.00066      
4.04222       -0.00066      
4.04711       -0.00066      
4.05200       -0.00065      
4.05688       -0.00065      
4.06177       -0.00065      
4.06666       -0.00065      
4.07154       -0.00064      
4.07643       -0.00064      
4.08132       -0.00064      
4.08620       -0.00064      
4.09109       -0.00063      
4.09598       -0.00063      
4.10086       -0.00063      
4.10575       -0.00063      
4.11064       -0.00062      
4.11552       -0.00062      
4.12041       -0.00062      
4.12530       -0.00061      
4.13018       -0.00061      
4.13507       -0.00061      
4.13996       -0.00061      
4.14484       -0.00060      
4.14973       -0.00060      
4.15462       -0.00060      
4.15950       -0.00060      
4.16439       -0.00059      
4.16928       -0.00059      
4.17416       -0.00059      
4.17905       -0.00059      
4.18394       -0.00058      
4.18882       -0.00058      
4.19371       -0.00058      
4.19860       -0.00058      
4.20348       -0.00058      
4.20837       -0.00057      
4.21326       -0.00057      
4.21814       -0.00057      
4.22303       -0.00057      
4.22792       -0.00056      
4.23280       -0.00056      
4.23769       -0.00056      
4.24258       -0.00056      
4.24746       -0.00055      
4.25235       -0.00055      
4.25724       -0.00055      
4.26212       -0.00055      
4.26701       -0.00055      
4.27190       -0.00054      
4.27678       -0.00054      
4.28167       -0.00054      
4.28656       -0.00054      
4.29144       -0.00053      
4.29633       -0.00053      
4.30122       -0.00053      
4.30610       -0.00053      
4.31099       -0.00053      
4.31587       -0.00052      
4.32076       -0.00052      
4.32565       -0.00052      
4.33053       -0.00052      
4.33542       -0.00052      
4.34031       -0.00051      
4.34519       -0.00051      
4.35008       -0.00051      
4.35497       -0.00051      
4.35985       -0.00051      
4.36474       -0.00050      
4.36963       -0.00050      
4.37451       -0.00050      
4.37940       -0.00050      
4.38429       -0.00050      
4.38917       -0.00049      
4.39406       -0.00049      
4.39895       -0.00049      
4.40383       -0.00049      
4.40872       -0.00049      
4.41361       -0.00048      
4.41849       -0.00048      
4.42338       -0.00048      
4.42827       -0.00048      
4.43315       -0.00048      
4.43804       -0.00047      
4.44293       -0.00047      
4.44781       -0.00047      
4.45270       -0.00047      
4.45759       -0.00047      
4.46247       -0.00047      
4.46736       -0.00046      
4.47225       -0.00046      
4.47713       -0.00046      
4.48202       -0.00046      
4.48691       -0.00046      
4.49179       -0.00045      
4.49668       -0.00045      
4.50157       -0.00045      
4.50645       -0.00045      
4.51134       -0.00045      
4.51623       -0.00045      
4.52111       -0.00044      
4.52600       -0.00044      
4.53089       -0.00044      
4.53577       -0.00044      
4.54066       -0.00044      
4.54555       -0.00044      
4.55043       -0.00043      
4.55532       -0.00043      
4.56021       -0.00043      
4.56509       -0.00043      
4.56998       -0.00043      
4.57487       -0.00043      
4.57975       -0.00042      
4.58464       -0.00042      
4.58952       -0.00042      
4.59441       -0.00042      
4.59930       -0.00042      
4.60418       -0.00042      
4.60907       -0.00041      
4.61396       -0.00041      
4.61884       -0.00041      
4.62373       -0.00041      
4.62862       -0.00041      
4.63350       -0.00041      
4.63839       -0.00041      
4.64328       -0.00040      
4.64816       -0.00040      
4.65305       -0.00040      
4.65794       -0.00040      
4.66282       -0.00040      
4.66771       -0.00040      
4.67260       -0.00039      
4.67748       -0.00039      
4.68237       -0.00039      
4.68726       -0.00039      
4.69214       -0.00039      
4.69703       -0.00039      
4.70192       -0.00039      
4.70680       -0.00038      
4.71169       -0.00038      
4.71658       -0.00038      
4.72146       -0.00038      
4.72635       -0.00038      
4.73124       -0.00038      
4.73612       -0.00038      
4.74101       -0.00037      
4.74590       -0.00037      
4.75078       -0.00037      
4.75567       -0.00037      
4.76056       -0.00037      
4.76544       -0.00037      
4.77033       -0.00037      
4.77522       -0.00037      
4.78010       -0.00036      
4.78499       -0.00036      
4.78988       -0.00036      
4.79476       -0.00036      
4.79965       -0.00036      
4.80454       -0.00036      
4.80942       -0.00036      
4.81431       -0.00035      
4.81920       -0.00035      
4.82408       -0.00035      
4.82897       -0.00035      
4.83386       -0.00035      
4.83874       -0.00035      
4.84363       -0.00035      
4.84852       -0.00035      
4.85340       -0.00034      
4.85829       -0.00034      
4.86317       -0.00034      
4.86806       -0.00034      
4.87295       -0.00034      
4.87783       -0.00034      
4.88272       -0.00034      
4.88761       -0.00034      
4.89249       -0.00033      
4.89738       -0.00033      
4.90227       -0.00033      
4.90715       -0.00033      
4.91204       -0.00033      
4.91693       -0.00033      
4.92181       -0.00033      
4.92670       -0.00033      
4.93159       -0.00033      
4.93647       -0.00032      
4.94136       -0.00032      
4.94625       -0.00032      
4.95113       -0.00032      
4.95602       -0.00032      
4.96091       -0.00032      
4.96579       -0.00032      
4.97068       -0.00032      
4.97557       -0.00032      
4.98045       -0.00031      
4.98534       -0.00031      
4.99023       -0.00031      
4.99511       -0.00031      
5.00000       -0.00031      
