0.00100       1000000000006650740080640.00000
0.00589       577588570142784.37500
0.01077       409124583285.44086
0.01566       4597878309.63327
0.02055       176670176.06220
0.02543       13652864.88309
0.03032       1657050.20124 
0.03521       275876.88491  
0.04009       58066.34800   
0.04498       14679.81285   
0.04987       4327.42570    
0.05475       1475.09385    
0.05964       591.32529     
0.06453       289.41071     
0.06941       177.39742     
0.07430       132.79595     
0.07919       113.91547     
0.08407       105.48365     
0.08896       101.53617     
0.09385       99.60910      
0.09873       98.63258      
0.10362       98.46821      
0.10851       98.46929      
0.11339       98.47037      
0.11828       98.47145      
0.12317       98.47254      
0.12805       98.47362      
0.13294       98.47470      
0.13783       98.47578      
0.14271       92.56512      
0.14760       81.29218      
0.15248       71.09871      
0.15737       62.72169      
0.16226       54.58143      
0.16714       46.81255      
0.17203       39.67104      
0.17692       33.20547      
0.18180       27.34516      
0.18669       22.15317      
0.19158       17.35092      
0.19646       12.89096      
0.20135       8.97524       
0.20624       5.70793       
0.21112       2.64123       
0.21601       0.01969       
0.22090       -2.04882      
0.22578       -3.95652      
0.23067       -5.71210      
0.23556       -6.89402      
0.24044       -8.09708      
0.24533       -8.85724      
0.25022       -9.56477      
0.25510       -10.00955     
0.25999       -10.26791     
0.26488       -10.50756     
0.26976       -10.47481     
0.27465       -10.60166     
0.27954       -10.63827     
0.28442       -10.88771     
0.28931       -11.05949     
0.29420       -11.23580     
0.29908       -11.44875     
0.30397       -11.48755     
0.30886       -11.43379     
0.31374       -11.27230     
0.31863       -10.98892     
0.32352       -10.58815     
0.32840       -10.15551     
0.33329       -9.62648      
0.33818       -9.15759      
0.34306       -8.69323      
0.34795       -8.34389      
0.35284       -7.92210      
0.35772       -7.62678      
0.36261       -7.33566      
0.36750       -7.13667      
0.37238       -6.87974      
0.37727       -6.62270      
0.38216       -6.38841      
0.38704       -6.14262      
0.39193       -5.87673      
0.39682       -5.58194      
0.40170       -5.31305      
0.40659       -5.00013      
0.41148       -4.64891      
0.41636       -4.34087      
0.42125       -3.99014      
0.42613       -3.55381      
0.43102       -3.30264      
0.43591       -2.95350      
0.44079       -2.51859      
0.44568       -2.30104      
0.45057       -1.91652      
0.45545       -1.60232      
0.46034       -1.16659      
0.46523       -1.00576      
0.47011       -0.52261      
0.47500       -0.26626      
0.47989       0.14186       
0.48477       0.32471       
0.48966       0.52349       
0.49455       0.52879       
0.49943       0.55624       
0.50432       0.53132       
0.50921       0.39862       
0.51409       0.46962       
0.51898       0.39745       
0.52387       0.29316       
0.52875       0.23491       
0.53364       0.15980       
0.53853       0.16979       
0.54341       0.08086       
0.54830       -0.01117      
0.55319       -0.01871      
0.55807       -0.06651      
0.56296       -0.13971      
0.56785       -0.19769      
0.57273       -0.22821      
0.57762       -0.29866      
0.58251       -0.33096      
0.58739       -0.30911      
0.59228       -0.33723      
0.59717       -0.34780      
0.60205       -0.31021      
0.60694       -0.35691      
0.61183       -0.36662      
0.61671       -0.28085      
0.62160       -0.44918      
0.62649       -0.43744      
0.63137       -0.37828      
0.63626       -0.47267      
0.64115       -0.48147      
0.64603       -0.38165      
0.65092       -0.44265      
0.65581       -0.45072      
0.66069       -0.48185      
0.66558       -0.41868      
0.67047       -0.44425      
0.67535       -0.46717      
0.68024       -0.41495      
0.68513       -0.40321      
0.69001       -0.39526      
0.69490       -0.36175      
0.69978       -0.33773      
0.70467       -0.29184      
0.70956       -0.23843      
0.71444       -0.21301      
0.71933       -0.24412      
0.72422       -0.19705      
0.72910       -0.21836      
0.73399       -0.25894      
0.73888       -0.17660      
0.74376       -0.15842      
0.74865       -0.30417      
0.75354       -0.08552      
0.75842       -0.23267      
0.76331       -0.07191      
0.76820       -0.07350      
0.77308       -0.08381      
0.77797       -0.00922      
0.78286       0.02064       
0.78774       -0.00211      
0.79263       0.02156       
0.79752       0.04864       
0.80240       0.13931       
0.80729       0.05300       
0.81218       0.05566       
0.81706       0.14177       
0.82195       0.08591       
0.82684       0.08390       
0.83172       0.12377       
0.83661       0.12229       
0.84150       0.11781       
0.84638       0.12876       
0.85127       0.10486       
0.85616       0.08705       
0.86104       0.18023       
0.86593       0.14097       
0.87082       0.12404       
0.87570       0.24238       
0.88059       0.06206       
0.88548       0.30513       
0.89036       0.14611       
0.89525       0.17398       
0.90014       0.13201       
0.90502       0.13088       
0.90991       0.28753       
0.91480       0.15248       
0.91968       0.13591       
0.92457       0.13931       
0.92946       0.10313       
0.93434       0.00541       
0.93923       0.09088       
0.94412       0.10565       
0.94900       0.03116       
0.95389       0.00474       
0.95878       0.02615       
0.96366       0.06264       
0.96855       0.00625       
0.97343       -0.07479      
0.97832       0.05181       
0.98321       0.09466       
0.98809       -0.04272      
0.99298       -0.08032      
0.99787       -0.01598      
1.00275       0.07273       
1.00764       -0.05051      
1.01253       -0.06691      
1.01741       0.06942       
1.02230       -0.04313      
1.02719       -0.04883      
1.03207       0.07225       
1.03696       -0.02314      
1.04185       -0.05010      
1.04673       0.01153       
1.05162       -0.01638      
1.05651       -0.00081      
1.06139       -0.05313      
1.06628       -0.03558      
1.07117       -0.08898      
1.07605       -0.06642      
1.08094       0.03581       
1.08583       0.00150       
1.09071       -0.06405      
1.09560       -0.07485      
1.10049       -0.06251      
1.10537       -0.02447      
1.11026       -0.03740      
1.11515       -0.05045      
1.12003       0.01954       
1.12492       0.05316       
1.12981       0.01236       
1.13469       -0.06468      
1.13958       -0.00493      
1.14447       0.07471       
1.14935       0.06107       
1.15424       -0.06903      
1.15913       0.09078       
1.16401       0.01133       
1.16890       -0.02150      
1.17379       0.07983       
1.17867       0.02571       
1.18356       -0.03439      
1.18845       -0.00306      
1.19333       0.02724       
1.19822       -0.11112      
1.20311       -0.08574      
1.20799       0.00603       
1.21288       0.04919       
1.21777       0.00331       
1.22265       0.01402       
1.22754       0.06904       
1.23243       0.04447       
1.23731       -0.03410      
1.24220       0.05209       
1.24709       -0.00212      
1.25197       -0.04081      
1.25686       0.02153       
1.26174       -0.01553      
1.26663       -0.02065      
1.27152       -0.01366      
1.27640       0.03056       
1.28129       -0.07727      
1.28618       -0.07131      
1.29106       -0.00752      
1.29595       -0.11847      
1.30084       -0.05383      
1.30572       -0.09148      
1.31061       -0.11499      
1.31550       -0.08264      
1.32038       -0.08960      
1.32527       -0.00852      
1.33016       -0.05267      
1.33504       -0.07867      
1.33993       -0.00120      
1.34482       -0.03751      
1.34970       -0.06760      
1.35459       -0.06826      
1.35948       -0.05119      
1.36436       -0.02272      
1.36925       0.00801       
1.37414       -0.07563      
1.37902       -0.00597      
1.38391       -0.02743      
1.38880       -0.06691      
1.39368       -0.04993      
1.39857       -0.05095      
1.40346       -0.04628      
1.40834       -0.05330      
1.41323       -0.04995      
1.41812       -0.04681      
1.42300       -0.00912      
1.42789       -0.07010      
1.43278       -0.08882      
1.43766       -0.04143      
1.44255       -0.04502      
1.44744       -0.16691      
1.45232       -0.13339      
1.45721       0.01295       
1.46210       -0.06411      
1.46698       -0.13454      
1.47187       -0.10537      
1.47676       -0.03790      
1.48164       -0.04106      
1.48653       -0.01572      
1.49142       -0.05091      
1.49630       -0.05922      
1.50119       -0.03990      
1.50608       -0.03947      
1.51096       -0.03904      
1.51585       -0.03862      
1.52074       -0.03821      
1.52562       -0.03780      
1.53051       -0.03740      
1.53539       -0.03701      
1.54028       -0.03661      
1.54517       -0.03623      
1.55005       -0.03585      
1.55494       -0.03548      
1.55983       -0.03511      
1.56471       -0.03474      
1.56960       -0.03438      
1.57449       -0.03403      
1.57937       -0.03368      
1.58426       -0.03333      
1.58915       -0.03299      
1.59403       -0.03265      
1.59892       -0.03232      
1.60381       -0.03199      
1.60869       -0.03167      
1.61358       -0.03135      
1.61847       -0.03104      
1.62335       -0.03073      
1.62824       -0.03042      
1.63313       -0.03012      
1.63801       -0.02982      
1.64290       -0.02952      
1.64779       -0.02923      
1.65267       -0.02895      
1.65756       -0.02866      
1.66245       -0.02838      
1.66733       -0.02811      
1.67222       -0.02783      
1.67711       -0.02756      
1.68199       -0.02730      
1.68688       -0.02703      
1.69177       -0.02677      
1.69665       -0.02652      
1.70154       -0.02626      
1.70643       -0.02601      
1.71131       -0.02577      
1.71620       -0.02552      
1.72109       -0.02528      
1.72597       -0.02504      
1.73086       -0.02481      
1.73575       -0.02458      
1.74063       -0.02435      
1.74552       -0.02412      
1.75041       -0.02390      
1.75529       -0.02368      
1.76018       -0.02346      
1.76507       -0.02324      
1.76995       -0.02303      
1.77484       -0.02282      
1.77973       -0.02261      
1.78461       -0.02240      
1.78950       -0.02220      
1.79439       -0.02200      
1.79927       -0.02180      
1.80416       -0.02160      
1.80904       -0.02141      
1.81393       -0.02122      
1.81882       -0.02103      
1.82370       -0.02084      
1.82859       -0.02065      
1.83348       -0.02047      
1.83836       -0.02029      
1.84325       -0.02011      
1.84814       -0.01993      
1.85302       -0.01976      
1.85791       -0.01959      
1.86280       -0.01941      
1.86768       -0.01924      
1.87257       -0.01908      
1.87746       -0.01891      
1.88234       -0.01875      
1.88723       -0.01859      
1.89212       -0.01843      
1.89700       -0.01827      
1.90189       -0.01811      
1.90678       -0.01796      
1.91166       -0.01781      
1.91655       -0.01765      
1.92144       -0.01750      
1.92632       -0.01736      
1.93121       -0.01721      
1.93610       -0.01707      
1.94098       -0.01692      
1.94587       -0.01678      
1.95076       -0.01664      
1.95564       -0.01650      
1.96053       -0.01636      
1.96542       -0.01623      
1.97030       -0.01609      
1.97519       -0.01596      
1.98008       -0.01583      
1.98496       -0.01570      
1.98985       -0.01557      
1.99474       -0.01545      
1.99962       -0.01532      
2.00451       -0.01519      
2.00940       -0.01507      
2.01428       -0.01495      
2.01917       -0.01483      
2.02406       -0.01471      
2.02894       -0.01459      
2.03383       -0.01447      
2.03872       -0.01436      
2.04360       -0.01424      
2.04849       -0.01413      
2.05338       -0.01402      
2.05826       -0.01391      
2.06315       -0.01380      
2.06804       -0.01369      
2.07292       -0.01358      
2.07781       -0.01347      
2.08270       -0.01337      
2.08758       -0.01326      
2.09247       -0.01316      
2.09735       -0.01306      
2.10224       -0.01296      
2.10713       -0.01286      
2.11201       -0.01276      
2.11690       -0.01266      
2.12179       -0.01256      
2.12667       -0.01246      
2.13156       -0.01237      
2.13645       -0.01227      
2.14133       -0.01218      
2.14622       -0.01209      
2.15111       -0.01200      
2.15599       -0.01190      
2.16088       -0.01181      
2.16577       -0.01173      
2.17065       -0.01164      
2.17554       -0.01155      
2.18043       -0.01146      
2.18531       -0.01138      
2.19020       -0.01129      
2.19509       -0.01121      
2.19997       -0.01112      
2.20486       -0.01104      
2.20975       -0.01096      
2.21463       -0.01088      
2.21952       -0.01080      
2.22441       -0.01072      
2.22929       -0.01064      
2.23418       -0.01056      
2.23907       -0.01049      
2.24395       -0.01041      
2.24884       -0.01033      
2.25373       -0.01026      
2.25861       -0.01018      
2.26350       -0.01011      
2.26839       -0.01004      
2.27327       -0.00996      
2.27816       -0.00989      
2.28305       -0.00982      
2.28793       -0.00975      
2.29282       -0.00968      
2.29771       -0.00961      
2.30259       -0.00954      
2.30748       -0.00948      
2.31237       -0.00941      
2.31725       -0.00934      
2.32214       -0.00928      
2.32703       -0.00921      
2.33191       -0.00915      
2.33680       -0.00908      
2.34169       -0.00902      
2.34657       -0.00896      
2.35146       -0.00889      
2.35635       -0.00883      
2.36123       -0.00877      
2.36612       -0.00871      
2.37100       -0.00865      
2.37589       -0.00859      
2.38078       -0.00853      
2.38566       -0.00847      
2.39055       -0.00841      
2.39544       -0.00835      
2.40032       -0.00830      
2.40521       -0.00824      
2.41010       -0.00818      
2.41498       -0.00813      
2.41987       -0.00807      
2.42476       -0.00802      
2.42964       -0.00796      
2.43453       -0.00791      
2.43942       -0.00786      
2.44430       -0.00780      
2.44919       -0.00775      
2.45408       -0.00770      
2.45896       -0.00765      
2.46385       -0.00760      
2.46874       -0.00755      
2.47362       -0.00750      
2.47851       -0.00745      
2.48340       -0.00740      
2.48828       -0.00735      
2.49317       -0.00730      
2.49806       -0.00725      
2.50294       -0.00720      
2.50783       -0.00716      
2.51272       -0.00711      
2.51760       -0.00706      
2.52249       -0.00702      
2.52738       -0.00697      
2.53226       -0.00693      
2.53715       -0.00688      
2.54204       -0.00684      
2.54692       -0.00679      
2.55181       -0.00675      
2.55670       -0.00670      
2.56158       -0.00666      
2.56647       -0.00662      
2.57136       -0.00658      
2.57624       -0.00653      
2.58113       -0.00649      
2.58602       -0.00645      
2.59090       -0.00641      
2.59579       -0.00637      
2.60068       -0.00633      
2.60556       -0.00629      
2.61045       -0.00625      
2.61534       -0.00621      
2.62022       -0.00617      
2.62511       -0.00613      
2.63000       -0.00609      
2.63488       -0.00605      
2.63977       -0.00602      
2.64465       -0.00598      
2.64954       -0.00594      
2.65443       -0.00590      
2.65931       -0.00587      
2.66420       -0.00583      
2.66909       -0.00579      
2.67397       -0.00576      
2.67886       -0.00572      
2.68375       -0.00569      
2.68863       -0.00565      
2.69352       -0.00562      
2.69841       -0.00558      
2.70329       -0.00555      
2.70818       -0.00552      
2.71307       -0.00548      
2.71795       -0.00545      
2.72284       -0.00542      
2.72773       -0.00538      
2.73261       -0.00535      
2.73750       -0.00532      
2.74239       -0.00529      
2.74727       -0.00525      
2.75216       -0.00522      
2.75705       -0.00519      
2.76193       -0.00516      
2.76682       -0.00513      
2.77171       -0.00510      
2.77659       -0.00507      
2.78148       -0.00504      
2.78637       -0.00501      
2.79125       -0.00498      
2.79614       -0.00495      
2.80103       -0.00492      
2.80591       -0.00489      
2.81080       -0.00486      
2.81569       -0.00483      
2.82057       -0.00480      
2.82546       -0.00477      
2.83035       -0.00475      
2.83523       -0.00472      
2.84012       -0.00469      
2.84501       -0.00466      
2.84989       -0.00464      
2.85478       -0.00461      
2.85967       -0.00458      
2.86455       -0.00456      
2.86944       -0.00453      
2.87433       -0.00450      
2.87921       -0.00448      
2.88410       -0.00445      
2.88899       -0.00443      
2.89387       -0.00440      
2.89876       -0.00438      
2.90365       -0.00435      
2.90853       -0.00433      
2.91342       -0.00430      
2.91830       -0.00428      
2.92319       -0.00425      
2.92808       -0.00423      
2.93296       -0.00420      
2.93785       -0.00418      
2.94274       -0.00416      
2.94762       -0.00413      
2.95251       -0.00411      
2.95740       -0.00409      
2.96228       -0.00406      
2.96717       -0.00404      
2.97206       -0.00402      
2.97694       -0.00399      
2.98183       -0.00397      
2.98672       -0.00395      
2.99160       -0.00393      
2.99649       -0.00391      
3.00138       -0.00388      
3.00626       -0.00386      
3.01115       -0.00384      
3.01604       -0.00382      
3.02092       -0.00380      
3.02581       -0.00378      
3.03070       -0.00376      
3.03558       -0.00374      
3.04047       -0.00372      
3.04536       -0.00370      
3.05024       -0.00368      
3.05513       -0.00366      
3.06002       -0.00364      
3.06490       -0.00362      
3.06979       -0.00360      
3.07468       -0.00358      
3.07956       -0.00356      
3.08445       -0.00354      
3.08934       -0.00352      
3.09422       -0.00350      
3.09911       -0.00348      
3.10400       -0.00346      
3.10888       -0.00344      
3.11377       -0.00342      
3.11866       -0.00341      
3.12354       -0.00339      
3.12843       -0.00337      
3.13332       -0.00335      
3.13820       -0.00333      
3.14309       -0.00332      
3.14798       -0.00330      
3.15286       -0.00328      
3.15775       -0.00326      
3.16264       -0.00325      
3.16752       -0.00323      
3.17241       -0.00321      
3.17730       -0.00319      
3.18218       -0.00318      
3.18707       -0.00316      
3.19196       -0.00314      
3.19684       -0.00313      
3.20173       -0.00311      
3.20661       -0.00310      
3.21150       -0.00308      
3.21639       -0.00306      
3.22127       -0.00305      
3.22616       -0.00303      
3.23105       -0.00302      
3.23593       -0.00300      
3.24082       -0.00298      
3.24571       -0.00297      
3.25059       -0.00295      
3.25548       -0.00294      
3.26037       -0.00292      
3.26525       -0.00291      
3.27014       -0.00289      
3.27503       -0.00288      
3.27991       -0.00286      
3.28480       -0.00285      
3.28969       -0.00283      
3.29457       -0.00282      
3.29946       -0.00281      
3.30435       -0.00279      
3.30923       -0.00278      
3.31412       -0.00276      
3.31901       -0.00275      
3.32389       -0.00273      
3.32878       -0.00272      
3.33367       -0.00271      
3.33855       -0.00269      
3.34344       -0.00268      
3.34833       -0.00267      
3.35321       -0.00265      
3.35810       -0.00264      
3.36299       -0.00263      
3.36787       -0.00261      
3.37276       -0.00260      
3.37765       -0.00259      
3.38253       -0.00257      
3.38742       -0.00256      
3.39231       -0.00255      
3.39719       -0.00254      
3.40208       -0.00252      
3.40697       -0.00251      
3.41185       -0.00250      
3.41674       -0.00249      
3.42163       -0.00247      
3.42651       -0.00246      
3.43140       -0.00245      
3.43629       -0.00244      
3.44117       -0.00243      
3.44606       -0.00241      
3.45095       -0.00240      
3.45583       -0.00239      
3.46072       -0.00238      
3.46561       -0.00237      
3.47049       -0.00236      
3.47538       -0.00234      
3.48026       -0.00233      
3.48515       -0.00232      
3.49004       -0.00231      
3.49492       -0.00230      
3.49981       -0.00229      
3.50470       -0.00228      
3.50958       -0.00227      
3.51447       -0.00225      
3.51936       -0.00224      
3.52424       -0.00223      
3.52913       -0.00222      
3.53402       -0.00221      
3.53890       -0.00220      
3.54379       -0.00219      
3.54868       -0.00218      
3.55356       -0.00217      
3.55845       -0.00216      
3.56334       -0.00215      
3.56822       -0.00214      
3.57311       -0.00213      
3.57800       -0.00212      
3.58288       -0.00211      
3.58777       -0.00210      
3.59266       -0.00209      
3.59754       -0.00208      
3.60243       -0.00207      
3.60732       -0.00206      
3.61220       -0.00205      
3.61709       -0.00204      
3.62198       -0.00203      
3.62686       -0.00202      
3.63175       -0.00201      
3.63664       -0.00200      
3.64152       -0.00199      
3.64641       -0.00198      
3.65130       -0.00197      
3.65618       -0.00197      
3.66107       -0.00196      
3.66596       -0.00195      
3.67084       -0.00194      
3.67573       -0.00193      
3.68062       -0.00192      
3.68550       -0.00191      
3.69039       -0.00190      
3.69528       -0.00189      
3.70016       -0.00188      
3.70505       -0.00188      
3.70994       -0.00187      
3.71482       -0.00186      
3.71971       -0.00185      
3.72460       -0.00184      
3.72948       -0.00183      
3.73437       -0.00183      
3.73926       -0.00182      
3.74414       -0.00181      
3.74903       -0.00180      
3.75391       -0.00179      
3.75880       -0.00178      
3.76369       -0.00178      
3.76857       -0.00177      
3.77346       -0.00176      
3.77835       -0.00175      
3.78323       -0.00174      
3.78812       -0.00174      
3.79301       -0.00173      
3.79789       -0.00172      
3.80278       -0.00171      
3.80767       -0.00171      
3.81255       -0.00170      
3.81744       -0.00169      
3.82233       -0.00168      
3.82721       -0.00167      
3.83210       -0.00167      
3.83699       -0.00166      
3.84187       -0.00165      
3.84676       -0.00165      
3.85165       -0.00164      
3.85653       -0.00163      
3.86142       -0.00162      
3.86631       -0.00162      
3.87119       -0.00161      
3.87608       -0.00160      
3.88097       -0.00160      
3.88585       -0.00159      
3.89074       -0.00158      
3.89563       -0.00157      
3.90051       -0.00157      
3.90540       -0.00156      
3.91029       -0.00155      
3.91517       -0.00155      
3.92006       -0.00154      
3.92495       -0.00153      
3.92983       -0.00153      
3.93472       -0.00152      
3.93961       -0.00151      
3.94449       -0.00151      
3.94938       -0.00150      
3.95427       -0.00149      
3.95915       -0.00149      
3.96404       -0.00148      
3.96893       -0.00147      
3.97381       -0.00147      
3.97870       -0.00146      
3.98359       -0.00146      
3.98847       -0.00145      
3.99336       -0.00144      
3.99825       -0.00144      
4.00313       -0.00143      
4.00802       -0.00142      
4.01291       -0.00142      
4.01779       -0.00141      
4.02268       -0.00141      
4.02757       -0.00140      
4.03245       -0.00139      
4.03734       -0.00139      
4.04222       -0.00138      
4.04711       -0.00138      
4.05200       -0.00137      
4.05688       -0.00136      
4.06177       -0.00136      
4.06666       -0.00135      
4.07154       -0.00135      
4.07643       -0.00134      
4.08132       -0.00134      
4.08620       -0.00133      
4.09109       -0.00133      
4.09598       -0.00132      
4.10086       -0.00131      
4.10575       -0.00131      
4.11064       -0.00130      
4.11552       -0.00130      
4.12041       -0.00129      
4.12530       -0.00129      
4.13018       -0.00128      
4.13507       -0.00128      
4.13996       -0.00127      
4.14484       -0.00127      
4.14973       -0.00126      
4.15462       -0.00125      
4.15950       -0.00125      
4.16439       -0.00124      
4.16928       -0.00124      
4.17416       -0.00123      
4.17905       -0.00123      
4.18394       -0.00122      
4.18882       -0.00122      
4.19371       -0.00121      
4.19860       -0.00121      
4.20348       -0.00120      
4.20837       -0.00120      
4.21326       -0.00119      
4.21814       -0.00119      
4.22303       -0.00118      
4.22792       -0.00118      
4.23280       -0.00117      
4.23769       -0.00117      
4.24258       -0.00117      
4.24746       -0.00116      
4.25235       -0.00116      
4.25724       -0.00115      
4.26212       -0.00115      
4.26701       -0.00114      
4.27190       -0.00114      
4.27678       -0.00113      
4.28167       -0.00113      
4.28656       -0.00112      
4.29144       -0.00112      
4.29633       -0.00111      
4.30122       -0.00111      
4.30610       -0.00111      
4.31099       -0.00110      
4.31587       -0.00110      
4.32076       -0.00109      
4.32565       -0.00109      
4.33053       -0.00108      
4.33542       -0.00108      
4.34031       -0.00107      
4.34519       -0.00107      
4.35008       -0.00107      
4.35497       -0.00106      
4.35985       -0.00106      
4.36474       -0.00105      
4.36963       -0.00105      
4.37451       -0.00105      
4.37940       -0.00104      
4.38429       -0.00104      
4.38917       -0.00103      
4.39406       -0.00103      
4.39895       -0.00102      
4.40383       -0.00102      
4.40872       -0.00102      
4.41361       -0.00101      
4.41849       -0.00101      
4.42338       -0.00100      
4.42827       -0.00100      
4.43315       -0.00100      
4.43804       -0.00099      
4.44293       -0.00099      
4.44781       -0.00099      
4.45270       -0.00098      
4.45759       -0.00098      
4.46247       -0.00097      
4.46736       -0.00097      
4.47225       -0.00097      
4.47713       -0.00096      
4.48202       -0.00096      
4.48691       -0.00096      
4.49179       -0.00095      
4.49668       -0.00095      
4.50157       -0.00094      
4.50645       -0.00094      
4.51134       -0.00094      
4.51623       -0.00093      
4.52111       -0.00093      
4.52600       -0.00093      
4.53089       -0.00092      
4.53577       -0.00092      
4.54066       -0.00092      
4.54555       -0.00091      
4.55043       -0.00091      
4.55532       -0.00090      
4.56021       -0.00090      
4.56509       -0.00090      
4.56998       -0.00089      
4.57487       -0.00089      
4.57975       -0.00089      
4.58464       -0.00088      
4.58952       -0.00088      
4.59441       -0.00088      
4.59930       -0.00087      
4.60418       -0.00087      
4.60907       -0.00087      
4.61396       -0.00086      
4.61884       -0.00086      
4.62373       -0.00086      
4.62862       -0.00085      
4.63350       -0.00085      
4.63839       -0.00085      
4.64328       -0.00085      
4.64816       -0.00084      
4.65305       -0.00084      
4.65794       -0.00084      
4.66282       -0.00083      
4.66771       -0.00083      
4.67260       -0.00083      
4.67748       -0.00082      
4.68237       -0.00082      
4.68726       -0.00082      
4.69214       -0.00081      
4.69703       -0.00081      
4.70192       -0.00081      
4.70680       -0.00080      
4.71169       -0.00080      
4.71658       -0.00080      
4.72146       -0.00080      
4.72635       -0.00079      
4.73124       -0.00079      
4.73612       -0.00079      
4.74101       -0.00078      
4.74590       -0.00078      
4.75078       -0.00078      
4.75567       -0.00078      
4.76056       -0.00077      
4.76544       -0.00077      
4.77033       -0.00077      
4.77522       -0.00076      
4.78010       -0.00076      
4.78499       -0.00076      
4.78988       -0.00076      
4.79476       -0.00075      
4.79965       -0.00075      
4.80454       -0.00075      
4.80942       -0.00074      
4.81431       -0.00074      
4.81920       -0.00074      
4.82408       -0.00074      
4.82897       -0.00073      
4.83386       -0.00073      
4.83874       -0.00073      
4.84363       -0.00073      
4.84852       -0.00072      
4.85340       -0.00072      
4.85829       -0.00072      
4.86317       -0.00072      
4.86806       -0.00071      
4.87295       -0.00071      
4.87783       -0.00071      
4.88272       -0.00071      
4.88761       -0.00070      
4.89249       -0.00070      
4.89738       -0.00070      
4.90227       -0.00070      
4.90715       -0.00069      
4.91204       -0.00069      
4.91693       -0.00069      
4.92181       -0.00069      
4.92670       -0.00068      
4.93159       -0.00068      
4.93647       -0.00068      
4.94136       -0.00068      
4.94625       -0.00067      
4.95113       -0.00067      
4.95602       -0.00067      
4.96091       -0.00067      
4.96579       -0.00066      
4.97068       -0.00066      
4.97557       -0.00066      
4.98045       -0.00066      
4.98534       -0.00065      
4.99023       -0.00065      
4.99511       -0.00065      
5.00000       -0.00065      
