0.00100       1000000000027966931206144.00000
0.00589       577588570138517.87500
0.01077       409124583198.98706
0.01566       4597878222.31053
0.02055       176670087.44386
0.02543       13652774.86820
0.03032       1656958.88144 
0.03521       275784.63079  
0.04009       57973.27192   
0.04498       14585.86172   
0.04987       4232.90618    
0.05475       1380.02622    
0.05964       495.64292     
0.06453       193.30164     
0.06941       80.69789      
0.07430       35.90018      
0.07919       16.80959      
0.08407       7.93316       
0.08896       3.98176       
0.09385       1.99803       
0.09873       0.99640       
0.10362       0.90519       
0.10851       0.82707       
0.11339       1.03360       
0.11828       1.42408       
0.12317       1.70101       
0.12805       2.09598       
0.13294       2.44029       
0.13783       2.68235       
0.14271       2.79890       
0.14760       2.75192       
0.15248       2.47119       
0.15737       2.03690       
0.16226       1.58723       
0.16714       1.13501       
0.17203       0.62471       
0.17692       0.11621       
0.18180       -0.25950      
0.18669       -0.50489      
0.19158       -0.79876      
0.19646       -1.04225      
0.20135       -0.97945      
0.20624       -0.89439      
0.21112       -1.03984      
0.21601       -0.82050      
0.22090       -0.60843      
0.22578       -0.53201      
0.23067       -0.35493      
0.23556       -0.08558      
0.24044       0.25656       
0.24533       0.57170       
0.25022       0.75209       
0.25510       0.85662       
0.25999       1.06258       
0.26488       1.45085       
0.26976       1.72943       
0.27465       1.69011       
0.27954       1.71814       
0.28442       1.99692       
0.28931       2.20680       
0.29420       2.25655       
0.29908       2.36017       
0.30397       2.57757       
0.30886       2.68952       
0.31374       2.66735       
0.31863       2.74277       
0.32352       2.94330       
0.32840       3.06167       
0.33329       3.05266       
0.33818       3.01051       
0.34306       3.00464       
0.34795       3.05446       
0.35284       3.07425       
0.35772       3.01220       
0.36261       2.90946       
0.36750       2.78562       
0.37238       2.66467       
0.37727       2.55414       
0.38216       2.45700       
0.38704       2.34109       
0.39193       2.21126       
0.39682       2.06283       
0.40170       1.90987       
0.40659       1.76672       
0.41148       1.63503       
0.41636       1.51649       
0.42125       1.40387       
0.42613       1.28252       
0.43102       1.16038       
0.43591       1.03066       
0.44079       0.91215       
0.44568       0.81403       
0.45057       0.73811       
0.45545       0.67392       
0.46034       0.59146       
0.46523       0.46386       
0.47011       0.29792       
0.47500       0.16598       
0.47989       0.12685       
0.48477       0.18667       
0.48966       0.24467       
0.49455       0.15475       
0.49943       -0.05272      
0.50432       -0.15929      
0.50921       -0.12438      
0.51409       -0.08752      
0.51898       -0.10206      
0.52387       -0.13234      
0.52875       -0.14762      
0.53364       -0.17446      
0.53853       -0.18754      
0.54341       -0.19180      
0.54830       -0.20854      
0.55319       -0.24705      
0.55807       -0.26270      
0.56296       -0.24426      
0.56785       -0.20409      
0.57273       -0.19247      
0.57762       -0.21902      
0.58251       -0.23337      
0.58739       -0.21635      
0.59228       -0.19288      
0.59717       -0.18867      
0.60205       -0.20836      
0.60694       -0.20682      
0.61183       -0.14533      
0.61671       -0.05664      
0.62160       -0.00078      
0.62649       -0.00091      
0.63137       -0.03142      
0.63626       -0.06378      
0.64115       -0.06079      
0.64603       -0.02051      
0.65092       0.04014       
0.65581       0.07978       
0.66069       0.07168       
0.66558       0.04268       
0.67047       0.04019       
0.67535       0.10579       
0.68024       0.20056       
0.68513       0.23081       
0.69001       0.17808       
0.69490       0.09172       
0.69978       0.10074       
0.70467       0.19357       
0.70956       0.24106       
0.71444       0.19492       
0.71933       0.10709       
0.72422       0.07838       
0.72910       0.11177       
0.73399       0.13668       
0.73888       0.12123       
0.74376       0.11101       
0.74865       0.12724       
0.75354       0.07265       
0.75842       -0.07765      
0.76331       -0.09613      
0.76820       0.03941       
0.77308       0.06496       
0.77797       -0.08214      
0.78286       -0.23728      
0.78774       -0.19398      
0.79263       -0.07059      
0.79752       -0.05635      
0.80240       -0.13804      
0.80729       -0.20154      
0.81218       -0.22914      
0.81706       -0.23906      
0.82195       -0.24371      
0.82684       -0.25540      
0.83172       -0.27292      
0.83661       -0.28271      
0.84150       -0.28142      
0.84638       -0.27446      
0.85127       -0.27897      
0.85616       -0.31392      
0.86104       -0.36461      
0.86593       -0.37800      
0.87082       -0.35224      
0.87570       -0.34804      
0.88059       -0.36157      
0.88548       -0.35727      
0.89036       -0.33065      
0.89525       -0.30431      
0.90014       -0.29254      
0.90502       -0.29125      
0.90991       -0.31069      
0.91480       -0.35724      
0.91968       -0.36910      
0.92457       -0.28251      
0.92946       -0.15889      
0.93434       -0.12966      
0.93923       -0.20667      
0.94412       -0.28042      
0.94900       -0.26215      
0.95389       -0.18612      
0.95878       -0.15942      
0.96366       -0.20049      
0.96855       -0.23620      
0.97343       -0.23251      
0.97832       -0.20414      
0.98321       -0.17684      
0.98809       -0.16063      
0.99298       -0.15071      
0.99787       -0.15404      
1.00275       -0.18030      
1.00764       -0.21672      
1.01253       -0.22883      
1.01741       -0.21260      
1.02230       -0.18328      
1.02719       -0.14744      
1.03207       -0.14986      
1.03696       -0.19173      
1.04185       -0.22521      
1.04673       -0.23334      
1.05162       -0.24907      
1.05651       -0.27113      
1.06139       -0.24449      
1.06628       -0.17034      
1.07117       -0.11756      
1.07605       -0.15479      
1.08094       -0.28694      
1.08583       -0.34334      
1.09071       -0.24636      
1.09560       -0.18013      
1.10049       -0.16921      
1.10537       -0.19476      
1.11026       -0.26472      
1.11515       -0.32267      
1.12003       -0.31507      
1.12492       -0.26139      
1.12981       -0.21263      
1.13469       -0.20847      
1.13958       -0.24664      
1.14447       -0.28675      
1.14935       -0.30124      
1.15424       -0.27317      
1.15913       -0.23680      
1.16401       -0.21025      
1.16890       -0.22261      
1.17379       -0.25020      
1.17867       -0.27746      
1.18356       -0.28867      
1.18845       -0.27391      
1.19333       -0.22642      
1.19822       -0.18113      
1.20311       -0.17763      
1.20799       -0.20369      
1.21288       -0.23472      
1.21777       -0.25166      
1.22265       -0.26910      
1.22754       -0.30460      
1.23243       -0.31457      
1.23731       -0.29139      
1.24220       -0.28451      
1.24709       -0.27030      
1.25197       -0.27663      
1.25686       -0.28169      
1.26174       -0.19917      
1.26663       -0.23784      
1.27152       -0.28565      
1.27640       -0.30035      
1.28129       -0.28447      
1.28618       -0.23642      
1.29106       -0.21272      
1.29595       -0.23155      
1.30084       -0.25819      
1.30572       -0.24385      
1.31061       -0.20106      
1.31550       -0.19454      
1.32038       -0.20734      
1.32527       -0.19340      
1.33016       -0.23376      
1.33504       -0.32085      
1.33993       -0.30027      
1.34482       -0.20398      
1.34970       -0.18332      
1.35459       -0.23228      
1.35948       -0.26702      
1.36436       -0.25799      
1.36925       -0.21412      
1.37414       -0.18032      
1.37902       -0.16741      
1.38391       -0.20386      
1.38880       -0.24201      
1.39368       -0.19016      
1.39857       -0.09580      
1.40346       -0.10677      
1.40834       -0.20068      
1.41323       -0.19518      
1.41812       -0.15370      
1.42300       -0.14075      
1.42789       -0.14026      
1.43278       -0.15584      
1.43766       -0.12623      
1.44255       -0.07314      
1.44744       -0.06470      
1.45232       -0.07565      
1.45721       -0.11181      
1.46210       -0.15482      
1.46698       -0.15030      
1.47187       -0.09872      
1.47676       -0.06425      
1.48164       -0.07004      
1.48653       -0.06773      
1.49142       -0.04281      
1.49630       -0.01120      
1.50119       -0.01670      
1.50608       -0.01653      
1.51096       -0.01636      
1.51585       -0.01620      
1.52074       -0.01603      
1.52562       -0.01588      
1.53051       -0.01572      
1.53539       -0.01556      
1.54028       -0.01541      
1.54517       -0.01526      
1.55005       -0.01511      
1.55494       -0.01496      
1.55983       -0.01481      
1.56471       -0.01467      
1.56960       -0.01453      
1.57449       -0.01439      
1.57937       -0.01425      
1.58426       -0.01411      
1.58915       -0.01398      
1.59403       -0.01385      
1.59892       -0.01371      
1.60381       -0.01358      
1.60869       -0.01346      
1.61358       -0.01333      
1.61847       -0.01320      
1.62335       -0.01308      
1.62824       -0.01296      
1.63313       -0.01284      
1.63801       -0.01272      
1.64290       -0.01260      
1.64779       -0.01249      
1.65267       -0.01237      
1.65756       -0.01226      
1.66245       -0.01215      
1.66733       -0.01204      
1.67222       -0.01193      
1.67711       -0.01182      
1.68199       -0.01171      
1.68688       -0.01161      
1.69177       -0.01150      
1.69665       -0.01140      
1.70154       -0.01130      
1.70643       -0.01120      
1.71131       -0.01110      
1.71620       -0.01100      
1.72109       -0.01091      
1.72597       -0.01081      
1.73086       -0.01072      
1.73575       -0.01062      
1.74063       -0.01053      
1.74552       -0.01044      
1.75041       -0.01035      
1.75529       -0.01026      
1.76018       -0.01017      
1.76507       -0.01008      
1.76995       -0.01000      
1.77484       -0.00991      
1.77973       -0.00983      
1.78461       -0.00974      
1.78950       -0.00966      
1.79439       -0.00958      
1.79927       -0.00950      
1.80416       -0.00942      
1.80904       -0.00934      
1.81393       -0.00926      
1.81882       -0.00919      
1.82370       -0.00911      
1.82859       -0.00903      
1.83348       -0.00896      
1.83836       -0.00889      
1.84325       -0.00881      
1.84814       -0.00874      
1.85302       -0.00867      
1.85791       -0.00860      
1.86280       -0.00853      
1.86768       -0.00846      
1.87257       -0.00839      
1.87746       -0.00832      
1.88234       -0.00826      
1.88723       -0.00819      
1.89212       -0.00812      
1.89700       -0.00806      
1.90189       -0.00800      
1.90678       -0.00793      
1.91166       -0.00787      
1.91655       -0.00781      
1.92144       -0.00775      
1.92632       -0.00769      
1.93121       -0.00763      
1.93610       -0.00757      
1.94098       -0.00751      
1.94587       -0.00745      
1.95076       -0.00739      
1.95564       -0.00733      
1.96053       -0.00728      
1.96542       -0.00722      
1.97030       -0.00717      
1.97519       -0.00711      
1.98008       -0.00706      
1.98496       -0.00700      
1.98985       -0.00695      
1.99474       -0.00690      
1.99962       -0.00684      
2.00451       -0.00679      
2.00940       -0.00674      
2.01428       -0.00669      
2.01917       -0.00664      
2.02406       -0.00659      
2.02894       -0.00654      
2.03383       -0.00649      
2.03872       -0.00645      
2.04360       -0.00640      
2.04849       -0.00635      
2.05338       -0.00630      
2.05826       -0.00626      
2.06315       -0.00621      
2.06804       -0.00617      
2.07292       -0.00612      
2.07781       -0.00608      
2.08270       -0.00603      
2.08758       -0.00599      
2.09247       -0.00595      
2.09735       -0.00590      
2.10224       -0.00586      
2.10713       -0.00582      
2.11201       -0.00578      
2.11690       -0.00574      
2.12179       -0.00569      
2.12667       -0.00565      
2.13156       -0.00561      
2.13645       -0.00557      
2.14133       -0.00554      
2.14622       -0.00550      
2.15111       -0.00546      
2.15599       -0.00542      
2.16088       -0.00538      
2.16577       -0.00534      
2.17065       -0.00531      
2.17554       -0.00527      
2.18043       -0.00523      
2.18531       -0.00520      
2.19020       -0.00516      
2.19509       -0.00513      
2.19997       -0.00509      
2.20486       -0.00506      
2.20975       -0.00502      
2.21463       -0.00499      
2.21952       -0.00495      
2.22441       -0.00492      
2.22929       -0.00489      
2.23418       -0.00485      
2.23907       -0.00482      
2.24395       -0.00479      
2.24884       -0.00476      
2.25373       -0.00472      
2.25861       -0.00469      
2.26350       -0.00466      
2.26839       -0.00463      
2.27327       -0.00460      
2.27816       -0.00457      
2.28305       -0.00454      
2.28793       -0.00451      
2.29282       -0.00448      
2.29771       -0.00445      
2.30259       -0.00442      
2.30748       -0.00439      
2.31237       -0.00436      
2.31725       -0.00433      
2.32214       -0.00431      
2.32703       -0.00428      
2.33191       -0.00425      
2.33680       -0.00422      
2.34169       -0.00419      
2.34657       -0.00417      
2.35146       -0.00414      
2.35635       -0.00411      
2.36123       -0.00409      
2.36612       -0.00406      
2.37100       -0.00404      
2.37589       -0.00401      
2.38078       -0.00398      
2.38566       -0.00396      
2.39055       -0.00393      
2.39544       -0.00391      
2.40032       -0.00388      
2.40521       -0.00386      
2.41010       -0.00384      
2.41498       -0.00381      
2.41987       -0.00379      
2.42476       -0.00376      
2.42964       -0.00374      
2.43453       -0.00372      
2.43942       -0.00370      
2.44430       -0.00367      
2.44919       -0.00365      
2.45408       -0.00363      
2.45896       -0.00360      
2.46385       -0.00358      
2.46874       -0.00356      
2.47362       -0.00354      
2.47851       -0.00352      
2.48340       -0.00350      
2.48828       -0.00347      
2.49317       -0.00345      
2.49806       -0.00343      
2.50294       -0.00341      
2.50783       -0.00339      
2.51272       -0.00337      
2.51760       -0.00335      
2.52249       -0.00333      
2.52738       -0.00331      
2.53226       -0.00329      
2.53715       -0.00327      
2.54204       -0.00325      
2.54692       -0.00323      
2.55181       -0.00321      
2.55670       -0.00319      
2.56158       -0.00318      
2.56647       -0.00316      
2.57136       -0.00314      
2.57624       -0.00312      
2.58113       -0.00310      
2.58602       -0.00308      
2.59090       -0.00307      
2.59579       -0.00305      
2.60068       -0.00303      
2.60556       -0.00301      
2.61045       -0.00299      
2.61534       -0.00298      
2.62022       -0.00296      
2.62511       -0.00294      
2.63000       -0.00293      
2.63488       -0.00291      
2.63977       -0.00289      
2.64465       -0.00288      
2.64954       -0.00286      
2.65443       -0.00284      
2.65931       -0.00283      
2.66420       -0.00281      
2.66909       -0.00280      
2.67397       -0.00278      
2.67886       -0.00276      
2.68375       -0.00275      
2.68863       -0.00273      
2.69352       -0.00272      
2.69841       -0.00270      
2.70329       -0.00269      
2.70818       -0.00267      
2.71307       -0.00266      
2.71795       -0.00264      
2.72284       -0.00263      
2.72773       -0.00261      
2.73261       -0.00260      
2.73750       -0.00258      
2.74239       -0.00257      
2.74727       -0.00256      
2.75216       -0.00254      
2.75705       -0.00253      
2.76193       -0.00251      
2.76682       -0.00250      
2.77171       -0.00249      
2.77659       -0.00247      
2.78148       -0.00246      
2.78637       -0.00245      
2.79125       -0.00243      
2.79614       -0.00242      
2.80103       -0.00241      
2.80591       -0.00239      
2.81080       -0.00238      
2.81569       -0.00237      
2.82057       -0.00236      
2.82546       -0.00234      
2.83035       -0.00233      
2.83523       -0.00232      
2.84012       -0.00231      
2.84501       -0.00229      
2.84989       -0.00228      
2.85478       -0.00227      
2.85967       -0.00226      
2.86455       -0.00224      
2.86944       -0.00223      
2.87433       -0.00222      
2.87921       -0.00221      
2.88410       -0.00220      
2.88899       -0.00219      
2.89387       -0.00218      
2.89876       -0.00216      
2.90365       -0.00215      
2.90853       -0.00214      
2.91342       -0.00213      
2.91830       -0.00212      
2.92319       -0.00211      
2.92808       -0.00210      
2.93296       -0.00209      
2.93785       -0.00208      
2.94274       -0.00206      
2.94762       -0.00205      
2.95251       -0.00204      
2.95740       -0.00203      
2.96228       -0.00202      
2.96717       -0.00201      
2.97206       -0.00200      
2.97694       -0.00199      
2.98183       -0.00198      
2.98672       -0.00197      
2.99160       -0.00196      
2.99649       -0.00195      
3.00138       -0.00194      
3.00626       -0.00193      
3.01115       -0.00192      
3.01604       -0.00191      
3.02092       -0.00190      
3.02581       -0.00189      
3.03070       -0.00188      
3.03558       -0.00187      
3.04047       -0.00187      
3.04536       -0.00186      
3.05024       -0.00185      
3.05513       -0.00184      
3.06002       -0.00183      
3.06490       -0.00182      
3.06979       -0.00181      
3.07468       -0.00180      
3.07956       -0.00179      
3.08445       -0.00178      
3.08934       -0.00178      
3.09422       -0.00177      
3.09911       -0.00176      
3.10400       -0.00175      
3.10888       -0.00174      
3.11377       -0.00173      
3.11866       -0.00172      
3.12354       -0.00172      
3.12843       -0.00171      
3.13332       -0.00170      
3.13820       -0.00169      
3.14309       -0.00168      
3.14798       -0.00167      
3.15286       -0.00167      
3.15775       -0.00166      
3.16264       -0.00165      
3.16752       -0.00164      
3.17241       -0.00163      
3.17730       -0.00163      
3.18218       -0.00162      
3.18707       -0.00161      
3.19196       -0.00160      
3.19684       -0.00160      
3.20173       -0.00159      
3.20661       -0.00158      
3.21150       -0.00157      
3.21639       -0.00157      
3.22127       -0.00156      
3.22616       -0.00155      
3.23105       -0.00154      
3.23593       -0.00154      
3.24082       -0.00153      
3.24571       -0.00152      
3.25059       -0.00152      
3.25548       -0.00151      
3.26037       -0.00150      
3.26525       -0.00149      
3.27014       -0.00149      
3.27503       -0.00148      
3.27991       -0.00147      
3.28480       -0.00147      
3.28969       -0.00146      
3.29457       -0.00145      
3.29946       -0.00145      
3.30435       -0.00144      
3.30923       -0.00143      
3.31412       -0.00143      
3.31901       -0.00142      
3.32389       -0.00141      
3.32878       -0.00141      
3.33367       -0.00140      
3.33855       -0.00139      
3.34344       -0.00139      
3.34833       -0.00138      
3.35321       -0.00138      
3.35810       -0.00137      
3.36299       -0.00136      
3.36787       -0.00136      
3.37276       -0.00135      
3.37765       -0.00135      
3.38253       -0.00134      
3.38742       -0.00133      
3.39231       -0.00133      
3.39719       -0.00132      
3.40208       -0.00132      
3.40697       -0.00131      
3.41185       -0.00130      
3.41674       -0.00130      
3.42163       -0.00129      
3.42651       -0.00129      
3.43140       -0.00128      
3.43629       -0.00127      
3.44117       -0.00127      
3.44606       -0.00126      
3.45095       -0.00126      
3.45583       -0.00125      
3.46072       -0.00125      
3.46561       -0.00124      
3.47049       -0.00124      
3.47538       -0.00123      
3.48026       -0.00123      
3.48515       -0.00122      
3.49004       -0.00121      
3.49492       -0.00121      
3.49981       -0.00120      
3.50470       -0.00120      
3.50958       -0.00119      
3.51447       -0.00119      
3.51936       -0.00118      
3.52424       -0.00118      
3.52913       -0.00117      
3.53402       -0.00117      
3.53890       -0.00116      
3.54379       -0.00116      
3.54868       -0.00115      
3.55356       -0.00115      
3.55845       -0.00114      
3.56334       -0.00114      
3.56822       -0.00113      
3.57311       -0.00113      
3.57800       -0.00112      
3.58288       -0.00112      
3.58777       -0.00111      
3.59266       -0.00111      
3.59754       -0.00111      
3.60243       -0.00110      
3.60732       -0.00110      
3.61220       -0.00109      
3.61709       -0.00109      
3.62198       -0.00108      
3.62686       -0.00108      
3.63175       -0.00107      
3.63664       -0.00107      
3.64152       -0.00106      
3.64641       -0.00106      
3.65130       -0.00106      
3.65618       -0.00105      
3.66107       -0.00105      
3.66596       -0.00104      
3.67084       -0.00104      
3.67573       -0.00103      
3.68062       -0.00103      
3.68550       -0.00102      
3.69039       -0.00102      
3.69528       -0.00102      
3.70016       -0.00101      
3.70505       -0.00101      
3.70994       -0.00100      
3.71482       -0.00100      
3.71971       -0.00100      
3.72460       -0.00099      
3.72948       -0.00099      
3.73437       -0.00098      
3.73926       -0.00098      
3.74414       -0.00098      
3.74903       -0.00097      
3.75391       -0.00097      
3.75880       -0.00096      
3.76369       -0.00096      
3.76857       -0.00096      
3.77346       -0.00095      
3.77835       -0.00095      
3.78323       -0.00094      
3.78812       -0.00094      
3.79301       -0.00094      
3.79789       -0.00093      
3.80278       -0.00093      
3.80767       -0.00093      
3.81255       -0.00092      
3.81744       -0.00092      
3.82233       -0.00091      
3.82721       -0.00091      
3.83210       -0.00091      
3.83699       -0.00090      
3.84187       -0.00090      
3.84676       -0.00090      
3.85165       -0.00089      
3.85653       -0.00089      
3.86142       -0.00089      
3.86631       -0.00088      
3.87119       -0.00088      
3.87608       -0.00088      
3.88097       -0.00087      
3.88585       -0.00087      
3.89074       -0.00087      
3.89563       -0.00086      
3.90051       -0.00086      
3.90540       -0.00086      
3.91029       -0.00085      
3.91517       -0.00085      
3.92006       -0.00085      
3.92495       -0.00084      
3.92983       -0.00084      
3.93472       -0.00084      
3.93961       -0.00083      
3.94449       -0.00083      
3.94938       -0.00083      
3.95427       -0.00082      
3.95915       -0.00082      
3.96404       -0.00082      
3.96893       -0.00081      
3.97381       -0.00081      
3.97870       -0.00081      
3.98359       -0.00080      
3.98847       -0.00080      
3.99336       -0.00080      
3.99825       -0.00079      
4.00313       -0.00079      
4.00802       -0.00079      
4.01291       -0.00079      
4.01779       -0.00078      
4.02268       -0.00078      
4.02757       -0.00078      
4.03245       -0.00077      
4.03734       -0.00077      
4.04222       -0.00077      
4.04711       -0.00077      
4.05200       -0.00076      
4.05688       -0.00076      
4.06177       -0.00076      
4.06666       -0.00075      
4.07154       -0.00075      
4.07643       -0.00075      
4.08132       -0.00075      
4.08620       -0.00074      
4.09109       -0.00074      
4.09598       -0.00074      
4.10086       -0.00073      
4.10575       -0.00073      
4.11064       -0.00073      
4.11552       -0.00073      
4.12041       -0.00072      
4.12530       -0.00072      
4.13018       -0.00072      
4.13507       -0.00072      
4.13996       -0.00071      
4.14484       -0.00071      
4.14973       -0.00071      
4.15462       -0.00070      
4.15950       -0.00070      
4.16439       -0.00070      
4.16928       -0.00070      
4.17416       -0.00069      
4.17905       -0.00069      
4.18394       -0.00069      
4.18882       -0.00069      
4.19371       -0.00068      
4.19860       -0.00068      
4.20348       -0.00068      
4.20837       -0.00068      
4.21326       -0.00067      
4.21814       -0.00067      
4.22303       -0.00067      
4.22792       -0.00067      
4.23280       -0.00066      
4.23769       -0.00066      
4.24258       -0.00066      
4.24746       -0.00066      
4.25235       -0.00066      
4.25724       -0.00065      
4.26212       -0.00065      
4.26701       -0.00065      
4.27190       -0.00065      
4.27678       -0.00064      
4.28167       -0.00064      
4.28656       -0.00064      
4.29144       -0.00064      
4.29633       -0.00063      
4.30122       -0.00063      
4.30610       -0.00063      
4.31099       -0.00063      
4.31587       -0.00063      
4.32076       -0.00062      
4.32565       -0.00062      
4.33053       -0.00062      
4.33542       -0.00062      
4.34031       -0.00061      
4.34519       -0.00061      
4.35008       -0.00061      
4.35497       -0.00061      
4.35985       -0.00061      
4.36474       -0.00060      
4.36963       -0.00060      
4.37451       -0.00060      
4.37940       -0.00060      
4.38429       -0.00060      
4.38917       -0.00059      
4.39406       -0.00059      
4.39895       -0.00059      
4.40383       -0.00059      
4.40872       -0.00059      
4.41361       -0.00058      
4.41849       -0.00058      
4.42338       -0.00058      
4.42827       -0.00058      
4.43315       -0.00058      
4.43804       -0.00057      
4.44293       -0.00057      
4.44781       -0.00057      
4.45270       -0.00057      
4.45759       -0.00057      
4.46247       -0.00056      
4.46736       -0.00056      
4.47225       -0.00056      
4.47713       -0.00056      
4.48202       -0.00056      
4.48691       -0.00055      
4.49179       -0.00055      
4.49668       -0.00055      
4.50157       -0.00055      
4.50645       -0.00055      
4.51134       -0.00054      
4.51623       -0.00054      
4.52111       -0.00054      
4.52600       -0.00054      
4.53089       -0.00054      
4.53577       -0.00054      
4.54066       -0.00053      
4.54555       -0.00053      
4.55043       -0.00053      
4.55532       -0.00053      
4.56021       -0.00053      
4.56509       -0.00052      
4.56998       -0.00052      
4.57487       -0.00052      
4.57975       -0.00052      
4.58464       -0.00052      
4.58952       -0.00052      
4.59441       -0.00051      
4.59930       -0.00051      
4.60418       -0.00051      
4.60907       -0.00051      
4.61396       -0.00051      
4.61884       -0.00051      
4.62373       -0.00050      
4.62862       -0.00050      
4.63350       -0.00050      
4.63839       -0.00050      
4.64328       -0.00050      
4.64816       -0.00050      
4.65305       -0.00049      
4.65794       -0.00049      
4.66282       -0.00049      
4.66771       -0.00049      
4.67260       -0.00049      
4.67748       -0.00049      
4.68237       -0.00048      
4.68726       -0.00048      
4.69214       -0.00048      
4.69703       -0.00048      
4.70192       -0.00048      
4.70680       -0.00048      
4.71169       -0.00048      
4.71658       -0.00047      
4.72146       -0.00047      
4.72635       -0.00047      
4.73124       -0.00047      
4.73612       -0.00047      
4.74101       -0.00047      
4.74590       -0.00046      
4.75078       -0.00046      
4.75567       -0.00046      
4.76056       -0.00046      
4.76544       -0.00046      
4.77033       -0.00046      
4.77522       -0.00046      
4.78010       -0.00045      
4.78499       -0.00045      
4.78988       -0.00045      
4.79476       -0.00045      
4.79965       -0.00045      
4.80454       -0.00045      
4.80942       -0.00045      
4.81431       -0.00044      
4.81920       -0.00044      
4.82408       -0.00044      
4.82897       -0.00044      
4.83386       -0.00044      
4.83874       -0.00044      
4.84363       -0.00044      
4.84852       -0.00043      
4.85340       -0.00043      
4.85829       -0.00043      
4.86317       -0.00043      
4.86806       -0.00043      
4.87295       -0.00043      
4.87783       -0.00043      
4.88272       -0.00042      
4.88761       -0.00042      
4.89249       -0.00042      
4.89738       -0.00042      
4.90227       -0.00042      
4.90715       -0.00042      
4.91204       -0.00042      
4.91693       -0.00042      
4.92181       -0.00041      
4.92670       -0.00041      
4.93159       -0.00041      
4.93647       -0.00041      
4.94136       -0.00041      
4.94625       -0.00041      
4.95113       -0.00041      
4.95602       -0.00041      
4.96091       -0.00040      
4.96579       -0.00040      
4.97068       -0.00040      
4.97557       -0.00040      
4.98045       -0.00040      
4.98534       -0.00040      
4.99023       -0.00040      
4.99511       -0.00040      
5.00000       -0.00039      
