0.00100       1000000000027966931206144.00000
0.00589       577588570138601.37500
0.01077       409124583284.71564
0.01566       4597878309.71768
0.02055       176670176.14658
0.02543       13652864.96710
0.03032       1657050.28501 
0.03521       275876.96847  
0.04009       58066.43135   
0.04498       14679.89599   
0.04987       4323.06941    
0.05475       1465.37142    
0.05964       576.98351     
0.06453       270.60916     
0.06941       155.16588     
0.07430       106.81138     
0.07919       84.68841      
0.08407       73.81995      
0.08896       67.45195      
0.09385       63.62529      
0.09873       61.05712      
0.10362       59.14890      
0.10851       57.89531      
0.11339       56.04474      
0.11828       54.38420      
0.12317       53.27475      
0.12805       51.57611      
0.13294       50.49198      
0.13783       48.97519      
0.14271       47.77532      
0.14760       45.91772      
0.15248       42.78242      
0.15737       38.83297      
0.16226       33.79561      
0.16714       29.02405      
0.17203       23.80635      
0.17692       19.07301      
0.18180       15.09776      
0.18669       11.51718      
0.19158       8.41581       
0.19646       5.62250       
0.20135       3.24822       
0.20624       1.13387       
0.21112       -0.53489      
0.21601       -1.97245      
0.22090       -3.22150      
0.22578       -4.11550      
0.23067       -4.95539      
0.23556       -5.74222      
0.24044       -6.41806      
0.24533       -7.01485      
0.25022       -7.78733      
0.25510       -8.14972      
0.25999       -8.67503      
0.26488       -9.03620      
0.26976       -9.18927      
0.27465       -9.46600      
0.27954       -9.52313      
0.28442       -9.59487      
0.28931       -9.52236      
0.29420       -9.46489      
0.29908       -9.39806      
0.30397       -9.05831      
0.30886       -8.76621      
0.31374       -8.52258      
0.31863       -8.20506      
0.32352       -7.85512      
0.32840       -7.53142      
0.33329       -7.25248      
0.33818       -6.83002      
0.34306       -6.49513      
0.34795       -6.15037      
0.35284       -5.83738      
0.35772       -5.46130      
0.36261       -5.15374      
0.36750       -4.99148      
0.37238       -4.69683      
0.37727       -4.50052      
0.38216       -4.32609      
0.38704       -4.29242      
0.39193       -4.05258      
0.39682       -4.00007      
0.40170       -4.16867      
0.40659       -4.07537      
0.41148       -4.26102      
0.41636       -4.44671      
0.42125       -4.54181      
0.42613       -4.55487      
0.43102       -4.56701      
0.43591       -4.55481      
0.44079       -4.42124      
0.44568       -4.34717      
0.45057       -4.18172      
0.45545       -3.88328      
0.46034       -3.73096      
0.46523       -3.48274      
0.47011       -3.16726      
0.47500       -3.03256      
0.47989       -2.92297      
0.48477       -2.64562      
0.48966       -2.41707      
0.49455       -2.43227      
0.49943       -2.24649      
0.50432       -2.00321      
0.50921       -2.02670      
0.51409       -1.97850      
0.51898       -1.85614      
0.52387       -1.74456      
0.52875       -1.70159      
0.53364       -1.61463      
0.53853       -1.59053      
0.54341       -1.57445      
0.54830       -1.54816      
0.55319       -1.51129      
0.55807       -1.50339      
0.56296       -1.52509      
0.56785       -1.45341      
0.57273       -1.47542      
0.57762       -1.45503      
0.58251       -1.30664      
0.58739       -1.35928      
0.59228       -1.41262      
0.59717       -1.35367      
0.60205       -1.31026      
0.60694       -1.35440      
0.61183       -1.31325      
0.61671       -1.26235      
0.62160       -1.23024      
0.62649       -1.31316      
0.63137       -1.32780      
0.63626       -1.23194      
0.64115       -1.19005      
0.64603       -1.20078      
0.65092       -1.16568      
0.65581       -1.14361      
0.66069       -1.06954      
0.66558       -1.00542      
0.67047       -0.96502      
0.67535       -1.02526      
0.68024       -1.00708      
0.68513       -0.88284      
0.69001       -0.92148      
0.69490       -0.75889      
0.69978       -0.82026      
0.70467       -0.86473      
0.70956       -0.79902      
0.71444       -0.63912      
0.71933       -0.59833      
0.72422       -0.72362      
0.72910       -0.68703      
0.73399       -0.40895      
0.73888       -0.53921      
0.74376       -0.59459      
0.74865       -0.44823      
0.75354       -0.40145      
0.75842       -0.52115      
0.76331       -0.52970      
0.76820       -0.46276      
0.77308       -0.41347      
0.77797       -0.47606      
0.78286       -0.47967      
0.78774       -0.46021      
0.79263       -0.51276      
0.79752       -0.48106      
0.80240       -0.37775      
0.80729       -0.38353      
0.81218       -0.45968      
0.81706       -0.46583      
0.82195       -0.41728      
0.82684       -0.39160      
0.83172       -0.48085      
0.83661       -0.41490      
0.84150       -0.31588      
0.84638       -0.46492      
0.85127       -0.48550      
0.85616       -0.40270      
0.86104       -0.40692      
0.86593       -0.39126      
0.87082       -0.41039      
0.87570       -0.43018      
0.88059       -0.37572      
0.88548       -0.31013      
0.89036       -0.33326      
0.89525       -0.39128      
0.90014       -0.38942      
0.90502       -0.27331      
0.90991       -0.26328      
0.91480       -0.38526      
0.91968       -0.35314      
0.92457       -0.25483      
0.92946       -0.33652      
0.93434       -0.41938      
0.93923       -0.31167      
0.94412       -0.24380      
0.94900       -0.36484      
0.95389       -0.38218      
0.95878       -0.27419      
0.96366       -0.29124      
0.96855       -0.35160      
0.97343       -0.30891      
0.97832       -0.22102      
0.98321       -0.30209      
0.98809       -0.35487      
0.99298       -0.23839      
0.99787       -0.22294      
1.00275       -0.34900      
1.00764       -0.34310      
1.01253       -0.22873      
1.01741       -0.21088      
1.02230       -0.33289      
1.02719       -0.30794      
1.03207       -0.19958      
1.03696       -0.19337      
1.04185       -0.21513      
1.04673       -0.10821      
1.05162       -0.08443      
1.05651       -0.18241      
1.06139       -0.19214      
1.06628       -0.14466      
1.07117       -0.12513      
1.07605       -0.16349      
1.08094       -0.25050      
1.08583       -0.16764      
1.09071       -0.08261      
1.09560       -0.15890      
1.10049       -0.14796      
1.10537       -0.10755      
1.11026       -0.11048      
1.11515       -0.11484      
1.12003       -0.15157      
1.12492       -0.13426      
1.12981       -0.07066      
1.13469       -0.17179      
1.13958       -0.17943      
1.14447       -0.08016      
1.14935       -0.13353      
1.15424       -0.15831      
1.15913       -0.09480      
1.16401       -0.07870      
1.16890       -0.10455      
1.17379       -0.04897      
1.17867       -0.03662      
1.18356       -0.07288      
1.18845       -0.07624      
1.19333       -0.08227      
1.19822       -0.06441      
1.20311       -0.02457      
1.20799       -0.10193      
1.21288       -0.16336      
1.21777       -0.06440      
1.22265       -0.00336      
1.22754       -0.07428      
1.23243       -0.08084      
1.23731       -0.01876      
1.24220       -0.08150      
1.24709       -0.11018      
1.25197       -0.00577      
1.25686       0.03057       
1.26174       -0.02940      
1.26663       -0.01914      
1.27152       0.10589       
1.27640       0.14031       
1.28129       0.01060       
1.28618       0.10465       
1.29106       0.22324       
1.29595       0.06415       
1.30084       0.00131       
1.30572       0.17027       
1.31061       0.20915       
1.31550       0.09472       
1.32038       0.03555       
1.32527       0.08143       
1.33016       0.12824       
1.33504       0.00912       
1.33993       -0.04693      
1.34482       -0.04248      
1.34970       -0.00672      
1.35459       0.01564       
1.35948       0.05671       
1.36436       0.01406       
1.36925       0.01692       
1.37414       0.06730       
1.37902       0.08294       
1.38391       0.05144       
1.38880       0.03908       
1.39368       0.01056       
1.39857       0.00744       
1.40346       0.12720       
1.40834       0.13874       
1.41323       -0.01845      
1.41812       -0.02699      
1.42300       0.07063       
1.42789       0.03602       
1.43278       -0.02603      
1.43766       -0.01407      
1.44255       -0.01074      
1.44744       -0.06698      
1.45232       0.05257       
1.45721       0.03366       
1.46210       -0.04234      
1.46698       -0.01162      
1.47187       0.03511       
1.47676       0.05028       
1.48164       0.12653       
1.48653       0.06291       
1.49142       0.00327       
1.49630       0.06397       
1.50119       -0.03738      
1.50608       -0.03700      
1.51096       -0.03662      
1.51585       -0.03625      
1.52074       -0.03589      
1.52562       -0.03552      
1.53051       -0.03517      
1.53539       -0.03481      
1.54028       -0.03447      
1.54517       -0.03412      
1.55005       -0.03379      
1.55494       -0.03345      
1.55983       -0.03312      
1.56471       -0.03280      
1.56960       -0.03248      
1.57449       -0.03216      
1.57937       -0.03185      
1.58426       -0.03154      
1.58915       -0.03123      
1.59403       -0.03093      
1.59892       -0.03064      
1.60381       -0.03034      
1.60869       -0.03005      
1.61358       -0.02977      
1.61847       -0.02949      
1.62335       -0.02921      
1.62824       -0.02893      
1.63313       -0.02866      
1.63801       -0.02839      
1.64290       -0.02813      
1.64779       -0.02787      
1.65267       -0.02761      
1.65756       -0.02735      
1.66245       -0.02710      
1.66733       -0.02685      
1.67222       -0.02661      
1.67711       -0.02636      
1.68199       -0.02612      
1.68688       -0.02589      
1.69177       -0.02565      
1.69665       -0.02542      
1.70154       -0.02519      
1.70643       -0.02497      
1.71131       -0.02474      
1.71620       -0.02452      
1.72109       -0.02430      
1.72597       -0.02409      
1.73086       -0.02388      
1.73575       -0.02367      
1.74063       -0.02346      
1.74552       -0.02325      
1.75041       -0.02305      
1.75529       -0.02285      
1.76018       -0.02265      
1.76507       -0.02245      
1.76995       -0.02226      
1.77484       -0.02207      
1.77973       -0.02188      
1.78461       -0.02169      
1.78950       -0.02151      
1.79439       -0.02132      
1.79927       -0.02114      
1.80416       -0.02096      
1.80904       -0.02079      
1.81393       -0.02061      
1.81882       -0.02044      
1.82370       -0.02027      
1.82859       -0.02010      
1.83348       -0.01993      
1.83836       -0.01977      
1.84325       -0.01960      
1.84814       -0.01944      
1.85302       -0.01928      
1.85791       -0.01912      
1.86280       -0.01897      
1.86768       -0.01881      
1.87257       -0.01866      
1.87746       -0.01851      
1.88234       -0.01836      
1.88723       -0.01821      
1.89212       -0.01806      
1.89700       -0.01792      
1.90189       -0.01777      
1.90678       -0.01763      
1.91166       -0.01749      
1.91655       -0.01735      
1.92144       -0.01721      
1.92632       -0.01708      
1.93121       -0.01694      
1.93610       -0.01681      
1.94098       -0.01668      
1.94587       -0.01655      
1.95076       -0.01642      
1.95564       -0.01629      
1.96053       -0.01616      
1.96542       -0.01604      
1.97030       -0.01591      
1.97519       -0.01579      
1.98008       -0.01567      
1.98496       -0.01555      
1.98985       -0.01543      
1.99474       -0.01531      
1.99962       -0.01520      
2.00451       -0.01508      
2.00940       -0.01497      
2.01428       -0.01485      
2.01917       -0.01474      
2.02406       -0.01463      
2.02894       -0.01452      
2.03383       -0.01441      
2.03872       -0.01430      
2.04360       -0.01420      
2.04849       -0.01409      
2.05338       -0.01399      
2.05826       -0.01388      
2.06315       -0.01378      
2.06804       -0.01368      
2.07292       -0.01358      
2.07781       -0.01348      
2.08270       -0.01338      
2.08758       -0.01329      
2.09247       -0.01319      
2.09735       -0.01309      
2.10224       -0.01300      
2.10713       -0.01290      
2.11201       -0.01281      
2.11690       -0.01272      
2.12179       -0.01263      
2.12667       -0.01254      
2.13156       -0.01245      
2.13645       -0.01236      
2.14133       -0.01227      
2.14622       -0.01219      
2.15111       -0.01210      
2.15599       -0.01201      
2.16088       -0.01193      
2.16577       -0.01185      
2.17065       -0.01176      
2.17554       -0.01168      
2.18043       -0.01160      
2.18531       -0.01152      
2.19020       -0.01144      
2.19509       -0.01136      
2.19997       -0.01128      
2.20486       -0.01120      
2.20975       -0.01113      
2.21463       -0.01105      
2.21952       -0.01097      
2.22441       -0.01090      
2.22929       -0.01082      
2.23418       -0.01075      
2.23907       -0.01068      
2.24395       -0.01061      
2.24884       -0.01053      
2.25373       -0.01046      
2.25861       -0.01039      
2.26350       -0.01032      
2.26839       -0.01025      
2.27327       -0.01018      
2.27816       -0.01012      
2.28305       -0.01005      
2.28793       -0.00998      
2.29282       -0.00992      
2.29771       -0.00985      
2.30259       -0.00979      
2.30748       -0.00972      
2.31237       -0.00966      
2.31725       -0.00959      
2.32214       -0.00953      
2.32703       -0.00947      
2.33191       -0.00941      
2.33680       -0.00935      
2.34169       -0.00929      
2.34657       -0.00923      
2.35146       -0.00917      
2.35635       -0.00911      
2.36123       -0.00905      
2.36612       -0.00899      
2.37100       -0.00893      
2.37589       -0.00888      
2.38078       -0.00882      
2.38566       -0.00876      
2.39055       -0.00871      
2.39544       -0.00865      
2.40032       -0.00860      
2.40521       -0.00854      
2.41010       -0.00849      
2.41498       -0.00844      
2.41987       -0.00838      
2.42476       -0.00833      
2.42964       -0.00828      
2.43453       -0.00823      
2.43942       -0.00818      
2.44430       -0.00812      
2.44919       -0.00807      
2.45408       -0.00802      
2.45896       -0.00797      
2.46385       -0.00793      
2.46874       -0.00788      
2.47362       -0.00783      
2.47851       -0.00778      
2.48340       -0.00773      
2.48828       -0.00769      
2.49317       -0.00764      
2.49806       -0.00759      
2.50294       -0.00755      
2.50783       -0.00750      
2.51272       -0.00746      
2.51760       -0.00741      
2.52249       -0.00737      
2.52738       -0.00732      
2.53226       -0.00728      
2.53715       -0.00723      
2.54204       -0.00719      
2.54692       -0.00715      
2.55181       -0.00711      
2.55670       -0.00706      
2.56158       -0.00702      
2.56647       -0.00698      
2.57136       -0.00694      
2.57624       -0.00690      
2.58113       -0.00686      
2.58602       -0.00682      
2.59090       -0.00678      
2.59579       -0.00674      
2.60068       -0.00670      
2.60556       -0.00666      
2.61045       -0.00662      
2.61534       -0.00658      
2.62022       -0.00654      
2.62511       -0.00651      
2.63000       -0.00647      
2.63488       -0.00643      
2.63977       -0.00639      
2.64465       -0.00636      
2.64954       -0.00632      
2.65443       -0.00628      
2.65931       -0.00625      
2.66420       -0.00621      
2.66909       -0.00618      
2.67397       -0.00614      
2.67886       -0.00611      
2.68375       -0.00607      
2.68863       -0.00604      
2.69352       -0.00600      
2.69841       -0.00597      
2.70329       -0.00594      
2.70818       -0.00590      
2.71307       -0.00587      
2.71795       -0.00584      
2.72284       -0.00581      
2.72773       -0.00577      
2.73261       -0.00574      
2.73750       -0.00571      
2.74239       -0.00568      
2.74727       -0.00565      
2.75216       -0.00562      
2.75705       -0.00558      
2.76193       -0.00555      
2.76682       -0.00552      
2.77171       -0.00549      
2.77659       -0.00546      
2.78148       -0.00543      
2.78637       -0.00540      
2.79125       -0.00537      
2.79614       -0.00534      
2.80103       -0.00532      
2.80591       -0.00529      
2.81080       -0.00526      
2.81569       -0.00523      
2.82057       -0.00520      
2.82546       -0.00517      
2.83035       -0.00515      
2.83523       -0.00512      
2.84012       -0.00509      
2.84501       -0.00506      
2.84989       -0.00504      
2.85478       -0.00501      
2.85967       -0.00498      
2.86455       -0.00496      
2.86944       -0.00493      
2.87433       -0.00490      
2.87921       -0.00488      
2.88410       -0.00485      
2.88899       -0.00483      
2.89387       -0.00480      
2.89876       -0.00478      
2.90365       -0.00475      
2.90853       -0.00473      
2.91342       -0.00470      
2.91830       -0.00468      
2.92319       -0.00465      
2.92808       -0.00463      
2.93296       -0.00461      
2.93785       -0.00458      
2.94274       -0.00456      
2.94762       -0.00453      
2.95251       -0.00451      
2.95740       -0.00449      
2.96228       -0.00447      
2.96717       -0.00444      
2.97206       -0.00442      
2.97694       -0.00440      
2.98183       -0.00437      
2.98672       -0.00435      
2.99160       -0.00433      
2.99649       -0.00431      
3.00138       -0.00429      
3.00626       -0.00426      
3.01115       -0.00424      
3.01604       -0.00422      
3.02092       -0.00420      
3.02581       -0.00418      
3.03070       -0.00416      
3.03558       -0.00414      
3.04047       -0.00412      
3.04536       -0.00410      
3.05024       -0.00408      
3.05513       -0.00406      
3.06002       -0.00404      
3.06490       -0.00402      
3.06979       -0.00400      
3.07468       -0.00398      
3.07956       -0.00396      
3.08445       -0.00394      
3.08934       -0.00392      
3.09422       -0.00390      
3.09911       -0.00388      
3.10400       -0.00386      
3.10888       -0.00384      
3.11377       -0.00382      
3.11866       -0.00380      
3.12354       -0.00379      
3.12843       -0.00377      
3.13332       -0.00375      
3.13820       -0.00373      
3.14309       -0.00371      
3.14798       -0.00369      
3.15286       -0.00368      
3.15775       -0.00366      
3.16264       -0.00364      
3.16752       -0.00362      
3.17241       -0.00361      
3.17730       -0.00359      
3.18218       -0.00357      
3.18707       -0.00355      
3.19196       -0.00354      
3.19684       -0.00352      
3.20173       -0.00350      
3.20661       -0.00349      
3.21150       -0.00347      
3.21639       -0.00345      
3.22127       -0.00344      
3.22616       -0.00342      
3.23105       -0.00341      
3.23593       -0.00339      
3.24082       -0.00337      
3.24571       -0.00336      
3.25059       -0.00334      
3.25548       -0.00333      
3.26037       -0.00331      
3.26525       -0.00330      
3.27014       -0.00328      
3.27503       -0.00327      
3.27991       -0.00325      
3.28480       -0.00324      
3.28969       -0.00322      
3.29457       -0.00321      
3.29946       -0.00319      
3.30435       -0.00318      
3.30923       -0.00316      
3.31412       -0.00315      
3.31901       -0.00313      
3.32389       -0.00312      
3.32878       -0.00310      
3.33367       -0.00309      
3.33855       -0.00308      
3.34344       -0.00306      
3.34833       -0.00305      
3.35321       -0.00303      
3.35810       -0.00302      
3.36299       -0.00301      
3.36787       -0.00299      
3.37276       -0.00298      
3.37765       -0.00297      
3.38253       -0.00295      
3.38742       -0.00294      
3.39231       -0.00293      
3.39719       -0.00291      
3.40208       -0.00290      
3.40697       -0.00289      
3.41185       -0.00287      
3.41674       -0.00286      
3.42163       -0.00285      
3.42651       -0.00284      
3.43140       -0.00282      
3.43629       -0.00281      
3.44117       -0.00280      
3.44606       -0.00279      
3.45095       -0.00277      
3.45583       -0.00276      
3.46072       -0.00275      
3.46561       -0.00274      
3.47049       -0.00273      
3.47538       -0.00271      
3.48026       -0.00270      
3.48515       -0.00269      
3.49004       -0.00268      
3.49492       -0.00267      
3.49981       -0.00265      
3.50470       -0.00264      
3.50958       -0.00263      
3.51447       -0.00262      
3.51936       -0.00261      
3.52424       -0.00260      
3.52913       -0.00259      
3.53402       -0.00258      
3.53890       -0.00256      
3.54379       -0.00255      
3.54868       -0.00254      
3.55356       -0.00253      
3.55845       -0.00252      
3.56334       -0.00251      
3.56822       -0.00250      
3.57311       -0.00249      
3.57800       -0.00248      
3.58288       -0.00247      
3.58777       -0.00246      
3.59266       -0.00245      
3.59754       -0.00244      
3.60243       -0.00243      
3.60732       -0.00242      
3.61220       -0.00241      
3.61709       -0.00239      
3.62198       -0.00238      
3.62686       -0.00237      
3.63175       -0.00236      
3.63664       -0.00235      
3.64152       -0.00235      
3.64641       -0.00234      
3.65130       -0.00233      
3.65618       -0.00232      
3.66107       -0.00231      
3.66596       -0.00230      
3.67084       -0.00229      
3.67573       -0.00228      
3.68062       -0.00227      
3.68550       -0.00226      
3.69039       -0.00225      
3.69528       -0.00224      
3.70016       -0.00223      
3.70505       -0.00222      
3.70994       -0.00221      
3.71482       -0.00220      
3.71971       -0.00219      
3.72460       -0.00219      
3.72948       -0.00218      
3.73437       -0.00217      
3.73926       -0.00216      
3.74414       -0.00215      
3.74903       -0.00214      
3.75391       -0.00213      
3.75880       -0.00212      
3.76369       -0.00212      
3.76857       -0.00211      
3.77346       -0.00210      
3.77835       -0.00209      
3.78323       -0.00208      
3.78812       -0.00207      
3.79301       -0.00206      
3.79789       -0.00206      
3.80278       -0.00205      
3.80767       -0.00204      
3.81255       -0.00203      
3.81744       -0.00202      
3.82233       -0.00202      
3.82721       -0.00201      
3.83210       -0.00200      
3.83699       -0.00199      
3.84187       -0.00198      
3.84676       -0.00198      
3.85165       -0.00197      
3.85653       -0.00196      
3.86142       -0.00195      
3.86631       -0.00194      
3.87119       -0.00194      
3.87608       -0.00193      
3.88097       -0.00192      
3.88585       -0.00191      
3.89074       -0.00191      
3.89563       -0.00190      
3.90051       -0.00189      
3.90540       -0.00188      
3.91029       -0.00188      
3.91517       -0.00187      
3.92006       -0.00186      
3.92495       -0.00186      
3.92983       -0.00185      
3.93472       -0.00184      
3.93961       -0.00183      
3.94449       -0.00183      
3.94938       -0.00182      
3.95427       -0.00181      
3.95915       -0.00181      
3.96404       -0.00180      
3.96893       -0.00179      
3.97381       -0.00178      
3.97870       -0.00178      
3.98359       -0.00177      
3.98847       -0.00176      
3.99336       -0.00176      
3.99825       -0.00175      
4.00313       -0.00174      
4.00802       -0.00174      
4.01291       -0.00173      
4.01779       -0.00172      
4.02268       -0.00172      
4.02757       -0.00171      
4.03245       -0.00170      
4.03734       -0.00170      
4.04222       -0.00169      
4.04711       -0.00169      
4.05200       -0.00168      
4.05688       -0.00167      
4.06177       -0.00167      
4.06666       -0.00166      
4.07154       -0.00165      
4.07643       -0.00165      
4.08132       -0.00164      
4.08620       -0.00164      
4.09109       -0.00163      
4.09598       -0.00162      
4.10086       -0.00162      
4.10575       -0.00161      
4.11064       -0.00161      
4.11552       -0.00160      
4.12041       -0.00159      
4.12530       -0.00159      
4.13018       -0.00158      
4.13507       -0.00158      
4.13996       -0.00157      
4.14484       -0.00156      
4.14973       -0.00156      
4.15462       -0.00155      
4.15950       -0.00155      
4.16439       -0.00154      
4.16928       -0.00154      
4.17416       -0.00153      
4.17905       -0.00152      
4.18394       -0.00152      
4.18882       -0.00151      
4.19371       -0.00151      
4.19860       -0.00150      
4.20348       -0.00150      
4.20837       -0.00149      
4.21326       -0.00149      
4.21814       -0.00148      
4.22303       -0.00147      
4.22792       -0.00147      
4.23280       -0.00146      
4.23769       -0.00146      
4.24258       -0.00145      
4.24746       -0.00145      
4.25235       -0.00144      
4.25724       -0.00144      
4.26212       -0.00143      
4.26701       -0.00143      
4.27190       -0.00142      
4.27678       -0.00142      
4.28167       -0.00141      
4.28656       -0.00141      
4.29144       -0.00140      
4.29633       -0.00140      
4.30122       -0.00139      
4.30610       -0.00139      
4.31099       -0.00138      
4.31587       -0.00138      
4.32076       -0.00137      
4.32565       -0.00137      
4.33053       -0.00136      
4.33542       -0.00136      
4.34031       -0.00135      
4.34519       -0.00135      
4.35008       -0.00134      
4.35497       -0.00134      
4.35985       -0.00133      
4.36474       -0.00133      
4.36963       -0.00133      
4.37451       -0.00132      
4.37940       -0.00132      
4.38429       -0.00131      
4.38917       -0.00131      
4.39406       -0.00130      
4.39895       -0.00130      
4.40383       -0.00129      
4.40872       -0.00129      
4.41361       -0.00128      
4.41849       -0.00128      
4.42338       -0.00128      
4.42827       -0.00127      
4.43315       -0.00127      
4.43804       -0.00126      
4.44293       -0.00126      
4.44781       -0.00125      
4.45270       -0.00125      
4.45759       -0.00124      
4.46247       -0.00124      
4.46736       -0.00124      
4.47225       -0.00123      
4.47713       -0.00123      
4.48202       -0.00122      
4.48691       -0.00122      
4.49179       -0.00122      
4.49668       -0.00121      
4.50157       -0.00121      
4.50645       -0.00120      
4.51134       -0.00120      
4.51623       -0.00119      
4.52111       -0.00119      
4.52600       -0.00119      
4.53089       -0.00118      
4.53577       -0.00118      
4.54066       -0.00117      
4.54555       -0.00117      
4.55043       -0.00117      
4.55532       -0.00116      
4.56021       -0.00116      
4.56509       -0.00115      
4.56998       -0.00115      
4.57487       -0.00115      
4.57975       -0.00114      
4.58464       -0.00114      
4.58952       -0.00114      
4.59441       -0.00113      
4.59930       -0.00113      
4.60418       -0.00112      
4.60907       -0.00112      
4.61396       -0.00112      
4.61884       -0.00111      
4.62373       -0.00111      
4.62862       -0.00111      
4.63350       -0.00110      
4.63839       -0.00110      
4.64328       -0.00109      
4.64816       -0.00109      
4.65305       -0.00109      
4.65794       -0.00108      
4.66282       -0.00108      
4.66771       -0.00108      
4.67260       -0.00107      
4.67748       -0.00107      
4.68237       -0.00107      
4.68726       -0.00106      
4.69214       -0.00106      
4.69703       -0.00106      
4.70192       -0.00105      
4.70680       -0.00105      
4.71169       -0.00105      
4.71658       -0.00104      
4.72146       -0.00104      
4.72635       -0.00104      
4.73124       -0.00103      
4.73612       -0.00103      
4.74101       -0.00103      
4.74590       -0.00102      
4.75078       -0.00102      
4.75567       -0.00102      
4.76056       -0.00101      
4.76544       -0.00101      
4.77033       -0.00101      
4.77522       -0.00100      
4.78010       -0.00100      
4.78499       -0.00100      
4.78988       -0.00099      
4.79476       -0.00099      
4.79965       -0.00099      
4.80454       -0.00098      
4.80942       -0.00098      
4.81431       -0.00098      
4.81920       -0.00097      
4.82408       -0.00097      
4.82897       -0.00097      
4.83386       -0.00096      
4.83874       -0.00096      
4.84363       -0.00096      
4.84852       -0.00096      
4.85340       -0.00095      
4.85829       -0.00095      
4.86317       -0.00095      
4.86806       -0.00094      
4.87295       -0.00094      
4.87783       -0.00094      
4.88272       -0.00093      
4.88761       -0.00093      
4.89249       -0.00093      
4.89738       -0.00093      
4.90227       -0.00092      
4.90715       -0.00092      
4.91204       -0.00092      
4.91693       -0.00091      
4.92181       -0.00091      
4.92670       -0.00091      
4.93159       -0.00091      
4.93647       -0.00090      
4.94136       -0.00090      
4.94625       -0.00090      
4.95113       -0.00089      
4.95602       -0.00089      
4.96091       -0.00089      
4.96579       -0.00089      
4.97068       -0.00088      
4.97557       -0.00088      
4.98045       -0.00088      
4.98534       -0.00088      
4.99023       -0.00087      
4.99511       -0.00087      
5.00000       -0.00087      
