0.00100       1000000000027966931206144.00000
0.00589       577588570138518.00000
0.01077       409124583199.07837
0.01566       4597878222.40152
0.02055       176670087.53457
0.02543       13652774.95862
0.03032       1656958.97158 
0.03521       275784.72065  
0.04009       57973.36148   
0.04498       14585.95100   
0.04987       4232.99517    
0.05475       1380.11493    
0.05964       495.73134     
0.06453       193.38977     
0.06941       80.78574      
0.07430       35.98775      
0.07919       16.89687      
0.08407       8.02016       
0.08896       4.06847       
0.09385       2.08446       
0.09873       1.08255       
0.10362       0.99104       
0.10851       0.91264       
0.11339       1.11888       
0.11828       1.50909       
0.12317       1.78573       
0.12805       2.18041       
0.13294       2.52444       
0.13783       2.76621       
0.14271       2.88248       
0.14760       2.83521       
0.15248       2.55420       
0.15737       2.11962       
0.16226       1.66967       
0.16714       1.21716       
0.17203       0.70658       
0.17692       0.19780       
0.18180       -0.17820      
0.18669       -0.42388      
0.19158       -0.71803      
0.19646       -0.96180      
0.20135       -0.89929      
0.20624       -0.81451      
0.21112       -0.96025      
0.21601       -0.74119      
0.22090       -0.52941      
0.22578       -0.45327      
0.23067       -0.27648      
0.23556       -0.00741      
0.24044       0.33444       
0.24533       0.64930       
0.25022       0.82941       
0.25510       0.93366       
0.25999       1.13932       
0.26488       1.52731       
0.26976       1.80561       
0.27465       1.76600       
0.27954       1.79375       
0.28442       2.07225       
0.28931       2.28185       
0.29420       2.33131       
0.29908       2.43464       
0.30397       2.65176       
0.30886       2.76343       
0.31374       2.74097       
0.31863       2.81611       
0.32352       3.01636       
0.32840       3.13444       
0.33329       3.12515       
0.33818       3.08271       
0.34306       3.07656       
0.34795       3.12610       
0.35284       3.14560       
0.35772       3.08327       
0.36261       2.98024       
0.36750       2.85612       
0.37238       2.73489       
0.37727       2.62408       
0.38216       2.52665       
0.38704       2.41046       
0.39193       2.28034       
0.39682       2.13163       
0.40170       1.97839       
0.40659       1.83495       
0.41148       1.70298       
0.41636       1.58416       
0.42125       1.47125       
0.42613       1.34962       
0.43102       1.22720       
0.43591       1.09719       
0.44079       0.97840       
0.44568       0.88000       
0.45057       0.80380       
0.45545       0.73932       
0.46034       0.65658       
0.46523       0.52869       
0.47011       0.36247       
0.47500       0.23025       
0.47989       0.19083       
0.48477       0.25037       
0.48966       0.30809       
0.49455       0.21788       
0.49943       0.01013       
0.50432       -0.09672      
0.50921       -0.06210      
0.51409       -0.02552      
0.51898       -0.04034      
0.52387       -0.07090      
0.52875       -0.08646      
0.53364       -0.11358      
0.53853       -0.12695      
0.54341       -0.13149      
0.54830       -0.14852      
0.55319       -0.18731      
0.55807       -0.20324      
0.56296       -0.18508      
0.56785       -0.14519      
0.57273       -0.13386      
0.57762       -0.16069      
0.58251       -0.17533      
0.58739       -0.15858      
0.59228       -0.13540      
0.59717       -0.13147      
0.60205       -0.15144      
0.60694       -0.15018      
0.61183       -0.08897      
0.61671       -0.00057      
0.62160       0.05500       
0.62649       0.05460       
0.63137       0.02380       
0.63626       -0.00884      
0.64115       -0.00613      
0.64603       0.03386       
0.65092       0.09423       
0.65581       0.13360       
0.66069       0.12521       
0.66558       0.09593       
0.67047       0.09316       
0.67535       0.15848       
0.68024       0.25296       
0.68513       0.28293       
0.69001       0.22992       
0.69490       0.14328       
0.69978       0.15202       
0.70467       0.24457       
0.70956       0.29177       
0.71444       0.24535       
0.71933       0.15724       
0.72422       0.12824       
0.72910       0.16136       
0.73399       0.18599       
0.73888       0.17026       
0.74376       0.15975       
0.74865       0.17570       
0.75354       0.12083       
0.75842       -0.02975      
0.76331       -0.04851      
0.76820       0.08675       
0.77308       0.11201       
0.77797       -0.03537      
0.78286       -0.19079      
0.78774       -0.14777      
0.79263       -0.02466      
0.79752       -0.01070      
0.80240       -0.09267      
0.80729       -0.15645      
0.81218       -0.18434      
0.81706       -0.19454      
0.82195       -0.19947      
0.82684       -0.21144      
0.83172       -0.22924      
0.83661       -0.23932      
0.84150       -0.23830      
0.84638       -0.23162      
0.85127       -0.23641      
0.85616       -0.27165      
0.86104       -0.32262      
0.86593       -0.33629      
0.87082       -0.31081      
0.87570       -0.30689      
0.88059       -0.32070      
0.88548       -0.31668      
0.89036       -0.29034      
0.89525       -0.26428      
0.90014       -0.25280      
0.90502       -0.25179      
0.90991       -0.27151      
0.91480       -0.31833      
0.91968       -0.33048      
0.92457       -0.24416      
0.92946       -0.12083      
0.93434       -0.09188      
0.93923       -0.16917      
0.94412       -0.24320      
0.94900       -0.22521      
0.95389       -0.14946      
0.95878       -0.12304      
0.96366       -0.16440      
0.96855       -0.20038      
0.97343       -0.19697      
0.97832       -0.16888      
0.98321       -0.14186      
0.98809       -0.12593      
0.99298       -0.11629      
0.99787       -0.11990      
1.00275       -0.14644      
1.00764       -0.18314      
1.01253       -0.19553      
1.01741       -0.17958      
1.02230       -0.15054      
1.02719       -0.11497      
1.03207       -0.11767      
1.03696       -0.15982      
1.04185       -0.19357      
1.04673       -0.20198      
1.05162       -0.21798      
1.05651       -0.24032      
1.06139       -0.21395      
1.06628       -0.14008      
1.07117       -0.08758      
1.07605       -0.12508      
1.08094       -0.25751      
1.08583       -0.31418      
1.09071       -0.21747      
1.09560       -0.15150      
1.10049       -0.14086      
1.10537       -0.16667      
1.11026       -0.23691      
1.11515       -0.29512      
1.12003       -0.28778      
1.12492       -0.23437      
1.12981       -0.18587      
1.13469       -0.18197      
1.13958       -0.22041      
1.14447       -0.26078      
1.14935       -0.27553      
1.15424       -0.24772      
1.15913       -0.21160      
1.16401       -0.18530      
1.16890       -0.19792      
1.17379       -0.22576      
1.17867       -0.25327      
1.18356       -0.26473      
1.18845       -0.25022      
1.19333       -0.20298      
1.19822       -0.15793      
1.20311       -0.15467      
1.20799       -0.18097      
1.21288       -0.21224      
1.21777       -0.22942      
1.22265       -0.24710      
1.22754       -0.28284      
1.23243       -0.29304      
1.23731       -0.27009      
1.24220       -0.26344      
1.24709       -0.24946      
1.25197       -0.25601      
1.25686       -0.26130      
1.26174       -0.17900      
1.26663       -0.21789      
1.27152       -0.26592      
1.27640       -0.28084      
1.28129       -0.26517      
1.28618       -0.21733      
1.29106       -0.19384      
1.29595       -0.21288      
1.30084       -0.23973      
1.30572       -0.22559      
1.31061       -0.18299      
1.31550       -0.17668      
1.32038       -0.18968      
1.32527       -0.17593      
1.33016       -0.21648      
1.33504       -0.30376      
1.33993       -0.28337      
1.34482       -0.18727      
1.34970       -0.16679      
1.35459       -0.21593      
1.35948       -0.25085      
1.36436       -0.24200      
1.36925       -0.19831      
1.37414       -0.16468      
1.37902       -0.15194      
1.38391       -0.18856      
1.38880       -0.22687      
1.39368       -0.17519      
1.39857       -0.08099      
1.40346       -0.09212      
1.40834       -0.18619      
1.41323       -0.18085      
1.41812       -0.13952      
1.42300       -0.12672      
1.42789       -0.12638      
1.43278       -0.14211      
1.43766       -0.11265      
1.44255       -0.05969      
1.44744       -0.05140      
1.45232       -0.06248      
1.45721       -0.09878      
1.46210       -0.14192      
1.46698       -0.13754      
1.47187       -0.08609      
1.47676       -0.05176      
1.48164       -0.05768      
1.48653       -0.05548      
1.49142       -0.03070      
1.49630       0.00080       
1.50119       -0.00482      
1.50608       -0.00477      
1.51096       -0.00473      
1.51585       -0.00468      
1.52074       -0.00463      
1.52562       -0.00459      
1.53051       -0.00454      
1.53539       -0.00450      
1.54028       -0.00445      
1.54517       -0.00441      
1.55005       -0.00436      
1.55494       -0.00432      
1.55983       -0.00428      
1.56471       -0.00424      
1.56960       -0.00420      
1.57449       -0.00416      
1.57937       -0.00412      
1.58426       -0.00408      
1.58915       -0.00404      
1.59403       -0.00400      
1.59892       -0.00396      
1.60381       -0.00392      
1.60869       -0.00389      
1.61358       -0.00385      
1.61847       -0.00381      
1.62335       -0.00378      
1.62824       -0.00374      
1.63313       -0.00371      
1.63801       -0.00367      
1.64290       -0.00364      
1.64779       -0.00361      
1.65267       -0.00357      
1.65756       -0.00354      
1.66245       -0.00351      
1.66733       -0.00348      
1.67222       -0.00345      
1.67711       -0.00341      
1.68199       -0.00338      
1.68688       -0.00335      
1.69177       -0.00332      
1.69665       -0.00329      
1.70154       -0.00326      
1.70643       -0.00323      
1.71131       -0.00321      
1.71620       -0.00318      
1.72109       -0.00315      
1.72597       -0.00312      
1.73086       -0.00309      
1.73575       -0.00307      
1.74063       -0.00304      
1.74552       -0.00301      
1.75041       -0.00299      
1.75529       -0.00296      
1.76018       -0.00294      
1.76507       -0.00291      
1.76995       -0.00289      
1.77484       -0.00286      
1.77973       -0.00284      
1.78461       -0.00281      
1.78950       -0.00279      
1.79439       -0.00277      
1.79927       -0.00274      
1.80416       -0.00272      
1.80904       -0.00270      
1.81393       -0.00267      
1.81882       -0.00265      
1.82370       -0.00263      
1.82859       -0.00261      
1.83348       -0.00259      
1.83836       -0.00257      
1.84325       -0.00254      
1.84814       -0.00252      
1.85302       -0.00250      
1.85791       -0.00248      
1.86280       -0.00246      
1.86768       -0.00244      
1.87257       -0.00242      
1.87746       -0.00240      
1.88234       -0.00238      
1.88723       -0.00237      
1.89212       -0.00235      
1.89700       -0.00233      
1.90189       -0.00231      
1.90678       -0.00229      
1.91166       -0.00227      
1.91655       -0.00225      
1.92144       -0.00224      
1.92632       -0.00222      
1.93121       -0.00220      
1.93610       -0.00218      
1.94098       -0.00217      
1.94587       -0.00215      
1.95076       -0.00213      
1.95564       -0.00212      
1.96053       -0.00210      
1.96542       -0.00208      
1.97030       -0.00207      
1.97519       -0.00205      
1.98008       -0.00204      
1.98496       -0.00202      
1.98985       -0.00201      
1.99474       -0.00199      
1.99962       -0.00198      
2.00451       -0.00196      
2.00940       -0.00195      
2.01428       -0.00193      
2.01917       -0.00192      
2.02406       -0.00190      
2.02894       -0.00189      
2.03383       -0.00187      
2.03872       -0.00186      
2.04360       -0.00185      
2.04849       -0.00183      
2.05338       -0.00182      
2.05826       -0.00181      
2.06315       -0.00179      
2.06804       -0.00178      
2.07292       -0.00177      
2.07781       -0.00175      
2.08270       -0.00174      
2.08758       -0.00173      
2.09247       -0.00172      
2.09735       -0.00170      
2.10224       -0.00169      
2.10713       -0.00168      
2.11201       -0.00167      
2.11690       -0.00166      
2.12179       -0.00164      
2.12667       -0.00163      
2.13156       -0.00162      
2.13645       -0.00161      
2.14133       -0.00160      
2.14622       -0.00159      
2.15111       -0.00158      
2.15599       -0.00156      
2.16088       -0.00155      
2.16577       -0.00154      
2.17065       -0.00153      
2.17554       -0.00152      
2.18043       -0.00151      
2.18531       -0.00150      
2.19020       -0.00149      
2.19509       -0.00148      
2.19997       -0.00147      
2.20486       -0.00146      
2.20975       -0.00145      
2.21463       -0.00144      
2.21952       -0.00143      
2.22441       -0.00142      
2.22929       -0.00141      
2.23418       -0.00140      
2.23907       -0.00139      
2.24395       -0.00138      
2.24884       -0.00137      
2.25373       -0.00136      
2.25861       -0.00135      
2.26350       -0.00135      
2.26839       -0.00134      
2.27327       -0.00133      
2.27816       -0.00132      
2.28305       -0.00131      
2.28793       -0.00130      
2.29282       -0.00129      
2.29771       -0.00128      
2.30259       -0.00128      
2.30748       -0.00127      
2.31237       -0.00126      
2.31725       -0.00125      
2.32214       -0.00124      
2.32703       -0.00123      
2.33191       -0.00123      
2.33680       -0.00122      
2.34169       -0.00121      
2.34657       -0.00120      
2.35146       -0.00120      
2.35635       -0.00119      
2.36123       -0.00118      
2.36612       -0.00117      
2.37100       -0.00116      
2.37589       -0.00116      
2.38078       -0.00115      
2.38566       -0.00114      
2.39055       -0.00114      
2.39544       -0.00113      
2.40032       -0.00112      
2.40521       -0.00111      
2.41010       -0.00111      
2.41498       -0.00110      
2.41987       -0.00109      
2.42476       -0.00109      
2.42964       -0.00108      
2.43453       -0.00107      
2.43942       -0.00107      
2.44430       -0.00106      
2.44919       -0.00105      
2.45408       -0.00105      
2.45896       -0.00104      
2.46385       -0.00103      
2.46874       -0.00103      
2.47362       -0.00102      
2.47851       -0.00102      
2.48340       -0.00101      
2.48828       -0.00100      
2.49317       -0.00100      
2.49806       -0.00099      
2.50294       -0.00098      
2.50783       -0.00098      
2.51272       -0.00097      
2.51760       -0.00097      
2.52249       -0.00096      
2.52738       -0.00096      
2.53226       -0.00095      
2.53715       -0.00094      
2.54204       -0.00094      
2.54692       -0.00093      
2.55181       -0.00093      
2.55670       -0.00092      
2.56158       -0.00092      
2.56647       -0.00091      
2.57136       -0.00091      
2.57624       -0.00090      
2.58113       -0.00090      
2.58602       -0.00089      
2.59090       -0.00088      
2.59579       -0.00088      
2.60068       -0.00087      
2.60556       -0.00087      
2.61045       -0.00086      
2.61534       -0.00086      
2.62022       -0.00085      
2.62511       -0.00085      
2.63000       -0.00084      
2.63488       -0.00084      
2.63977       -0.00083      
2.64465       -0.00083      
2.64954       -0.00083      
2.65443       -0.00082      
2.65931       -0.00082      
2.66420       -0.00081      
2.66909       -0.00081      
2.67397       -0.00080      
2.67886       -0.00080      
2.68375       -0.00079      
2.68863       -0.00079      
2.69352       -0.00078      
2.69841       -0.00078      
2.70329       -0.00078      
2.70818       -0.00077      
2.71307       -0.00077      
2.71795       -0.00076      
2.72284       -0.00076      
2.72773       -0.00075      
2.73261       -0.00075      
2.73750       -0.00075      
2.74239       -0.00074      
2.74727       -0.00074      
2.75216       -0.00073      
2.75705       -0.00073      
2.76193       -0.00073      
2.76682       -0.00072      
2.77171       -0.00072      
2.77659       -0.00071      
2.78148       -0.00071      
2.78637       -0.00071      
2.79125       -0.00070      
2.79614       -0.00070      
2.80103       -0.00069      
2.80591       -0.00069      
2.81080       -0.00069      
2.81569       -0.00068      
2.82057       -0.00068      
2.82546       -0.00068      
2.83035       -0.00067      
2.83523       -0.00067      
2.84012       -0.00067      
2.84501       -0.00066      
2.84989       -0.00066      
2.85478       -0.00065      
2.85967       -0.00065      
2.86455       -0.00065      
2.86944       -0.00064      
2.87433       -0.00064      
2.87921       -0.00064      
2.88410       -0.00063      
2.88899       -0.00063      
2.89387       -0.00063      
2.89876       -0.00062      
2.90365       -0.00062      
2.90853       -0.00062      
2.91342       -0.00061      
2.91830       -0.00061      
2.92319       -0.00061      
2.92808       -0.00061      
2.93296       -0.00060      
2.93785       -0.00060      
2.94274       -0.00060      
2.94762       -0.00059      
2.95251       -0.00059      
2.95740       -0.00059      
2.96228       -0.00058      
2.96717       -0.00058      
2.97206       -0.00058      
2.97694       -0.00057      
2.98183       -0.00057      
2.98672       -0.00057      
2.99160       -0.00057      
2.99649       -0.00056      
3.00138       -0.00056      
3.00626       -0.00056      
3.01115       -0.00055      
3.01604       -0.00055      
3.02092       -0.00055      
3.02581       -0.00055      
3.03070       -0.00054      
3.03558       -0.00054      
3.04047       -0.00054      
3.04536       -0.00054      
3.05024       -0.00053      
3.05513       -0.00053      
3.06002       -0.00053      
3.06490       -0.00053      
3.06979       -0.00052      
3.07468       -0.00052      
3.07956       -0.00052      
3.08445       -0.00051      
3.08934       -0.00051      
3.09422       -0.00051      
3.09911       -0.00051      
3.10400       -0.00050      
3.10888       -0.00050      
3.11377       -0.00050      
3.11866       -0.00050      
3.12354       -0.00050      
3.12843       -0.00049      
3.13332       -0.00049      
3.13820       -0.00049      
3.14309       -0.00049      
3.14798       -0.00048      
3.15286       -0.00048      
3.15775       -0.00048      
3.16264       -0.00048      
3.16752       -0.00047      
3.17241       -0.00047      
3.17730       -0.00047      
3.18218       -0.00047      
3.18707       -0.00047      
3.19196       -0.00046      
3.19684       -0.00046      
3.20173       -0.00046      
3.20661       -0.00046      
3.21150       -0.00045      
3.21639       -0.00045      
3.22127       -0.00045      
3.22616       -0.00045      
3.23105       -0.00045      
3.23593       -0.00044      
3.24082       -0.00044      
3.24571       -0.00044      
3.25059       -0.00044      
3.25548       -0.00044      
3.26037       -0.00043      
3.26525       -0.00043      
3.27014       -0.00043      
3.27503       -0.00043      
3.27991       -0.00043      
3.28480       -0.00042      
3.28969       -0.00042      
3.29457       -0.00042      
3.29946       -0.00042      
3.30435       -0.00042      
3.30923       -0.00041      
3.31412       -0.00041      
3.31901       -0.00041      
3.32389       -0.00041      
3.32878       -0.00041      
3.33367       -0.00040      
3.33855       -0.00040      
3.34344       -0.00040      
3.34833       -0.00040      
3.35321       -0.00040      
3.35810       -0.00040      
3.36299       -0.00039      
3.36787       -0.00039      
3.37276       -0.00039      
3.37765       -0.00039      
3.38253       -0.00039      
3.38742       -0.00038      
3.39231       -0.00038      
3.39719       -0.00038      
3.40208       -0.00038      
3.40697       -0.00038      
3.41185       -0.00038      
3.41674       -0.00037      
3.42163       -0.00037      
3.42651       -0.00037      
3.43140       -0.00037      
3.43629       -0.00037      
3.44117       -0.00037      
3.44606       -0.00036      
3.45095       -0.00036      
3.45583       -0.00036      
3.46072       -0.00036      
3.46561       -0.00036      
3.47049       -0.00036      
3.47538       -0.00036      
3.48026       -0.00035      
3.48515       -0.00035      
3.49004       -0.00035      
3.49492       -0.00035      
3.49981       -0.00035      
3.50470       -0.00035      
3.50958       -0.00034      
3.51447       -0.00034      
3.51936       -0.00034      
3.52424       -0.00034      
3.52913       -0.00034      
3.53402       -0.00034      
3.53890       -0.00034      
3.54379       -0.00033      
3.54868       -0.00033      
3.55356       -0.00033      
3.55845       -0.00033      
3.56334       -0.00033      
3.56822       -0.00033      
3.57311       -0.00033      
3.57800       -0.00032      
3.58288       -0.00032      
3.58777       -0.00032      
3.59266       -0.00032      
3.59754       -0.00032      
3.60243       -0.00032      
3.60732       -0.00032      
3.61220       -0.00031      
3.61709       -0.00031      
3.62198       -0.00031      
3.62686       -0.00031      
3.63175       -0.00031      
3.63664       -0.00031      
3.64152       -0.00031      
3.64641       -0.00031      
3.65130       -0.00030      
3.65618       -0.00030      
3.66107       -0.00030      
3.66596       -0.00030      
3.67084       -0.00030      
3.67573       -0.00030      
3.68062       -0.00030      
3.68550       -0.00030      
3.69039       -0.00029      
3.69528       -0.00029      
3.70016       -0.00029      
3.70505       -0.00029      
3.70994       -0.00029      
3.71482       -0.00029      
3.71971       -0.00029      
3.72460       -0.00029      
3.72948       -0.00029      
3.73437       -0.00028      
3.73926       -0.00028      
3.74414       -0.00028      
3.74903       -0.00028      
3.75391       -0.00028      
3.75880       -0.00028      
3.76369       -0.00028      
3.76857       -0.00028      
3.77346       -0.00027      
3.77835       -0.00027      
3.78323       -0.00027      
3.78812       -0.00027      
3.79301       -0.00027      
3.79789       -0.00027      
3.80278       -0.00027      
3.80767       -0.00027      
3.81255       -0.00027      
3.81744       -0.00027      
3.82233       -0.00026      
3.82721       -0.00026      
3.83210       -0.00026      
3.83699       -0.00026      
3.84187       -0.00026      
3.84676       -0.00026      
3.85165       -0.00026      
3.85653       -0.00026      
3.86142       -0.00026      
3.86631       -0.00025      
3.87119       -0.00025      
3.87608       -0.00025      
3.88097       -0.00025      
3.88585       -0.00025      
3.89074       -0.00025      
3.89563       -0.00025      
3.90051       -0.00025      
3.90540       -0.00025      
3.91029       -0.00025      
3.91517       -0.00024      
3.92006       -0.00024      
3.92495       -0.00024      
3.92983       -0.00024      
3.93472       -0.00024      
3.93961       -0.00024      
3.94449       -0.00024      
3.94938       -0.00024      
3.95427       -0.00024      
3.95915       -0.00024      
3.96404       -0.00024      
3.96893       -0.00023      
3.97381       -0.00023      
3.97870       -0.00023      
3.98359       -0.00023      
3.98847       -0.00023      
3.99336       -0.00023      
3.99825       -0.00023      
4.00313       -0.00023      
4.00802       -0.00023      
4.01291       -0.00023      
4.01779       -0.00023      
4.02268       -0.00023      
4.02757       -0.00022      
4.03245       -0.00022      
4.03734       -0.00022      
4.04222       -0.00022      
4.04711       -0.00022      
4.05200       -0.00022      
4.05688       -0.00022      
4.06177       -0.00022      
4.06666       -0.00022      
4.07154       -0.00022      
4.07643       -0.00022      
4.08132       -0.00022      
4.08620       -0.00021      
4.09109       -0.00021      
4.09598       -0.00021      
4.10086       -0.00021      
4.10575       -0.00021      
4.11064       -0.00021      
4.11552       -0.00021      
4.12041       -0.00021      
4.12530       -0.00021      
4.13018       -0.00021      
4.13507       -0.00021      
4.13996       -0.00021      
4.14484       -0.00020      
4.14973       -0.00020      
4.15462       -0.00020      
4.15950       -0.00020      
4.16439       -0.00020      
4.16928       -0.00020      
4.17416       -0.00020      
4.17905       -0.00020      
4.18394       -0.00020      
4.18882       -0.00020      
4.19371       -0.00020      
4.19860       -0.00020      
4.20348       -0.00020      
4.20837       -0.00020      
4.21326       -0.00019      
4.21814       -0.00019      
4.22303       -0.00019      
4.22792       -0.00019      
4.23280       -0.00019      
4.23769       -0.00019      
4.24258       -0.00019      
4.24746       -0.00019      
4.25235       -0.00019      
4.25724       -0.00019      
4.26212       -0.00019      
4.26701       -0.00019      
4.27190       -0.00019      
4.27678       -0.00019      
4.28167       -0.00019      
4.28656       -0.00018      
4.29144       -0.00018      
4.29633       -0.00018      
4.30122       -0.00018      
4.30610       -0.00018      
4.31099       -0.00018      
4.31587       -0.00018      
4.32076       -0.00018      
4.32565       -0.00018      
4.33053       -0.00018      
4.33542       -0.00018      
4.34031       -0.00018      
4.34519       -0.00018      
4.35008       -0.00018      
4.35497       -0.00018      
4.35985       -0.00017      
4.36474       -0.00017      
4.36963       -0.00017      
4.37451       -0.00017      
4.37940       -0.00017      
4.38429       -0.00017      
4.38917       -0.00017      
4.39406       -0.00017      
4.39895       -0.00017      
4.40383       -0.00017      
4.40872       -0.00017      
4.41361       -0.00017      
4.41849       -0.00017      
4.42338       -0.00017      
4.42827       -0.00017      
4.43315       -0.00017      
4.43804       -0.00017      
4.44293       -0.00016      
4.44781       -0.00016      
4.45270       -0.00016      
4.45759       -0.00016      
4.46247       -0.00016      
4.46736       -0.00016      
4.47225       -0.00016      
4.47713       -0.00016      
4.48202       -0.00016      
4.48691       -0.00016      
4.49179       -0.00016      
4.49668       -0.00016      
4.50157       -0.00016      
4.50645       -0.00016      
4.51134       -0.00016      
4.51623       -0.00016      
4.52111       -0.00016      
4.52600       -0.00016      
4.53089       -0.00016      
4.53577       -0.00015      
4.54066       -0.00015      
4.54555       -0.00015      
4.55043       -0.00015      
4.55532       -0.00015      
4.56021       -0.00015      
4.56509       -0.00015      
4.56998       -0.00015      
4.57487       -0.00015      
4.57975       -0.00015      
4.58464       -0.00015      
4.58952       -0.00015      
4.59441       -0.00015      
4.59930       -0.00015      
4.60418       -0.00015      
4.60907       -0.00015      
4.61396       -0.00015      
4.61884       -0.00015      
4.62373       -0.00015      
4.62862       -0.00014      
4.63350       -0.00014      
4.63839       -0.00014      
4.64328       -0.00014      
4.64816       -0.00014      
4.65305       -0.00014      
4.65794       -0.00014      
4.66282       -0.00014      
4.66771       -0.00014      
4.67260       -0.00014      
4.67748       -0.00014      
4.68237       -0.00014      
4.68726       -0.00014      
4.69214       -0.00014      
4.69703       -0.00014      
4.70192       -0.00014      
4.70680       -0.00014      
4.71169       -0.00014      
4.71658       -0.00014      
4.72146       -0.00014      
4.72635       -0.00014      
4.73124       -0.00014      
4.73612       -0.00013      
4.74101       -0.00013      
4.74590       -0.00013      
4.75078       -0.00013      
4.75567       -0.00013      
4.76056       -0.00013      
4.76544       -0.00013      
4.77033       -0.00013      
4.77522       -0.00013      
4.78010       -0.00013      
4.78499       -0.00013      
4.78988       -0.00013      
4.79476       -0.00013      
4.79965       -0.00013      
4.80454       -0.00013      
4.80942       -0.00013      
4.81431       -0.00013      
4.81920       -0.00013      
4.82408       -0.00013      
4.82897       -0.00013      
4.83386       -0.00013      
4.83874       -0.00013      
4.84363       -0.00013      
4.84852       -0.00013      
4.85340       -0.00012      
4.85829       -0.00012      
4.86317       -0.00012      
4.86806       -0.00012      
4.87295       -0.00012      
4.87783       -0.00012      
4.88272       -0.00012      
4.88761       -0.00012      
4.89249       -0.00012      
4.89738       -0.00012      
4.90227       -0.00012      
4.90715       -0.00012      
4.91204       -0.00012      
4.91693       -0.00012      
4.92181       -0.00012      
4.92670       -0.00012      
4.93159       -0.00012      
4.93647       -0.00012      
4.94136       -0.00012      
4.94625       -0.00012      
4.95113       -0.00012      
4.95602       -0.00012      
4.96091       -0.00012      
4.96579       -0.00012      
4.97068       -0.00012      
4.97557       -0.00012      
4.98045       -0.00012      
4.98534       -0.00011      
4.99023       -0.00011      
4.99511       -0.00011      
5.00000       -0.00011      
