0.00100       1000000000027966931206144.00000
0.00589       577588570138601.87500
0.01077       409124583285.28271
0.01566       4597878310.28447
0.02055       176670171.26482
0.02543       13652852.40107
0.03032       1657030.88708 
0.03521       275851.83956  
0.04009       58035.41346   
0.04498       14643.77673   
0.04987       4286.59635    
0.05475       1430.50507    
0.05964       543.08042     
0.06453       238.10506     
0.06941       123.47029     
0.07430       76.05836      
0.07919       54.50113      
0.08407       43.28226      
0.08896       35.93355      
0.09385       30.02973      
0.09873       24.78217      
0.10362       20.27361      
0.10851       16.07295      
0.11339       12.63388      
0.11828       9.75681       
0.12317       7.15718       
0.12805       5.08266       
0.13294       3.45350       
0.13783       1.52489       
0.14271       0.79044       
0.14760       -0.18971      
0.15248       -1.17265      
0.15737       -1.52426      
0.16226       -2.09701      
0.16714       -2.61806      
0.17203       -3.22606      
0.17692       -3.53265      
0.18180       -3.80972      
0.18669       -3.86036      
0.19158       -3.91204      
0.19646       -4.03152      
0.20135       -4.30838      
0.20624       -5.02018      
0.21112       -6.11312      
0.21601       -7.07464      
0.22090       -8.28849      
0.22578       -8.94537      
0.23067       -9.19002      
0.23556       -9.48979      
0.24044       -9.46110      
0.24533       -9.23237      
0.25022       -8.76447      
0.25510       -8.49107      
0.25999       -8.10868      
0.26488       -7.36760      
0.26976       -6.98497      
0.27465       -6.50606      
0.27954       -5.95421      
0.28442       -5.61960      
0.28931       -5.36115      
0.29420       -5.11230      
0.29908       -4.84948      
0.30397       -4.59501      
0.30886       -4.36987      
0.31374       -4.11327      
0.31863       -3.92057      
0.32352       -3.69212      
0.32840       -3.41485      
0.33329       -3.22892      
0.33818       -3.00608      
0.34306       -2.72386      
0.34795       -2.59379      
0.35284       -2.45240      
0.35772       -2.20679      
0.36261       -2.01359      
0.36750       -1.92259      
0.37238       -1.55787      
0.37727       -1.34469      
0.38216       -1.14705      
0.38704       -0.63088      
0.39193       -0.61926      
0.39682       -0.21700      
0.40170       0.11132       
0.40659       0.37162       
0.41148       0.53935       
0.41636       0.82992       
0.42125       1.04809       
0.42613       1.39892       
0.43102       1.68949       
0.43591       1.84919       
0.44079       2.15169       
0.44568       2.40258       
0.45057       2.46541       
0.45545       2.64629       
0.46034       2.70469       
0.46523       2.69205       
0.47011       2.67743       
0.47500       2.65996       
0.47989       2.54254       
0.48477       2.48850       
0.48966       2.38357       
0.49455       2.09220       
0.49943       1.98601       
0.50432       1.91241       
0.50921       1.63642       
0.51409       1.54804       
0.51898       1.37210       
0.52387       1.14308       
0.52875       1.04991       
0.53364       1.01823       
0.53853       0.91921       
0.54341       0.66089       
0.54830       0.56665       
0.55319       0.70874       
0.55807       0.46776       
0.56296       0.24730       
0.56785       0.39369       
0.57273       0.33179       
0.57762       0.19234       
0.58251       0.17174       
0.58739       0.18619       
0.59228       0.18587       
0.59717       0.12214       
0.60205       0.06980       
0.60694       0.08714       
0.61183       0.09796       
0.61671       0.13871       
0.62160       0.12302       
0.62649       0.09068       
0.63137       0.10835       
0.63626       0.15247       
0.64115       0.13493       
0.64603       0.10204       
0.65092       0.13311       
0.65581       0.16565       
0.66069       0.13986       
0.66558       0.11824       
0.67047       0.16839       
0.67535       0.13481       
0.68024       0.12432       
0.68513       0.22014       
0.69001       0.30834       
0.69490       0.21649       
0.69978       0.12395       
0.70467       0.21177       
0.70956       0.35423       
0.71444       0.32303       
0.71933       0.31842       
0.72422       0.26944       
0.72910       0.26444       
0.73399       0.35327       
0.73888       0.38707       
0.74376       0.37421       
0.74865       0.33261       
0.75354       0.40171       
0.75842       0.56060       
0.76331       0.46016       
0.76820       0.34890       
0.77308       0.49101       
0.77797       0.49618       
0.78286       0.41980       
0.78774       0.46447       
0.79263       0.51381       
0.79752       0.50317       
0.80240       0.50605       
0.80729       0.55663       
0.81218       0.55770       
0.81706       0.45450       
0.82195       0.39230       
0.82684       0.53549       
0.83172       0.61757       
0.83661       0.43008       
0.84150       0.37117       
0.84638       0.51303       
0.85127       0.51117       
0.85616       0.36244       
0.86104       0.33726       
0.86593       0.37777       
0.87082       0.32385       
0.87570       0.25942       
0.88059       0.35921       
0.88548       0.37411       
0.89036       0.25175       
0.89525       0.20023       
0.90014       0.21237       
0.90502       0.23025       
0.90991       0.22691       
0.91480       0.15058       
0.91968       0.05645       
0.92457       0.04704       
0.92946       0.07672       
0.93434       0.08702       
0.93923       0.12838       
0.94412       0.10247       
0.94900       0.02842       
0.95389       0.01259       
0.95878       0.07562       
0.96366       0.05079       
0.96855       -0.02209      
0.97343       -0.01535      
0.97832       -0.03261      
0.98321       0.00987       
0.98809       0.00994       
0.99298       -0.05935      
0.99787       -0.00151      
1.00275       0.05178       
1.00764       -0.01243      
1.01253       -0.07305      
1.01741       0.03854       
1.02230       0.05640       
1.02719       -0.00914      
1.03207       -0.04376      
1.03696       -0.09113      
1.04185       -0.06663      
1.04673       -0.02966      
1.05162       -0.06778      
1.05651       -0.10943      
1.06139       -0.09257      
1.06628       -0.04669      
1.07117       -0.03306      
1.07605       -0.04795      
1.08094       -0.04349      
1.08583       -0.02211      
1.09071       0.00802       
1.09560       0.03042       
1.10049       0.03785       
1.10537       0.03468       
1.11026       0.01023       
1.11515       0.04872       
1.12003       0.02361       
1.12492       -0.04140      
1.12981       -0.01830      
1.13469       0.00366       
1.13958       -0.03481      
1.14447       -0.04559      
1.14935       0.02362       
1.15424       0.07630       
1.15913       -0.00011      
1.16401       -0.04924      
1.16890       -0.00080      
1.17379       0.03292       
1.17867       0.05459       
1.18356       0.05667       
1.18845       -0.06076      
1.19333       -0.11136      
1.19822       0.04891       
1.20311       0.09327       
1.20799       -0.00941      
1.21288       0.00170       
1.21777       0.02392       
1.22265       -0.01187      
1.22754       -0.05068      
1.23243       -0.01069      
1.23731       0.09618       
1.24220       -0.01321      
1.24709       -0.04979      
1.25197       0.14538       
1.25686       0.10503       
1.26174       0.04741       
1.26663       0.00981       
1.27152       0.03640       
1.27640       0.11318       
1.28129       -0.04943      
1.28618       0.01297       
1.29106       -0.02708      
1.29595       -0.03426      
1.30084       0.03387       
1.30572       -0.03392      
1.31061       -0.08617      
1.31550       -0.05742      
1.32038       -0.02367      
1.32527       -0.02030      
1.33016       -0.01052      
1.33504       -0.01987      
1.33993       -0.00022      
1.34482       -0.02859      
1.34970       -0.02100      
1.35459       -0.00320      
1.35948       -0.02727      
1.36436       -0.07784      
1.36925       -0.05407      
1.37414       -0.03127      
1.37902       -0.04447      
1.38391       -0.03298      
1.38880       -0.05410      
1.39368       -0.11795      
1.39857       -0.12306      
1.40346       -0.07745      
1.40834       -0.06642      
1.41323       -0.09141      
1.41812       -0.10287      
1.42300       -0.10079      
1.42789       -0.06906      
1.43278       -0.08777      
1.43766       -0.17407      
1.44255       -0.16208      
1.44744       -0.16188      
1.45232       -0.13566      
1.45721       -0.09865      
1.46210       -0.04808      
1.46698       -0.10461      
1.47187       -0.19382      
1.47676       -0.09495      
1.48164       -0.02154      
1.48653       -0.09438      
1.49142       -0.12173      
1.49630       -0.05735      
1.50119       -0.02240      
1.50608       -0.02217      
1.51096       -0.02195      
1.51585       -0.02173      
1.52074       -0.02151      
1.52562       -0.02129      
1.53051       -0.02108      
1.53539       -0.02087      
1.54028       -0.02066      
1.54517       -0.02045      
1.55005       -0.02025      
1.55494       -0.02005      
1.55983       -0.01986      
1.56471       -0.01966      
1.56960       -0.01947      
1.57449       -0.01928      
1.57937       -0.01909      
1.58426       -0.01891      
1.58915       -0.01873      
1.59403       -0.01855      
1.59892       -0.01837      
1.60381       -0.01819      
1.60869       -0.01802      
1.61358       -0.01785      
1.61847       -0.01768      
1.62335       -0.01752      
1.62824       -0.01735      
1.63313       -0.01719      
1.63801       -0.01703      
1.64290       -0.01687      
1.64779       -0.01671      
1.65267       -0.01656      
1.65756       -0.01641      
1.66245       -0.01626      
1.66733       -0.01611      
1.67222       -0.01596      
1.67711       -0.01581      
1.68199       -0.01567      
1.68688       -0.01553      
1.69177       -0.01539      
1.69665       -0.01525      
1.70154       -0.01511      
1.70643       -0.01498      
1.71131       -0.01484      
1.71620       -0.01471      
1.72109       -0.01458      
1.72597       -0.01445      
1.73086       -0.01433      
1.73575       -0.01420      
1.74063       -0.01408      
1.74552       -0.01395      
1.75041       -0.01383      
1.75529       -0.01371      
1.76018       -0.01359      
1.76507       -0.01347      
1.76995       -0.01336      
1.77484       -0.01324      
1.77973       -0.01313      
1.78461       -0.01302      
1.78950       -0.01291      
1.79439       -0.01280      
1.79927       -0.01269      
1.80416       -0.01258      
1.80904       -0.01248      
1.81393       -0.01237      
1.81882       -0.01227      
1.82370       -0.01217      
1.82859       -0.01206      
1.83348       -0.01196      
1.83836       -0.01187      
1.84325       -0.01177      
1.84814       -0.01167      
1.85302       -0.01157      
1.85791       -0.01148      
1.86280       -0.01139      
1.86768       -0.01129      
1.87257       -0.01120      
1.87746       -0.01111      
1.88234       -0.01102      
1.88723       -0.01093      
1.89212       -0.01084      
1.89700       -0.01076      
1.90189       -0.01067      
1.90678       -0.01059      
1.91166       -0.01050      
1.91655       -0.01042      
1.92144       -0.01034      
1.92632       -0.01025      
1.93121       -0.01017      
1.93610       -0.01009      
1.94098       -0.01001      
1.94587       -0.00994      
1.95076       -0.00986      
1.95564       -0.00978      
1.96053       -0.00971      
1.96542       -0.00963      
1.97030       -0.00956      
1.97519       -0.00948      
1.98008       -0.00941      
1.98496       -0.00934      
1.98985       -0.00927      
1.99474       -0.00920      
1.99962       -0.00913      
2.00451       -0.00906      
2.00940       -0.00899      
2.01428       -0.00892      
2.01917       -0.00885      
2.02406       -0.00879      
2.02894       -0.00872      
2.03383       -0.00866      
2.03872       -0.00859      
2.04360       -0.00853      
2.04849       -0.00846      
2.05338       -0.00840      
2.05826       -0.00834      
2.06315       -0.00828      
2.06804       -0.00822      
2.07292       -0.00816      
2.07781       -0.00810      
2.08270       -0.00804      
2.08758       -0.00798      
2.09247       -0.00792      
2.09735       -0.00787      
2.10224       -0.00781      
2.10713       -0.00775      
2.11201       -0.00770      
2.11690       -0.00764      
2.12179       -0.00759      
2.12667       -0.00753      
2.13156       -0.00748      
2.13645       -0.00743      
2.14133       -0.00737      
2.14622       -0.00732      
2.15111       -0.00727      
2.15599       -0.00722      
2.16088       -0.00717      
2.16577       -0.00712      
2.17065       -0.00707      
2.17554       -0.00702      
2.18043       -0.00697      
2.18531       -0.00692      
2.19020       -0.00687      
2.19509       -0.00682      
2.19997       -0.00678      
2.20486       -0.00673      
2.20975       -0.00668      
2.21463       -0.00664      
2.21952       -0.00659      
2.22441       -0.00655      
2.22929       -0.00650      
2.23418       -0.00646      
2.23907       -0.00642      
2.24395       -0.00637      
2.24884       -0.00633      
2.25373       -0.00629      
2.25861       -0.00624      
2.26350       -0.00620      
2.26839       -0.00616      
2.27327       -0.00612      
2.27816       -0.00608      
2.28305       -0.00604      
2.28793       -0.00600      
2.29282       -0.00596      
2.29771       -0.00592      
2.30259       -0.00588      
2.30748       -0.00584      
2.31237       -0.00580      
2.31725       -0.00577      
2.32214       -0.00573      
2.32703       -0.00569      
2.33191       -0.00565      
2.33680       -0.00562      
2.34169       -0.00558      
2.34657       -0.00554      
2.35146       -0.00551      
2.35635       -0.00547      
2.36123       -0.00544      
2.36612       -0.00540      
2.37100       -0.00537      
2.37589       -0.00533      
2.38078       -0.00530      
2.38566       -0.00527      
2.39055       -0.00523      
2.39544       -0.00520      
2.40032       -0.00517      
2.40521       -0.00514      
2.41010       -0.00510      
2.41498       -0.00507      
2.41987       -0.00504      
2.42476       -0.00501      
2.42964       -0.00498      
2.43453       -0.00495      
2.43942       -0.00491      
2.44430       -0.00488      
2.44919       -0.00485      
2.45408       -0.00482      
2.45896       -0.00479      
2.46385       -0.00476      
2.46874       -0.00474      
2.47362       -0.00471      
2.47851       -0.00468      
2.48340       -0.00465      
2.48828       -0.00462      
2.49317       -0.00459      
2.49806       -0.00456      
2.50294       -0.00454      
2.50783       -0.00451      
2.51272       -0.00448      
2.51760       -0.00445      
2.52249       -0.00443      
2.52738       -0.00440      
2.53226       -0.00438      
2.53715       -0.00435      
2.54204       -0.00432      
2.54692       -0.00430      
2.55181       -0.00427      
2.55670       -0.00425      
2.56158       -0.00422      
2.56647       -0.00420      
2.57136       -0.00417      
2.57624       -0.00415      
2.58113       -0.00412      
2.58602       -0.00410      
2.59090       -0.00407      
2.59579       -0.00405      
2.60068       -0.00403      
2.60556       -0.00400      
2.61045       -0.00398      
2.61534       -0.00396      
2.62022       -0.00393      
2.62511       -0.00391      
2.63000       -0.00389      
2.63488       -0.00387      
2.63977       -0.00384      
2.64465       -0.00382      
2.64954       -0.00380      
2.65443       -0.00378      
2.65931       -0.00376      
2.66420       -0.00374      
2.66909       -0.00371      
2.67397       -0.00369      
2.67886       -0.00367      
2.68375       -0.00365      
2.68863       -0.00363      
2.69352       -0.00361      
2.69841       -0.00359      
2.70329       -0.00357      
2.70818       -0.00355      
2.71307       -0.00353      
2.71795       -0.00351      
2.72284       -0.00349      
2.72773       -0.00347      
2.73261       -0.00345      
2.73750       -0.00343      
2.74239       -0.00341      
2.74727       -0.00340      
2.75216       -0.00338      
2.75705       -0.00336      
2.76193       -0.00334      
2.76682       -0.00332      
2.77171       -0.00330      
2.77659       -0.00329      
2.78148       -0.00327      
2.78637       -0.00325      
2.79125       -0.00323      
2.79614       -0.00321      
2.80103       -0.00320      
2.80591       -0.00318      
2.81080       -0.00316      
2.81569       -0.00315      
2.82057       -0.00313      
2.82546       -0.00311      
2.83035       -0.00309      
2.83523       -0.00308      
2.84012       -0.00306      
2.84501       -0.00305      
2.84989       -0.00303      
2.85478       -0.00301      
2.85967       -0.00300      
2.86455       -0.00298      
2.86944       -0.00297      
2.87433       -0.00295      
2.87921       -0.00293      
2.88410       -0.00292      
2.88899       -0.00290      
2.89387       -0.00289      
2.89876       -0.00287      
2.90365       -0.00286      
2.90853       -0.00284      
2.91342       -0.00283      
2.91830       -0.00281      
2.92319       -0.00280      
2.92808       -0.00278      
2.93296       -0.00277      
2.93785       -0.00276      
2.94274       -0.00274      
2.94762       -0.00273      
2.95251       -0.00271      
2.95740       -0.00270      
2.96228       -0.00269      
2.96717       -0.00267      
2.97206       -0.00266      
2.97694       -0.00264      
2.98183       -0.00263      
2.98672       -0.00262      
2.99160       -0.00260      
2.99649       -0.00259      
3.00138       -0.00258      
3.00626       -0.00257      
3.01115       -0.00255      
3.01604       -0.00254      
3.02092       -0.00253      
3.02581       -0.00251      
3.03070       -0.00250      
3.03558       -0.00249      
3.04047       -0.00248      
3.04536       -0.00246      
3.05024       -0.00245      
3.05513       -0.00244      
3.06002       -0.00243      
3.06490       -0.00242      
3.06979       -0.00240      
3.07468       -0.00239      
3.07956       -0.00238      
3.08445       -0.00237      
3.08934       -0.00236      
3.09422       -0.00234      
3.09911       -0.00233      
3.10400       -0.00232      
3.10888       -0.00231      
3.11377       -0.00230      
3.11866       -0.00229      
3.12354       -0.00228      
3.12843       -0.00227      
3.13332       -0.00225      
3.13820       -0.00224      
3.14309       -0.00223      
3.14798       -0.00222      
3.15286       -0.00221      
3.15775       -0.00220      
3.16264       -0.00219      
3.16752       -0.00218      
3.17241       -0.00217      
3.17730       -0.00216      
3.18218       -0.00215      
3.18707       -0.00214      
3.19196       -0.00213      
3.19684       -0.00212      
3.20173       -0.00211      
3.20661       -0.00210      
3.21150       -0.00209      
3.21639       -0.00208      
3.22127       -0.00207      
3.22616       -0.00206      
3.23105       -0.00205      
3.23593       -0.00204      
3.24082       -0.00203      
3.24571       -0.00202      
3.25059       -0.00201      
3.25548       -0.00200      
3.26037       -0.00199      
3.26525       -0.00198      
3.27014       -0.00197      
3.27503       -0.00196      
3.27991       -0.00196      
3.28480       -0.00195      
3.28969       -0.00194      
3.29457       -0.00193      
3.29946       -0.00192      
3.30435       -0.00191      
3.30923       -0.00190      
3.31412       -0.00189      
3.31901       -0.00188      
3.32389       -0.00188      
3.32878       -0.00187      
3.33367       -0.00186      
3.33855       -0.00185      
3.34344       -0.00184      
3.34833       -0.00183      
3.35321       -0.00183      
3.35810       -0.00182      
3.36299       -0.00181      
3.36787       -0.00180      
3.37276       -0.00179      
3.37765       -0.00178      
3.38253       -0.00178      
3.38742       -0.00177      
3.39231       -0.00176      
3.39719       -0.00175      
3.40208       -0.00174      
3.40697       -0.00174      
3.41185       -0.00173      
3.41674       -0.00172      
3.42163       -0.00171      
3.42651       -0.00171      
3.43140       -0.00170      
3.43629       -0.00169      
3.44117       -0.00168      
3.44606       -0.00168      
3.45095       -0.00167      
3.45583       -0.00166      
3.46072       -0.00165      
3.46561       -0.00165      
3.47049       -0.00164      
3.47538       -0.00163      
3.48026       -0.00163      
3.48515       -0.00162      
3.49004       -0.00161      
3.49492       -0.00160      
3.49981       -0.00160      
3.50470       -0.00159      
3.50958       -0.00158      
3.51447       -0.00158      
3.51936       -0.00157      
3.52424       -0.00156      
3.52913       -0.00156      
3.53402       -0.00155      
3.53890       -0.00154      
3.54379       -0.00154      
3.54868       -0.00153      
3.55356       -0.00152      
3.55845       -0.00152      
3.56334       -0.00151      
3.56822       -0.00150      
3.57311       -0.00150      
3.57800       -0.00149      
3.58288       -0.00148      
3.58777       -0.00148      
3.59266       -0.00147      
3.59754       -0.00147      
3.60243       -0.00146      
3.60732       -0.00145      
3.61220       -0.00145      
3.61709       -0.00144      
3.62198       -0.00143      
3.62686       -0.00143      
3.63175       -0.00142      
3.63664       -0.00142      
3.64152       -0.00141      
3.64641       -0.00141      
3.65130       -0.00140      
3.65618       -0.00139      
3.66107       -0.00139      
3.66596       -0.00138      
3.67084       -0.00138      
3.67573       -0.00137      
3.68062       -0.00136      
3.68550       -0.00136      
3.69039       -0.00135      
3.69528       -0.00135      
3.70016       -0.00134      
3.70505       -0.00134      
3.70994       -0.00133      
3.71482       -0.00133      
3.71971       -0.00132      
3.72460       -0.00132      
3.72948       -0.00131      
3.73437       -0.00130      
3.73926       -0.00130      
3.74414       -0.00129      
3.74903       -0.00129      
3.75391       -0.00128      
3.75880       -0.00128      
3.76369       -0.00127      
3.76857       -0.00127      
3.77346       -0.00126      
3.77835       -0.00126      
3.78323       -0.00125      
3.78812       -0.00125      
3.79301       -0.00124      
3.79789       -0.00124      
3.80278       -0.00123      
3.80767       -0.00123      
3.81255       -0.00122      
3.81744       -0.00122      
3.82233       -0.00121      
3.82721       -0.00121      
3.83210       -0.00120      
3.83699       -0.00120      
3.84187       -0.00119      
3.84676       -0.00119      
3.85165       -0.00118      
3.85653       -0.00118      
3.86142       -0.00117      
3.86631       -0.00117      
3.87119       -0.00117      
3.87608       -0.00116      
3.88097       -0.00116      
3.88585       -0.00115      
3.89074       -0.00115      
3.89563       -0.00114      
3.90051       -0.00114      
3.90540       -0.00113      
3.91029       -0.00113      
3.91517       -0.00113      
3.92006       -0.00112      
3.92495       -0.00112      
3.92983       -0.00111      
3.93472       -0.00111      
3.93961       -0.00110      
3.94449       -0.00110      
3.94938       -0.00109      
3.95427       -0.00109      
3.95915       -0.00109      
3.96404       -0.00108      
3.96893       -0.00108      
3.97381       -0.00107      
3.97870       -0.00107      
3.98359       -0.00107      
3.98847       -0.00106      
3.99336       -0.00106      
3.99825       -0.00105      
4.00313       -0.00105      
4.00802       -0.00105      
4.01291       -0.00104      
4.01779       -0.00104      
4.02268       -0.00103      
4.02757       -0.00103      
4.03245       -0.00103      
4.03734       -0.00102      
4.04222       -0.00102      
4.04711       -0.00101      
4.05200       -0.00101      
4.05688       -0.00101      
4.06177       -0.00100      
4.06666       -0.00100      
4.07154       -0.00100      
4.07643       -0.00099      
4.08132       -0.00099      
4.08620       -0.00098      
4.09109       -0.00098      
4.09598       -0.00098      
4.10086       -0.00097      
4.10575       -0.00097      
4.11064       -0.00097      
4.11552       -0.00096      
4.12041       -0.00096      
4.12530       -0.00096      
4.13018       -0.00095      
4.13507       -0.00095      
4.13996       -0.00094      
4.14484       -0.00094      
4.14973       -0.00094      
4.15462       -0.00093      
4.15950       -0.00093      
4.16439       -0.00093      
4.16928       -0.00092      
4.17416       -0.00092      
4.17905       -0.00092      
4.18394       -0.00091      
4.18882       -0.00091      
4.19371       -0.00091      
4.19860       -0.00090      
4.20348       -0.00090      
4.20837       -0.00090      
4.21326       -0.00089      
4.21814       -0.00089      
4.22303       -0.00089      
4.22792       -0.00088      
4.23280       -0.00088      
4.23769       -0.00088      
4.24258       -0.00087      
4.24746       -0.00087      
4.25235       -0.00087      
4.25724       -0.00087      
4.26212       -0.00086      
4.26701       -0.00086      
4.27190       -0.00086      
4.27678       -0.00085      
4.28167       -0.00085      
4.28656       -0.00085      
4.29144       -0.00084      
4.29633       -0.00084      
4.30122       -0.00084      
4.30610       -0.00084      
4.31099       -0.00083      
4.31587       -0.00083      
4.32076       -0.00083      
4.32565       -0.00082      
4.33053       -0.00082      
4.33542       -0.00082      
4.34031       -0.00081      
4.34519       -0.00081      
4.35008       -0.00081      
4.35497       -0.00081      
4.35985       -0.00080      
4.36474       -0.00080      
4.36963       -0.00080      
4.37451       -0.00079      
4.37940       -0.00079      
4.38429       -0.00079      
4.38917       -0.00079      
4.39406       -0.00078      
4.39895       -0.00078      
4.40383       -0.00078      
4.40872       -0.00078      
4.41361       -0.00077      
4.41849       -0.00077      
4.42338       -0.00077      
4.42827       -0.00076      
4.43315       -0.00076      
4.43804       -0.00076      
4.44293       -0.00076      
4.44781       -0.00075      
4.45270       -0.00075      
4.45759       -0.00075      
4.46247       -0.00075      
4.46736       -0.00074      
4.47225       -0.00074      
4.47713       -0.00074      
4.48202       -0.00074      
4.48691       -0.00073      
4.49179       -0.00073      
4.49668       -0.00073      
4.50157       -0.00073      
4.50645       -0.00072      
4.51134       -0.00072      
4.51623       -0.00072      
4.52111       -0.00072      
4.52600       -0.00071      
4.53089       -0.00071      
4.53577       -0.00071      
4.54066       -0.00071      
4.54555       -0.00070      
4.55043       -0.00070      
4.55532       -0.00070      
4.56021       -0.00070      
4.56509       -0.00070      
4.56998       -0.00069      
4.57487       -0.00069      
4.57975       -0.00069      
4.58464       -0.00069      
4.58952       -0.00068      
4.59441       -0.00068      
4.59930       -0.00068      
4.60418       -0.00068      
4.60907       -0.00067      
4.61396       -0.00067      
4.61884       -0.00067      
4.62373       -0.00067      
4.62862       -0.00067      
4.63350       -0.00066      
4.63839       -0.00066      
4.64328       -0.00066      
4.64816       -0.00066      
4.65305       -0.00065      
4.65794       -0.00065      
4.66282       -0.00065      
4.66771       -0.00065      
4.67260       -0.00065      
4.67748       -0.00064      
4.68237       -0.00064      
4.68726       -0.00064      
4.69214       -0.00064      
4.69703       -0.00064      
4.70192       -0.00063      
4.70680       -0.00063      
4.71169       -0.00063      
4.71658       -0.00063      
4.72146       -0.00063      
4.72635       -0.00062      
4.73124       -0.00062      
4.73612       -0.00062      
4.74101       -0.00062      
4.74590       -0.00062      
4.75078       -0.00061      
4.75567       -0.00061      
4.76056       -0.00061      
4.76544       -0.00061      
4.77033       -0.00061      
4.77522       -0.00060      
4.78010       -0.00060      
4.78499       -0.00060      
4.78988       -0.00060      
4.79476       -0.00060      
4.79965       -0.00059      
4.80454       -0.00059      
4.80942       -0.00059      
4.81431       -0.00059      
4.81920       -0.00059      
4.82408       -0.00058      
4.82897       -0.00058      
4.83386       -0.00058      
4.83874       -0.00058      
4.84363       -0.00058      
4.84852       -0.00058      
4.85340       -0.00057      
4.85829       -0.00057      
4.86317       -0.00057      
4.86806       -0.00057      
4.87295       -0.00057      
4.87783       -0.00056      
4.88272       -0.00056      
4.88761       -0.00056      
4.89249       -0.00056      
4.89738       -0.00056      
4.90227       -0.00056      
4.90715       -0.00055      
4.91204       -0.00055      
4.91693       -0.00055      
4.92181       -0.00055      
4.92670       -0.00055      
4.93159       -0.00055      
4.93647       -0.00054      
4.94136       -0.00054      
4.94625       -0.00054      
4.95113       -0.00054      
4.95602       -0.00054      
4.96091       -0.00054      
4.96579       -0.00053      
4.97068       -0.00053      
4.97557       -0.00053      
4.98045       -0.00053      
4.98534       -0.00053      
4.99023       -0.00053      
4.99511       -0.00052      
5.00000       -0.00052      
