0.00100       1000000000027966931206144.00000
0.00589       577588570138600.75000
0.01077       409124583284.20398
0.01566       4597878309.20594
0.02055       176670175.63472
0.02543       13652864.45511
0.03032       1657047.52554 
0.03521       275864.19067  
0.04009       58044.46889   
0.04498       14649.98404   
0.04987       4290.28648    
0.05475       1431.65804    
0.05964       541.53858     
0.06453       234.30117     
0.06941       117.39851     
0.07430       68.31367      
0.07919       45.95634      
0.08407       33.95434      
0.08896       26.85223      
0.09385       21.87729      
0.09873       17.64732      
0.10362       14.51540      
0.10851       12.21035      
0.11339       9.91432       
0.11828       8.45048       
0.12317       7.32384       
0.12805       6.54068       
0.13294       6.00395       
0.13783       5.78984       
0.14271       6.13976       
0.14760       6.29665       
0.15248       6.84983       
0.15737       7.66770       
0.16226       8.25995       
0.16714       9.12658       
0.17203       9.79183       
0.17692       10.20608      
0.18180       9.97566       
0.18669       8.94547       
0.19158       6.80984       
0.19646       3.63296       
0.20135       0.18564       
0.20624       -2.88127      
0.21112       -5.23605      
0.21601       -7.23946      
0.22090       -8.61250      
0.22578       -9.71566      
0.23067       -10.43189     
0.23556       -11.07606     
0.24044       -11.39987     
0.24533       -11.45667     
0.25022       -11.44464     
0.25510       -11.33137     
0.25999       -11.08250     
0.26488       -10.83963     
0.26976       -10.48362     
0.27465       -10.07862     
0.27954       -9.66354      
0.28442       -9.13623      
0.28931       -8.71482      
0.29420       -8.31615      
0.29908       -7.86364      
0.30397       -7.53496      
0.30886       -7.16582      
0.31374       -6.71192      
0.31863       -6.42251      
0.32352       -6.18875      
0.32840       -5.87724      
0.33329       -5.63644      
0.33818       -5.36623      
0.34306       -5.24427      
0.34795       -4.96204      
0.35284       -4.80040      
0.35772       -4.50118      
0.36261       -4.42404      
0.36750       -4.01754      
0.37238       -3.96221      
0.37727       -3.64501      
0.38216       -3.41327      
0.38704       -3.17856      
0.39193       -2.97602      
0.39682       -2.70397      
0.40170       -2.48643      
0.40659       -2.25528      
0.41148       -2.10146      
0.41636       -1.95871      
0.42125       -1.81152      
0.42613       -1.74901      
0.43102       -1.70802      
0.43591       -1.68646      
0.44079       -1.79490      
0.44568       -1.78759      
0.45057       -1.80025      
0.45545       -2.01911      
0.46034       -1.95445      
0.46523       -2.05431      
0.47011       -2.12717      
0.47500       -2.12564      
0.47989       -2.24993      
0.48477       -2.35435      
0.48966       -2.36178      
0.49455       -2.40522      
0.49943       -2.54827      
0.50432       -2.57116      
0.50921       -2.45436      
0.51409       -2.51929      
0.51898       -2.53255      
0.52387       -2.23507      
0.52875       -2.10993      
0.53364       -2.05233      
0.53853       -1.90505      
0.54341       -1.65798      
0.54830       -1.50000      
0.55319       -1.60755      
0.55807       -1.33144      
0.56296       -1.18024      
0.56785       -1.35932      
0.57273       -1.10864      
0.57762       -1.05238      
0.58251       -1.13467      
0.58739       -0.88457      
0.59228       -0.93766      
0.59717       -0.93494      
0.60205       -0.89543      
0.60694       -0.83178      
0.61183       -0.70696      
0.61671       -0.75538      
0.62160       -0.81981      
0.62649       -0.72034      
0.63137       -0.63317      
0.63626       -0.65171      
0.64115       -0.62703      
0.64603       -0.64453      
0.65092       -0.67602      
0.65581       -0.60058      
0.66069       -0.52437      
0.66558       -0.49045      
0.67047       -0.53664      
0.67535       -0.52792      
0.68024       -0.42606      
0.68513       -0.43018      
0.69001       -0.51883      
0.69490       -0.47690      
0.69978       -0.39583      
0.70467       -0.36558      
0.70956       -0.37602      
0.71444       -0.30115      
0.71933       -0.22021      
0.72422       -0.27309      
0.72910       -0.26553      
0.73399       -0.18192      
0.73888       -0.17738      
0.74376       -0.18797      
0.74865       -0.25723      
0.75354       -0.19528      
0.75842       -0.08067      
0.76331       -0.13072      
0.76820       -0.24180      
0.77308       -0.11446      
0.77797       0.00888       
0.78286       -0.09750      
0.78774       -0.20444      
0.79263       -0.05068      
0.79752       0.04056       
0.80240       -0.28597      
0.80729       0.03439       
0.81218       0.01035       
0.81706       -0.09042      
0.82195       -0.17304      
0.82684       -0.07017      
0.83172       -0.00947      
0.83661       -0.13223      
0.84150       -0.08000      
0.84638       -0.05294      
0.85127       -0.09004      
0.85616       -0.06167      
0.86104       -0.03241      
0.86593       -0.01091      
0.87082       -0.00974      
0.87570       -0.09226      
0.88059       -0.06462      
0.88548       -0.00925      
0.89036       -0.01510      
0.89525       -0.01880      
0.90014       -0.04966      
0.90502       -0.04607      
0.90991       -0.08326      
0.91480       -0.03606      
0.91968       0.01141       
0.92457       -0.06935      
0.92946       -0.05024      
0.93434       -0.02126      
0.93923       -0.09841      
0.94412       -0.02644      
0.94900       0.05804       
0.95389       -0.05678      
0.95878       -0.13153      
0.96366       -0.05327      
0.96855       0.05897       
0.97343       0.00272       
0.97832       -0.12103      
0.98321       0.04048       
0.98809       0.11193       
0.99298       0.04387       
0.99787       -0.06933      
1.00275       0.05813       
1.00764       0.11370       
1.01253       0.01039       
1.01741       0.03305       
1.02230       0.14079       
1.02719       0.11363       
1.03207       0.09037       
1.03696       0.25438       
1.04185       0.24156       
1.04673       0.24087       
1.05162       0.29679       
1.05651       0.20799       
1.06139       0.18162       
1.06628       0.28288       
1.07117       0.29476       
1.07605       0.25663       
1.08094       0.20442       
1.08583       0.24070       
1.09071       0.25124       
1.09560       0.21177       
1.10049       0.17592       
1.10537       0.24463       
1.11026       0.18234       
1.11515       0.05687       
1.12003       0.21092       
1.12492       0.29642       
1.12981       0.16794       
1.13469       0.11442       
1.13958       0.23329       
1.14447       0.25802       
1.14935       0.11470       
1.15424       0.10820       
1.15913       0.18443       
1.16401       0.15449       
1.16890       0.14034       
1.17379       0.13239       
1.17867       0.06330       
1.18356       0.06470       
1.18845       0.08348       
1.19333       0.10153       
1.19822       0.14970       
1.20311       0.11455       
1.20799       0.07641       
1.21288       0.14776       
1.21777       0.11870       
1.22265       0.08889       
1.22754       0.15985       
1.23243       0.18448       
1.23731       0.04002       
1.24220       0.04348       
1.24709       0.15713       
1.25197       0.18920       
1.25686       0.08720       
1.26174       0.07592       
1.26663       0.13461       
1.27152       0.12285       
1.27640       0.07860       
1.28129       0.12561       
1.28618       0.14264       
1.29106       0.17337       
1.29595       0.10796       
1.30084       0.10743       
1.30572       0.14125       
1.31061       0.15022       
1.31550       0.11567       
1.32038       0.04227       
1.32527       0.03851       
1.33016       0.03817       
1.33504       0.12387       
1.33993       0.13777       
1.34482       0.06094       
1.34970       0.02622       
1.35459       0.10149       
1.35948       0.08255       
1.36436       0.02954       
1.36925       0.06985       
1.37414       0.01208       
1.37902       -0.03030      
1.38391       0.06927       
1.38880       0.06940       
1.39368       -0.04613      
1.39857       -0.08171      
1.40346       -0.00554      
1.40834       -0.01242      
1.41323       -0.08380      
1.41812       0.03168       
1.42300       -0.04456      
1.42789       -0.06748      
1.43278       0.04094       
1.43766       -0.04558      
1.44255       -0.16580      
1.44744       -0.10269      
1.45232       -0.04400      
1.45721       -0.02465      
1.46210       -0.08335      
1.46698       -0.12577      
1.47187       -0.07633      
1.47676       0.02764       
1.48164       -0.15632      
1.48653       -0.22627      
1.49142       -0.08544      
1.49630       -0.03583      
1.50119       -0.03196      
1.50608       -0.03164      
1.51096       -0.03131      
1.51585       -0.03100      
1.52074       -0.03068      
1.52562       -0.03037      
1.53051       -0.03007      
1.53539       -0.02977      
1.54028       -0.02947      
1.54517       -0.02918      
1.55005       -0.02889      
1.55494       -0.02860      
1.55983       -0.02832      
1.56471       -0.02804      
1.56960       -0.02777      
1.57449       -0.02750      
1.57937       -0.02723      
1.58426       -0.02697      
1.58915       -0.02670      
1.59403       -0.02645      
1.59892       -0.02619      
1.60381       -0.02594      
1.60869       -0.02570      
1.61358       -0.02545      
1.61847       -0.02521      
1.62335       -0.02497      
1.62824       -0.02474      
1.63313       -0.02451      
1.63801       -0.02428      
1.64290       -0.02405      
1.64779       -0.02383      
1.65267       -0.02360      
1.65756       -0.02339      
1.66245       -0.02317      
1.66733       -0.02296      
1.67222       -0.02275      
1.67711       -0.02254      
1.68199       -0.02234      
1.68688       -0.02213      
1.69177       -0.02193      
1.69665       -0.02173      
1.70154       -0.02154      
1.70643       -0.02135      
1.71131       -0.02116      
1.71620       -0.02097      
1.72109       -0.02078      
1.72597       -0.02060      
1.73086       -0.02041      
1.73575       -0.02023      
1.74063       -0.02006      
1.74552       -0.01988      
1.75041       -0.01971      
1.75529       -0.01954      
1.76018       -0.01937      
1.76507       -0.01920      
1.76995       -0.01903      
1.77484       -0.01887      
1.77973       -0.01871      
1.78461       -0.01855      
1.78950       -0.01839      
1.79439       -0.01823      
1.79927       -0.01808      
1.80416       -0.01792      
1.80904       -0.01777      
1.81393       -0.01762      
1.81882       -0.01748      
1.82370       -0.01733      
1.82859       -0.01719      
1.83348       -0.01704      
1.83836       -0.01690      
1.84325       -0.01676      
1.84814       -0.01662      
1.85302       -0.01649      
1.85791       -0.01635      
1.86280       -0.01622      
1.86768       -0.01608      
1.87257       -0.01595      
1.87746       -0.01582      
1.88234       -0.01570      
1.88723       -0.01557      
1.89212       -0.01544      
1.89700       -0.01532      
1.90189       -0.01520      
1.90678       -0.01507      
1.91166       -0.01495      
1.91655       -0.01484      
1.92144       -0.01472      
1.92632       -0.01460      
1.93121       -0.01449      
1.93610       -0.01437      
1.94098       -0.01426      
1.94587       -0.01415      
1.95076       -0.01404      
1.95564       -0.01393      
1.96053       -0.01382      
1.96542       -0.01371      
1.97030       -0.01361      
1.97519       -0.01350      
1.98008       -0.01340      
1.98496       -0.01329      
1.98985       -0.01319      
1.99474       -0.01309      
1.99962       -0.01299      
2.00451       -0.01289      
2.00940       -0.01280      
2.01428       -0.01270      
2.01917       -0.01260      
2.02406       -0.01251      
2.02894       -0.01242      
2.03383       -0.01232      
2.03872       -0.01223      
2.04360       -0.01214      
2.04849       -0.01205      
2.05338       -0.01196      
2.05826       -0.01187      
2.06315       -0.01178      
2.06804       -0.01170      
2.07292       -0.01161      
2.07781       -0.01153      
2.08270       -0.01144      
2.08758       -0.01136      
2.09247       -0.01128      
2.09735       -0.01119      
2.10224       -0.01111      
2.10713       -0.01103      
2.11201       -0.01095      
2.11690       -0.01088      
2.12179       -0.01080      
2.12667       -0.01072      
2.13156       -0.01064      
2.13645       -0.01057      
2.14133       -0.01049      
2.14622       -0.01042      
2.15111       -0.01034      
2.15599       -0.01027      
2.16088       -0.01020      
2.16577       -0.01013      
2.17065       -0.01006      
2.17554       -0.00999      
2.18043       -0.00992      
2.18531       -0.00985      
2.19020       -0.00978      
2.19509       -0.00971      
2.19997       -0.00964      
2.20486       -0.00958      
2.20975       -0.00951      
2.21463       -0.00945      
2.21952       -0.00938      
2.22441       -0.00932      
2.22929       -0.00925      
2.23418       -0.00919      
2.23907       -0.00913      
2.24395       -0.00907      
2.24884       -0.00901      
2.25373       -0.00895      
2.25861       -0.00889      
2.26350       -0.00883      
2.26839       -0.00877      
2.27327       -0.00871      
2.27816       -0.00865      
2.28305       -0.00859      
2.28793       -0.00854      
2.29282       -0.00848      
2.29771       -0.00842      
2.30259       -0.00837      
2.30748       -0.00831      
2.31237       -0.00826      
2.31725       -0.00820      
2.32214       -0.00815      
2.32703       -0.00810      
2.33191       -0.00804      
2.33680       -0.00799      
2.34169       -0.00794      
2.34657       -0.00789      
2.35146       -0.00784      
2.35635       -0.00779      
2.36123       -0.00774      
2.36612       -0.00769      
2.37100       -0.00764      
2.37589       -0.00759      
2.38078       -0.00754      
2.38566       -0.00749      
2.39055       -0.00744      
2.39544       -0.00740      
2.40032       -0.00735      
2.40521       -0.00730      
2.41010       -0.00726      
2.41498       -0.00721      
2.41987       -0.00717      
2.42476       -0.00712      
2.42964       -0.00708      
2.43453       -0.00703      
2.43942       -0.00699      
2.44430       -0.00695      
2.44919       -0.00690      
2.45408       -0.00686      
2.45896       -0.00682      
2.46385       -0.00678      
2.46874       -0.00673      
2.47362       -0.00669      
2.47851       -0.00665      
2.48340       -0.00661      
2.48828       -0.00657      
2.49317       -0.00653      
2.49806       -0.00649      
2.50294       -0.00645      
2.50783       -0.00641      
2.51272       -0.00637      
2.51760       -0.00634      
2.52249       -0.00630      
2.52738       -0.00626      
2.53226       -0.00622      
2.53715       -0.00619      
2.54204       -0.00615      
2.54692       -0.00611      
2.55181       -0.00608      
2.55670       -0.00604      
2.56158       -0.00600      
2.56647       -0.00597      
2.57136       -0.00593      
2.57624       -0.00590      
2.58113       -0.00586      
2.58602       -0.00583      
2.59090       -0.00579      
2.59579       -0.00576      
2.60068       -0.00573      
2.60556       -0.00569      
2.61045       -0.00566      
2.61534       -0.00563      
2.62022       -0.00559      
2.62511       -0.00556      
2.63000       -0.00553      
2.63488       -0.00550      
2.63977       -0.00547      
2.64465       -0.00544      
2.64954       -0.00540      
2.65443       -0.00537      
2.65931       -0.00534      
2.66420       -0.00531      
2.66909       -0.00528      
2.67397       -0.00525      
2.67886       -0.00522      
2.68375       -0.00519      
2.68863       -0.00516      
2.69352       -0.00513      
2.69841       -0.00511      
2.70329       -0.00508      
2.70818       -0.00505      
2.71307       -0.00502      
2.71795       -0.00499      
2.72284       -0.00496      
2.72773       -0.00494      
2.73261       -0.00491      
2.73750       -0.00488      
2.74239       -0.00485      
2.74727       -0.00483      
2.75216       -0.00480      
2.75705       -0.00477      
2.76193       -0.00475      
2.76682       -0.00472      
2.77171       -0.00470      
2.77659       -0.00467      
2.78148       -0.00465      
2.78637       -0.00462      
2.79125       -0.00459      
2.79614       -0.00457      
2.80103       -0.00454      
2.80591       -0.00452      
2.81080       -0.00450      
2.81569       -0.00447      
2.82057       -0.00445      
2.82546       -0.00442      
2.83035       -0.00440      
2.83523       -0.00438      
2.84012       -0.00435      
2.84501       -0.00433      
2.84989       -0.00431      
2.85478       -0.00428      
2.85967       -0.00426      
2.86455       -0.00424      
2.86944       -0.00422      
2.87433       -0.00419      
2.87921       -0.00417      
2.88410       -0.00415      
2.88899       -0.00413      
2.89387       -0.00411      
2.89876       -0.00408      
2.90365       -0.00406      
2.90853       -0.00404      
2.91342       -0.00402      
2.91830       -0.00400      
2.92319       -0.00398      
2.92808       -0.00396      
2.93296       -0.00394      
2.93785       -0.00392      
2.94274       -0.00390      
2.94762       -0.00388      
2.95251       -0.00386      
2.95740       -0.00384      
2.96228       -0.00382      
2.96717       -0.00380      
2.97206       -0.00378      
2.97694       -0.00376      
2.98183       -0.00374      
2.98672       -0.00372      
2.99160       -0.00370      
2.99649       -0.00368      
3.00138       -0.00366      
3.00626       -0.00365      
3.01115       -0.00363      
3.01604       -0.00361      
3.02092       -0.00359      
3.02581       -0.00357      
3.03070       -0.00356      
3.03558       -0.00354      
3.04047       -0.00352      
3.04536       -0.00350      
3.05024       -0.00349      
3.05513       -0.00347      
3.06002       -0.00345      
3.06490       -0.00343      
3.06979       -0.00342      
3.07468       -0.00340      
3.07956       -0.00338      
3.08445       -0.00337      
3.08934       -0.00335      
3.09422       -0.00333      
3.09911       -0.00332      
3.10400       -0.00330      
3.10888       -0.00328      
3.11377       -0.00327      
3.11866       -0.00325      
3.12354       -0.00324      
3.12843       -0.00322      
3.13332       -0.00321      
3.13820       -0.00319      
3.14309       -0.00317      
3.14798       -0.00316      
3.15286       -0.00314      
3.15775       -0.00313      
3.16264       -0.00311      
3.16752       -0.00310      
3.17241       -0.00308      
3.17730       -0.00307      
3.18218       -0.00305      
3.18707       -0.00304      
3.19196       -0.00303      
3.19684       -0.00301      
3.20173       -0.00300      
3.20661       -0.00298      
3.21150       -0.00297      
3.21639       -0.00295      
3.22127       -0.00294      
3.22616       -0.00293      
3.23105       -0.00291      
3.23593       -0.00290      
3.24082       -0.00289      
3.24571       -0.00287      
3.25059       -0.00286      
3.25548       -0.00284      
3.26037       -0.00283      
3.26525       -0.00282      
3.27014       -0.00281      
3.27503       -0.00279      
3.27991       -0.00278      
3.28480       -0.00277      
3.28969       -0.00275      
3.29457       -0.00274      
3.29946       -0.00273      
3.30435       -0.00272      
3.30923       -0.00270      
3.31412       -0.00269      
3.31901       -0.00268      
3.32389       -0.00267      
3.32878       -0.00265      
3.33367       -0.00264      
3.33855       -0.00263      
3.34344       -0.00262      
3.34833       -0.00261      
3.35321       -0.00259      
3.35810       -0.00258      
3.36299       -0.00257      
3.36787       -0.00256      
3.37276       -0.00255      
3.37765       -0.00254      
3.38253       -0.00252      
3.38742       -0.00251      
3.39231       -0.00250      
3.39719       -0.00249      
3.40208       -0.00248      
3.40697       -0.00247      
3.41185       -0.00246      
3.41674       -0.00245      
3.42163       -0.00244      
3.42651       -0.00242      
3.43140       -0.00241      
3.43629       -0.00240      
3.44117       -0.00239      
3.44606       -0.00238      
3.45095       -0.00237      
3.45583       -0.00236      
3.46072       -0.00235      
3.46561       -0.00234      
3.47049       -0.00233      
3.47538       -0.00232      
3.48026       -0.00231      
3.48515       -0.00230      
3.49004       -0.00229      
3.49492       -0.00228      
3.49981       -0.00227      
3.50470       -0.00226      
3.50958       -0.00225      
3.51447       -0.00224      
3.51936       -0.00223      
3.52424       -0.00222      
3.52913       -0.00221      
3.53402       -0.00220      
3.53890       -0.00219      
3.54379       -0.00218      
3.54868       -0.00217      
3.55356       -0.00216      
3.55845       -0.00215      
3.56334       -0.00215      
3.56822       -0.00214      
3.57311       -0.00213      
3.57800       -0.00212      
3.58288       -0.00211      
3.58777       -0.00210      
3.59266       -0.00209      
3.59754       -0.00208      
3.60243       -0.00207      
3.60732       -0.00207      
3.61220       -0.00206      
3.61709       -0.00205      
3.62198       -0.00204      
3.62686       -0.00203      
3.63175       -0.00202      
3.63664       -0.00201      
3.64152       -0.00201      
3.64641       -0.00200      
3.65130       -0.00199      
3.65618       -0.00198      
3.66107       -0.00197      
3.66596       -0.00196      
3.67084       -0.00196      
3.67573       -0.00195      
3.68062       -0.00194      
3.68550       -0.00193      
3.69039       -0.00192      
3.69528       -0.00192      
3.70016       -0.00191      
3.70505       -0.00190      
3.70994       -0.00189      
3.71482       -0.00188      
3.71971       -0.00188      
3.72460       -0.00187      
3.72948       -0.00186      
3.73437       -0.00185      
3.73926       -0.00185      
3.74414       -0.00184      
3.74903       -0.00183      
3.75391       -0.00182      
3.75880       -0.00182      
3.76369       -0.00181      
3.76857       -0.00180      
3.77346       -0.00179      
3.77835       -0.00179      
3.78323       -0.00178      
3.78812       -0.00177      
3.79301       -0.00177      
3.79789       -0.00176      
3.80278       -0.00175      
3.80767       -0.00174      
3.81255       -0.00174      
3.81744       -0.00173      
3.82233       -0.00172      
3.82721       -0.00172      
3.83210       -0.00171      
3.83699       -0.00170      
3.84187       -0.00170      
3.84676       -0.00169      
3.85165       -0.00168      
3.85653       -0.00168      
3.86142       -0.00167      
3.86631       -0.00166      
3.87119       -0.00166      
3.87608       -0.00165      
3.88097       -0.00164      
3.88585       -0.00164      
3.89074       -0.00163      
3.89563       -0.00162      
3.90051       -0.00162      
3.90540       -0.00161      
3.91029       -0.00160      
3.91517       -0.00160      
3.92006       -0.00159      
3.92495       -0.00159      
3.92983       -0.00158      
3.93472       -0.00157      
3.93961       -0.00157      
3.94449       -0.00156      
3.94938       -0.00156      
3.95427       -0.00155      
3.95915       -0.00154      
3.96404       -0.00154      
3.96893       -0.00153      
3.97381       -0.00153      
3.97870       -0.00152      
3.98359       -0.00151      
3.98847       -0.00151      
3.99336       -0.00150      
3.99825       -0.00150      
4.00313       -0.00149      
4.00802       -0.00149      
4.01291       -0.00148      
4.01779       -0.00147      
4.02268       -0.00147      
4.02757       -0.00146      
4.03245       -0.00146      
4.03734       -0.00145      
4.04222       -0.00145      
4.04711       -0.00144      
4.05200       -0.00144      
4.05688       -0.00143      
4.06177       -0.00142      
4.06666       -0.00142      
4.07154       -0.00141      
4.07643       -0.00141      
4.08132       -0.00140      
4.08620       -0.00140      
4.09109       -0.00139      
4.09598       -0.00139      
4.10086       -0.00138      
4.10575       -0.00138      
4.11064       -0.00137      
4.11552       -0.00137      
4.12041       -0.00136      
4.12530       -0.00136      
4.13018       -0.00135      
4.13507       -0.00135      
4.13996       -0.00134      
4.14484       -0.00134      
4.14973       -0.00133      
4.15462       -0.00133      
4.15950       -0.00132      
4.16439       -0.00132      
4.16928       -0.00131      
4.17416       -0.00131      
4.17905       -0.00130      
4.18394       -0.00130      
4.18882       -0.00129      
4.19371       -0.00129      
4.19860       -0.00128      
4.20348       -0.00128      
4.20837       -0.00127      
4.21326       -0.00127      
4.21814       -0.00127      
4.22303       -0.00126      
4.22792       -0.00126      
4.23280       -0.00125      
4.23769       -0.00125      
4.24258       -0.00124      
4.24746       -0.00124      
4.25235       -0.00123      
4.25724       -0.00123      
4.26212       -0.00123      
4.26701       -0.00122      
4.27190       -0.00122      
4.27678       -0.00121      
4.28167       -0.00121      
4.28656       -0.00120      
4.29144       -0.00120      
4.29633       -0.00119      
4.30122       -0.00119      
4.30610       -0.00119      
4.31099       -0.00118      
4.31587       -0.00118      
4.32076       -0.00117      
4.32565       -0.00117      
4.33053       -0.00117      
4.33542       -0.00116      
4.34031       -0.00116      
4.34519       -0.00115      
4.35008       -0.00115      
4.35497       -0.00115      
4.35985       -0.00114      
4.36474       -0.00114      
4.36963       -0.00113      
4.37451       -0.00113      
4.37940       -0.00113      
4.38429       -0.00112      
4.38917       -0.00112      
4.39406       -0.00111      
4.39895       -0.00111      
4.40383       -0.00111      
4.40872       -0.00110      
4.41361       -0.00110      
4.41849       -0.00109      
4.42338       -0.00109      
4.42827       -0.00109      
4.43315       -0.00108      
4.43804       -0.00108      
4.44293       -0.00108      
4.44781       -0.00107      
4.45270       -0.00107      
4.45759       -0.00106      
4.46247       -0.00106      
4.46736       -0.00106      
4.47225       -0.00105      
4.47713       -0.00105      
4.48202       -0.00105      
4.48691       -0.00104      
4.49179       -0.00104      
4.49668       -0.00104      
4.50157       -0.00103      
4.50645       -0.00103      
4.51134       -0.00102      
4.51623       -0.00102      
4.52111       -0.00102      
4.52600       -0.00101      
4.53089       -0.00101      
4.53577       -0.00101      
4.54066       -0.00100      
4.54555       -0.00100      
4.55043       -0.00100      
4.55532       -0.00099      
4.56021       -0.00099      
4.56509       -0.00099      
4.56998       -0.00098      
4.57487       -0.00098      
4.57975       -0.00098      
4.58464       -0.00097      
4.58952       -0.00097      
4.59441       -0.00097      
4.59930       -0.00096      
4.60418       -0.00096      
4.60907       -0.00096      
4.61396       -0.00095      
4.61884       -0.00095      
4.62373       -0.00095      
4.62862       -0.00095      
4.63350       -0.00094      
4.63839       -0.00094      
4.64328       -0.00094      
4.64816       -0.00093      
4.65305       -0.00093      
4.65794       -0.00093      
4.66282       -0.00092      
4.66771       -0.00092      
4.67260       -0.00092      
4.67748       -0.00091      
4.68237       -0.00091      
4.68726       -0.00091      
4.69214       -0.00091      
4.69703       -0.00090      
4.70192       -0.00090      
4.70680       -0.00090      
4.71169       -0.00089      
4.71658       -0.00089      
4.72146       -0.00089      
4.72635       -0.00089      
4.73124       -0.00088      
4.73612       -0.00088      
4.74101       -0.00088      
4.74590       -0.00087      
4.75078       -0.00087      
4.75567       -0.00087      
4.76056       -0.00087      
4.76544       -0.00086      
4.77033       -0.00086      
4.77522       -0.00086      
4.78010       -0.00085      
4.78499       -0.00085      
4.78988       -0.00085      
4.79476       -0.00085      
4.79965       -0.00084      
4.80454       -0.00084      
4.80942       -0.00084      
4.81431       -0.00084      
4.81920       -0.00083      
4.82408       -0.00083      
4.82897       -0.00083      
4.83386       -0.00082      
4.83874       -0.00082      
4.84363       -0.00082      
4.84852       -0.00082      
4.85340       -0.00081      
4.85829       -0.00081      
4.86317       -0.00081      
4.86806       -0.00081      
4.87295       -0.00080      
4.87783       -0.00080      
4.88272       -0.00080      
4.88761       -0.00080      
4.89249       -0.00079      
4.89738       -0.00079      
4.90227       -0.00079      
4.90715       -0.00079      
4.91204       -0.00078      
4.91693       -0.00078      
4.92181       -0.00078      
4.92670       -0.00078      
4.93159       -0.00077      
4.93647       -0.00077      
4.94136       -0.00077      
4.94625       -0.00077      
4.95113       -0.00076      
4.95602       -0.00076      
4.96091       -0.00076      
4.96579       -0.00076      
4.97068       -0.00076      
4.97557       -0.00075      
4.98045       -0.00075      
4.98534       -0.00075      
4.99023       -0.00075      
4.99511       -0.00074      
5.00000       -0.00074      
