0.00100       1000000000027966931206144.00000
0.00589       577588570138601.87500
0.01077       409124583285.31592
0.01566       4597878310.31798
0.02055       176670176.74687
0.02543       13652861.43799
0.03032       1657039.57795 
0.03521       275859.11698  
0.04009       58041.30621   
0.04498       14648.37192   
0.04987       4289.23106    
0.05475       1430.95692    
0.05964       542.03778     
0.06453       235.13228     
0.06941       118.72913     
0.07430       70.36080      
0.07919       47.85582      
0.08407       36.35377      
0.08896       29.23882      
0.09385       25.08868      
0.09873       21.99330      
0.10362       19.92582      
0.10851       18.36247      
0.11339       17.05244      
0.11828       15.85814      
0.12317       14.92751      
0.12805       14.28370      
0.13294       13.49490      
0.13783       13.29455      
0.14271       13.05763      
0.14760       12.82115      
0.15248       13.12394      
0.15737       12.81838      
0.16226       12.86868      
0.16714       12.29437      
0.17203       10.60429      
0.17692       7.68371       
0.18180       4.62769       
0.18669       1.57580       
0.19158       -0.85182      
0.19646       -3.24705      
0.20135       -5.13577      
0.20624       -6.72621      
0.21112       -8.37488      
0.21601       -9.28407      
0.22090       -10.45437     
0.22578       -11.24444     
0.23067       -11.74775     
0.23556       -12.30247     
0.24044       -12.71341     
0.24533       -12.79881     
0.25022       -12.84573     
0.25510       -12.62702     
0.25999       -12.46558     
0.26488       -12.03794     
0.26976       -11.58811     
0.27465       -11.15589     
0.27954       -10.67113     
0.28442       -10.20404     
0.28931       -9.73086      
0.29420       -9.39759      
0.29908       -9.02673      
0.30397       -8.65111      
0.30886       -8.35958      
0.31374       -7.93002      
0.31863       -7.60668      
0.32352       -7.22681      
0.32840       -6.83763      
0.33329       -6.39713      
0.33818       -6.05617      
0.34306       -5.55568      
0.34795       -5.31043      
0.35284       -4.95755      
0.35772       -4.59672      
0.36261       -4.54279      
0.36750       -4.10736      
0.37238       -3.98607      
0.37727       -3.57794      
0.38216       -3.48596      
0.38704       -3.25068      
0.39193       -2.88477      
0.39682       -2.68005      
0.40170       -2.47464      
0.40659       -1.99592      
0.41148       -1.73948      
0.41636       -1.47044      
0.42125       -1.13920      
0.42613       -0.86555      
0.43102       -0.63606      
0.43591       -0.26087      
0.44079       0.04115       
0.44568       0.16995       
0.45057       0.48769       
0.45545       0.71884       
0.46034       0.78970       
0.46523       0.78968       
0.47011       0.85524       
0.47500       0.79255       
0.47989       0.71711       
0.48477       0.64005       
0.48966       0.47552       
0.49455       0.36332       
0.49943       0.29944       
0.50432       0.07740       
0.50921       0.05641       
0.51409       0.05110       
0.51898       -0.14420      
0.52387       -0.24284      
0.52875       -0.30299      
0.53364       -0.22735      
0.53853       -0.35512      
0.54341       -0.45325      
0.54830       -0.58453      
0.55319       -0.62846      
0.55807       -0.58480      
0.56296       -0.65896      
0.56785       -0.75606      
0.57273       -0.68121      
0.57762       -0.71351      
0.58251       -0.77632      
0.58739       -0.70080      
0.59228       -0.70364      
0.59717       -0.64772      
0.60205       -0.74026      
0.60694       -0.70874      
0.61183       -0.60898      
0.61671       -0.65824      
0.62160       -0.70654      
0.62649       -0.62777      
0.63137       -0.58511      
0.63626       -0.59569      
0.64115       -0.59867      
0.64603       -0.58434      
0.65092       -0.60554      
0.65581       -0.47733      
0.66069       -0.54319      
0.66558       -0.46238      
0.67047       -0.46073      
0.67535       -0.55433      
0.68024       -0.41176      
0.68513       -0.43361      
0.69001       -0.39542      
0.69490       -0.35644      
0.69978       -0.32604      
0.70467       -0.37151      
0.70956       -0.32431      
0.71444       -0.20928      
0.71933       -0.34850      
0.72422       -0.21011      
0.72910       -0.27813      
0.73399       -0.23243      
0.73888       -0.13704      
0.74376       -0.10968      
0.74865       -0.10267      
0.75354       -0.09283      
0.75842       -0.08337      
0.76331       -0.09031      
0.76820       -0.08605      
0.77308       -0.01992      
0.77797       -0.05994      
0.78286       -0.17209      
0.78774       0.10368       
0.79263       -0.11832      
0.79752       0.00763       
0.80240       -0.06944      
0.80729       0.03771       
0.81218       -0.03389      
0.81706       -0.07374      
0.82195       -0.06083      
0.82684       -0.05590      
0.83172       -0.07341      
0.83661       -0.10644      
0.84150       -0.09256      
0.84638       -0.06593      
0.85127       -0.10512      
0.85616       -0.15635      
0.86104       -0.06047      
0.86593       -0.10575      
0.87082       -0.04031      
0.87570       -0.18815      
0.88059       -0.08391      
0.88548       -0.13030      
0.89036       -0.08893      
0.89525       -0.14976      
0.90014       -0.15601      
0.90502       -0.14026      
0.90991       -0.14796      
0.91480       -0.08640      
0.91968       -0.21781      
0.92457       -0.26496      
0.92946       -0.10940      
0.93434       -0.16233      
0.93923       -0.22027      
0.94412       -0.14459      
0.94900       -0.08549      
0.95389       -0.17558      
0.95878       -0.15783      
0.96366       -0.14784      
0.96855       -0.15274      
0.97343       -0.08811      
0.97832       -0.09569      
0.98321       -0.22992      
0.98809       -0.11865      
0.99298       -0.07692      
0.99787       -0.16021      
1.00275       -0.16611      
1.00764       -0.12061      
1.01253       -0.08658      
1.01741       -0.13880      
1.02230       -0.13523      
1.02719       -0.01944      
1.03207       -0.08315      
1.03696       -0.11508      
1.04185       -0.01276      
1.04673       -0.05880      
1.05162       -0.11927      
1.05651       -0.03632      
1.06139       -0.03238      
1.06628       -0.06745      
1.07117       -0.06393      
1.07605       -0.02887      
1.08094       -0.05244      
1.08583       0.01283       
1.09071       -0.00856      
1.09560       -0.07606      
1.10049       -0.03263      
1.10537       -0.00272      
1.11026       -0.02833      
1.11515       -0.05393      
1.12003       -0.03720      
1.12492       -0.01540      
1.12981       -0.01826      
1.13469       -0.05680      
1.13958       -0.08533      
1.14447       -0.00652      
1.14935       0.05334       
1.15424       -0.11924      
1.15913       0.07854       
1.16401       -0.12032      
1.16890       0.05059       
1.17379       -0.01112      
1.17867       0.00110       
1.18356       0.04582       
1.18845       0.00520       
1.19333       -0.00919      
1.19822       0.05179       
1.20311       0.00312       
1.20799       -0.04747      
1.21288       0.02476       
1.21777       -0.01837      
1.22265       -0.04081      
1.22754       0.00081       
1.23243       -0.02834      
1.23731       0.00035       
1.24220       0.05476       
1.24709       -0.06193      
1.25197       0.03727       
1.25686       0.02220       
1.26174       0.08245       
1.26663       -0.03697      
1.27152       -0.10731      
1.27640       0.03983       
1.28129       0.02835       
1.28618       -0.07223      
1.29106       -0.12041      
1.29595       -0.07394      
1.30084       -0.00879      
1.30572       -0.01567      
1.31061       -0.04767      
1.31550       -0.09541      
1.32038       -0.06206      
1.32527       0.00852       
1.33016       -0.05211      
1.33504       -0.07006      
1.33993       0.01589       
1.34482       0.03094       
1.34970       0.00487       
1.35459       -0.05845      
1.35948       -0.01760      
1.36436       0.04732       
1.36925       -0.03054      
1.37414       -0.11807      
1.37902       -0.04693      
1.38391       -0.03375      
1.38880       -0.02010      
1.39368       0.01712       
1.39857       0.01349       
1.40346       0.02579       
1.40834       0.07999       
1.41323       -0.10125      
1.41812       0.08695       
1.42300       -0.08033      
1.42789       0.10653       
1.43278       0.11134       
1.43766       0.07254       
1.44255       -0.02578      
1.44744       0.13510       
1.45232       0.08234       
1.45721       -0.08661      
1.46210       0.09277       
1.46698       0.01348       
1.47187       0.01144       
1.47676       0.00452       
1.48164       0.00790       
1.48653       -0.02772      
1.49142       0.09969       
1.49630       0.03238       
1.50119       -0.03686      
1.50608       -0.03648      
1.51096       -0.03611      
1.51585       -0.03574      
1.52074       -0.03538      
1.52562       -0.03503      
1.53051       -0.03467      
1.53539       -0.03433      
1.54028       -0.03398      
1.54517       -0.03364      
1.55005       -0.03331      
1.55494       -0.03298      
1.55983       -0.03266      
1.56471       -0.03234      
1.56960       -0.03202      
1.57449       -0.03171      
1.57937       -0.03140      
1.58426       -0.03109      
1.58915       -0.03079      
1.59403       -0.03050      
1.59892       -0.03020      
1.60381       -0.02992      
1.60869       -0.02963      
1.61358       -0.02935      
1.61847       -0.02907      
1.62335       -0.02880      
1.62824       -0.02852      
1.63313       -0.02826      
1.63801       -0.02799      
1.64290       -0.02773      
1.64779       -0.02747      
1.65267       -0.02722      
1.65756       -0.02697      
1.66245       -0.02672      
1.66733       -0.02647      
1.67222       -0.02623      
1.67711       -0.02599      
1.68199       -0.02575      
1.68688       -0.02552      
1.69177       -0.02529      
1.69665       -0.02506      
1.70154       -0.02483      
1.70643       -0.02461      
1.71131       -0.02439      
1.71620       -0.02417      
1.72109       -0.02396      
1.72597       -0.02375      
1.73086       -0.02354      
1.73575       -0.02333      
1.74063       -0.02313      
1.74552       -0.02292      
1.75041       -0.02272      
1.75529       -0.02252      
1.76018       -0.02233      
1.76507       -0.02214      
1.76995       -0.02194      
1.77484       -0.02176      
1.77973       -0.02157      
1.78461       -0.02138      
1.78950       -0.02120      
1.79439       -0.02102      
1.79927       -0.02084      
1.80416       -0.02067      
1.80904       -0.02049      
1.81393       -0.02032      
1.81882       -0.02015      
1.82370       -0.01998      
1.82859       -0.01981      
1.83348       -0.01965      
1.83836       -0.01948      
1.84325       -0.01932      
1.84814       -0.01916      
1.85302       -0.01901      
1.85791       -0.01885      
1.86280       -0.01870      
1.86768       -0.01854      
1.87257       -0.01839      
1.87746       -0.01824      
1.88234       -0.01809      
1.88723       -0.01795      
1.89212       -0.01780      
1.89700       -0.01766      
1.90189       -0.01752      
1.90678       -0.01738      
1.91166       -0.01724      
1.91655       -0.01710      
1.92144       -0.01697      
1.92632       -0.01683      
1.93121       -0.01670      
1.93610       -0.01657      
1.94098       -0.01644      
1.94587       -0.01631      
1.95076       -0.01618      
1.95564       -0.01606      
1.96053       -0.01593      
1.96542       -0.01581      
1.97030       -0.01569      
1.97519       -0.01557      
1.98008       -0.01545      
1.98496       -0.01533      
1.98985       -0.01521      
1.99474       -0.01509      
1.99962       -0.01498      
2.00451       -0.01486      
2.00940       -0.01475      
2.01428       -0.01464      
2.01917       -0.01453      
2.02406       -0.01442      
2.02894       -0.01431      
2.03383       -0.01421      
2.03872       -0.01410      
2.04360       -0.01399      
2.04849       -0.01389      
2.05338       -0.01379      
2.05826       -0.01369      
2.06315       -0.01358      
2.06804       -0.01348      
2.07292       -0.01339      
2.07781       -0.01329      
2.08270       -0.01319      
2.08758       -0.01309      
2.09247       -0.01300      
2.09735       -0.01290      
2.10224       -0.01281      
2.10713       -0.01272      
2.11201       -0.01263      
2.11690       -0.01254      
2.12179       -0.01245      
2.12667       -0.01236      
2.13156       -0.01227      
2.13645       -0.01218      
2.14133       -0.01210      
2.14622       -0.01201      
2.15111       -0.01192      
2.15599       -0.01184      
2.16088       -0.01176      
2.16577       -0.01167      
2.17065       -0.01159      
2.17554       -0.01151      
2.18043       -0.01143      
2.18531       -0.01135      
2.19020       -0.01127      
2.19509       -0.01120      
2.19997       -0.01112      
2.20486       -0.01104      
2.20975       -0.01097      
2.21463       -0.01089      
2.21952       -0.01082      
2.22441       -0.01074      
2.22929       -0.01067      
2.23418       -0.01060      
2.23907       -0.01052      
2.24395       -0.01045      
2.24884       -0.01038      
2.25373       -0.01031      
2.25861       -0.01024      
2.26350       -0.01017      
2.26839       -0.01011      
2.27327       -0.01004      
2.27816       -0.00997      
2.28305       -0.00990      
2.28793       -0.00984      
2.29282       -0.00977      
2.29771       -0.00971      
2.30259       -0.00964      
2.30748       -0.00958      
2.31237       -0.00952      
2.31725       -0.00946      
2.32214       -0.00939      
2.32703       -0.00933      
2.33191       -0.00927      
2.33680       -0.00921      
2.34169       -0.00915      
2.34657       -0.00909      
2.35146       -0.00903      
2.35635       -0.00898      
2.36123       -0.00892      
2.36612       -0.00886      
2.37100       -0.00880      
2.37589       -0.00875      
2.38078       -0.00869      
2.38566       -0.00864      
2.39055       -0.00858      
2.39544       -0.00853      
2.40032       -0.00847      
2.40521       -0.00842      
2.41010       -0.00837      
2.41498       -0.00831      
2.41987       -0.00826      
2.42476       -0.00821      
2.42964       -0.00816      
2.43453       -0.00811      
2.43942       -0.00806      
2.44430       -0.00801      
2.44919       -0.00796      
2.45408       -0.00791      
2.45896       -0.00786      
2.46385       -0.00781      
2.46874       -0.00776      
2.47362       -0.00772      
2.47851       -0.00767      
2.48340       -0.00762      
2.48828       -0.00757      
2.49317       -0.00753      
2.49806       -0.00748      
2.50294       -0.00744      
2.50783       -0.00739      
2.51272       -0.00735      
2.51760       -0.00730      
2.52249       -0.00726      
2.52738       -0.00722      
2.53226       -0.00717      
2.53715       -0.00713      
2.54204       -0.00709      
2.54692       -0.00704      
2.55181       -0.00700      
2.55670       -0.00696      
2.56158       -0.00692      
2.56647       -0.00688      
2.57136       -0.00684      
2.57624       -0.00680      
2.58113       -0.00676      
2.58602       -0.00672      
2.59090       -0.00668      
2.59579       -0.00664      
2.60068       -0.00660      
2.60556       -0.00656      
2.61045       -0.00652      
2.61534       -0.00649      
2.62022       -0.00645      
2.62511       -0.00641      
2.63000       -0.00637      
2.63488       -0.00634      
2.63977       -0.00630      
2.64465       -0.00626      
2.64954       -0.00623      
2.65443       -0.00619      
2.65931       -0.00616      
2.66420       -0.00612      
2.66909       -0.00609      
2.67397       -0.00605      
2.67886       -0.00602      
2.68375       -0.00598      
2.68863       -0.00595      
2.69352       -0.00592      
2.69841       -0.00588      
2.70329       -0.00585      
2.70818       -0.00582      
2.71307       -0.00579      
2.71795       -0.00575      
2.72284       -0.00572      
2.72773       -0.00569      
2.73261       -0.00566      
2.73750       -0.00563      
2.74239       -0.00560      
2.74727       -0.00556      
2.75216       -0.00553      
2.75705       -0.00550      
2.76193       -0.00547      
2.76682       -0.00544      
2.77171       -0.00541      
2.77659       -0.00538      
2.78148       -0.00535      
2.78637       -0.00532      
2.79125       -0.00530      
2.79614       -0.00527      
2.80103       -0.00524      
2.80591       -0.00521      
2.81080       -0.00518      
2.81569       -0.00515      
2.82057       -0.00513      
2.82546       -0.00510      
2.83035       -0.00507      
2.83523       -0.00504      
2.84012       -0.00502      
2.84501       -0.00499      
2.84989       -0.00496      
2.85478       -0.00494      
2.85967       -0.00491      
2.86455       -0.00488      
2.86944       -0.00486      
2.87433       -0.00483      
2.87921       -0.00481      
2.88410       -0.00478      
2.88899       -0.00476      
2.89387       -0.00473      
2.89876       -0.00471      
2.90365       -0.00468      
2.90853       -0.00466      
2.91342       -0.00463      
2.91830       -0.00461      
2.92319       -0.00459      
2.92808       -0.00456      
2.93296       -0.00454      
2.93785       -0.00452      
2.94274       -0.00449      
2.94762       -0.00447      
2.95251       -0.00445      
2.95740       -0.00442      
2.96228       -0.00440      
2.96717       -0.00438      
2.97206       -0.00436      
2.97694       -0.00433      
2.98183       -0.00431      
2.98672       -0.00429      
2.99160       -0.00427      
2.99649       -0.00425      
3.00138       -0.00422      
3.00626       -0.00420      
3.01115       -0.00418      
3.01604       -0.00416      
3.02092       -0.00414      
3.02581       -0.00412      
3.03070       -0.00410      
3.03558       -0.00408      
3.04047       -0.00406      
3.04536       -0.00404      
3.05024       -0.00402      
3.05513       -0.00400      
3.06002       -0.00398      
3.06490       -0.00396      
3.06979       -0.00394      
3.07468       -0.00392      
3.07956       -0.00390      
3.08445       -0.00388      
3.08934       -0.00386      
3.09422       -0.00384      
3.09911       -0.00382      
3.10400       -0.00380      
3.10888       -0.00379      
3.11377       -0.00377      
3.11866       -0.00375      
3.12354       -0.00373      
3.12843       -0.00371      
3.13332       -0.00369      
3.13820       -0.00368      
3.14309       -0.00366      
3.14798       -0.00364      
3.15286       -0.00362      
3.15775       -0.00361      
3.16264       -0.00359      
3.16752       -0.00357      
3.17241       -0.00355      
3.17730       -0.00354      
3.18218       -0.00352      
3.18707       -0.00350      
3.19196       -0.00349      
3.19684       -0.00347      
3.20173       -0.00345      
3.20661       -0.00344      
3.21150       -0.00342      
3.21639       -0.00340      
3.22127       -0.00339      
3.22616       -0.00337      
3.23105       -0.00336      
3.23593       -0.00334      
3.24082       -0.00333      
3.24571       -0.00331      
3.25059       -0.00329      
3.25548       -0.00328      
3.26037       -0.00326      
3.26525       -0.00325      
3.27014       -0.00323      
3.27503       -0.00322      
3.27991       -0.00320      
3.28480       -0.00319      
3.28969       -0.00317      
3.29457       -0.00316      
3.29946       -0.00314      
3.30435       -0.00313      
3.30923       -0.00312      
3.31412       -0.00310      
3.31901       -0.00309      
3.32389       -0.00307      
3.32878       -0.00306      
3.33367       -0.00304      
3.33855       -0.00303      
3.34344       -0.00302      
3.34833       -0.00300      
3.35321       -0.00299      
3.35810       -0.00298      
3.36299       -0.00296      
3.36787       -0.00295      
3.37276       -0.00294      
3.37765       -0.00292      
3.38253       -0.00291      
3.38742       -0.00290      
3.39231       -0.00288      
3.39719       -0.00287      
3.40208       -0.00286      
3.40697       -0.00284      
3.41185       -0.00283      
3.41674       -0.00282      
3.42163       -0.00281      
3.42651       -0.00279      
3.43140       -0.00278      
3.43629       -0.00277      
3.44117       -0.00276      
3.44606       -0.00275      
3.45095       -0.00273      
3.45583       -0.00272      
3.46072       -0.00271      
3.46561       -0.00270      
3.47049       -0.00269      
3.47538       -0.00267      
3.48026       -0.00266      
3.48515       -0.00265      
3.49004       -0.00264      
3.49492       -0.00263      
3.49981       -0.00262      
3.50470       -0.00260      
3.50958       -0.00259      
3.51447       -0.00258      
3.51936       -0.00257      
3.52424       -0.00256      
3.52913       -0.00255      
3.53402       -0.00254      
3.53890       -0.00253      
3.54379       -0.00252      
3.54868       -0.00250      
3.55356       -0.00249      
3.55845       -0.00248      
3.56334       -0.00247      
3.56822       -0.00246      
3.57311       -0.00245      
3.57800       -0.00244      
3.58288       -0.00243      
3.58777       -0.00242      
3.59266       -0.00241      
3.59754       -0.00240      
3.60243       -0.00239      
3.60732       -0.00238      
3.61220       -0.00237      
3.61709       -0.00236      
3.62198       -0.00235      
3.62686       -0.00234      
3.63175       -0.00233      
3.63664       -0.00232      
3.64152       -0.00231      
3.64641       -0.00230      
3.65130       -0.00229      
3.65618       -0.00228      
3.66107       -0.00227      
3.66596       -0.00226      
3.67084       -0.00225      
3.67573       -0.00224      
3.68062       -0.00223      
3.68550       -0.00223      
3.69039       -0.00222      
3.69528       -0.00221      
3.70016       -0.00220      
3.70505       -0.00219      
3.70994       -0.00218      
3.71482       -0.00217      
3.71971       -0.00216      
3.72460       -0.00215      
3.72948       -0.00214      
3.73437       -0.00214      
3.73926       -0.00213      
3.74414       -0.00212      
3.74903       -0.00211      
3.75391       -0.00210      
3.75880       -0.00209      
3.76369       -0.00208      
3.76857       -0.00208      
3.77346       -0.00207      
3.77835       -0.00206      
3.78323       -0.00205      
3.78812       -0.00204      
3.79301       -0.00203      
3.79789       -0.00203      
3.80278       -0.00202      
3.80767       -0.00201      
3.81255       -0.00200      
3.81744       -0.00199      
3.82233       -0.00199      
3.82721       -0.00198      
3.83210       -0.00197      
3.83699       -0.00196      
3.84187       -0.00195      
3.84676       -0.00195      
3.85165       -0.00194      
3.85653       -0.00193      
3.86142       -0.00192      
3.86631       -0.00192      
3.87119       -0.00191      
3.87608       -0.00190      
3.88097       -0.00189      
3.88585       -0.00189      
3.89074       -0.00188      
3.89563       -0.00187      
3.90051       -0.00186      
3.90540       -0.00186      
3.91029       -0.00185      
3.91517       -0.00184      
3.92006       -0.00184      
3.92495       -0.00183      
3.92983       -0.00182      
3.93472       -0.00181      
3.93961       -0.00181      
3.94449       -0.00180      
3.94938       -0.00179      
3.95427       -0.00179      
3.95915       -0.00178      
3.96404       -0.00177      
3.96893       -0.00177      
3.97381       -0.00176      
3.97870       -0.00175      
3.98359       -0.00174      
3.98847       -0.00174      
3.99336       -0.00173      
3.99825       -0.00173      
4.00313       -0.00172      
4.00802       -0.00171      
4.01291       -0.00171      
4.01779       -0.00170      
4.02268       -0.00169      
4.02757       -0.00169      
4.03245       -0.00168      
4.03734       -0.00167      
4.04222       -0.00167      
4.04711       -0.00166      
4.05200       -0.00165      
4.05688       -0.00165      
4.06177       -0.00164      
4.06666       -0.00164      
4.07154       -0.00163      
4.07643       -0.00162      
4.08132       -0.00162      
4.08620       -0.00161      
4.09109       -0.00161      
4.09598       -0.00160      
4.10086       -0.00159      
4.10575       -0.00159      
4.11064       -0.00158      
4.11552       -0.00158      
4.12041       -0.00157      
4.12530       -0.00156      
4.13018       -0.00156      
4.13507       -0.00155      
4.13996       -0.00155      
4.14484       -0.00154      
4.14973       -0.00154      
4.15462       -0.00153      
4.15950       -0.00152      
4.16439       -0.00152      
4.16928       -0.00151      
4.17416       -0.00151      
4.17905       -0.00150      
4.18394       -0.00150      
4.18882       -0.00149      
4.19371       -0.00149      
4.19860       -0.00148      
4.20348       -0.00147      
4.20837       -0.00147      
4.21326       -0.00146      
4.21814       -0.00146      
4.22303       -0.00145      
4.22792       -0.00145      
4.23280       -0.00144      
4.23769       -0.00144      
4.24258       -0.00143      
4.24746       -0.00143      
4.25235       -0.00142      
4.25724       -0.00142      
4.26212       -0.00141      
4.26701       -0.00141      
4.27190       -0.00140      
4.27678       -0.00140      
4.28167       -0.00139      
4.28656       -0.00139      
4.29144       -0.00138      
4.29633       -0.00138      
4.30122       -0.00137      
4.30610       -0.00137      
4.31099       -0.00136      
4.31587       -0.00136      
4.32076       -0.00135      
4.32565       -0.00135      
4.33053       -0.00134      
4.33542       -0.00134      
4.34031       -0.00133      
4.34519       -0.00133      
4.35008       -0.00132      
4.35497       -0.00132      
4.35985       -0.00131      
4.36474       -0.00131      
4.36963       -0.00131      
4.37451       -0.00130      
4.37940       -0.00130      
4.38429       -0.00129      
4.38917       -0.00129      
4.39406       -0.00128      
4.39895       -0.00128      
4.40383       -0.00127      
4.40872       -0.00127      
4.41361       -0.00127      
4.41849       -0.00126      
4.42338       -0.00126      
4.42827       -0.00125      
4.43315       -0.00125      
4.43804       -0.00124      
4.44293       -0.00124      
4.44781       -0.00124      
4.45270       -0.00123      
4.45759       -0.00123      
4.46247       -0.00122      
4.46736       -0.00122      
4.47225       -0.00121      
4.47713       -0.00121      
4.48202       -0.00121      
4.48691       -0.00120      
4.49179       -0.00120      
4.49668       -0.00119      
4.50157       -0.00119      
4.50645       -0.00119      
4.51134       -0.00118      
4.51623       -0.00118      
4.52111       -0.00117      
4.52600       -0.00117      
4.53089       -0.00117      
4.53577       -0.00116      
4.54066       -0.00116      
4.54555       -0.00115      
4.55043       -0.00115      
4.55532       -0.00115      
4.56021       -0.00114      
4.56509       -0.00114      
4.56998       -0.00113      
4.57487       -0.00113      
4.57975       -0.00113      
4.58464       -0.00112      
4.58952       -0.00112      
4.59441       -0.00112      
4.59930       -0.00111      
4.60418       -0.00111      
4.60907       -0.00110      
4.61396       -0.00110      
4.61884       -0.00110      
4.62373       -0.00109      
4.62862       -0.00109      
4.63350       -0.00109      
4.63839       -0.00108      
4.64328       -0.00108      
4.64816       -0.00108      
4.65305       -0.00107      
4.65794       -0.00107      
4.66282       -0.00106      
4.66771       -0.00106      
4.67260       -0.00106      
4.67748       -0.00105      
4.68237       -0.00105      
4.68726       -0.00105      
4.69214       -0.00104      
4.69703       -0.00104      
4.70192       -0.00104      
4.70680       -0.00103      
4.71169       -0.00103      
4.71658       -0.00103      
4.72146       -0.00102      
4.72635       -0.00102      
4.73124       -0.00102      
4.73612       -0.00101      
4.74101       -0.00101      
4.74590       -0.00101      
4.75078       -0.00100      
4.75567       -0.00100      
4.76056       -0.00100      
4.76544       -0.00099      
4.77033       -0.00099      
4.77522       -0.00099      
4.78010       -0.00098      
4.78499       -0.00098      
4.78988       -0.00098      
4.79476       -0.00098      
4.79965       -0.00097      
4.80454       -0.00097      
4.80942       -0.00097      
4.81431       -0.00096      
4.81920       -0.00096      
4.82408       -0.00096      
4.82897       -0.00095      
4.83386       -0.00095      
4.83874       -0.00095      
4.84363       -0.00094      
4.84852       -0.00094      
4.85340       -0.00094      
4.85829       -0.00094      
4.86317       -0.00093      
4.86806       -0.00093      
4.87295       -0.00093      
4.87783       -0.00092      
4.88272       -0.00092      
4.88761       -0.00092      
4.89249       -0.00092      
4.89738       -0.00091      
4.90227       -0.00091      
4.90715       -0.00091      
4.91204       -0.00090      
4.91693       -0.00090      
4.92181       -0.00090      
4.92670       -0.00090      
4.93159       -0.00089      
4.93647       -0.00089      
4.94136       -0.00089      
4.94625       -0.00088      
4.95113       -0.00088      
4.95602       -0.00088      
4.96091       -0.00088      
4.96579       -0.00087      
4.97068       -0.00087      
4.97557       -0.00087      
4.98045       -0.00087      
4.98534       -0.00086      
4.99023       -0.00086      
4.99511       -0.00086      
5.00000       -0.00085      
