0.00100       1000000000027966931206144.00000
0.00589       577588570138601.12500
0.01077       409124583284.57056
0.01566       4597878309.57283
0.02055       176670176.00193
0.02543       13652864.82264
0.03032       1657050.14074 
0.03521       275876.82439  
0.04009       58066.28746   
0.04498       14679.75229   
0.04987       4327.36512    
0.05475       1475.03326    
0.05964       591.26468     
0.06453       289.35008     
0.06941       177.33678     
0.07430       132.73529     
0.07919       113.85480     
0.08407       105.42296     
0.08896       101.47547     
0.09385       99.54838      
0.09873       98.57185      
0.10362       98.40746      
0.10851       98.40853      
0.11339       98.40960      
0.11828       98.41067      
0.12317       98.41174      
0.12805       98.41281      
0.13294       98.41388      
0.13783       98.41495      
0.14271       93.85812      
0.14760       83.04543      
0.15248       73.26363      
0.15737       65.02260      
0.16226       56.98177      
0.16714       49.43959      
0.17203       41.96595      
0.17692       35.80686      
0.18180       29.85087      
0.18669       24.48246      
0.19158       19.43524      
0.19646       15.14353      
0.20135       10.89756      
0.20624       7.38066       
0.21112       3.93270       
0.21601       0.87062       
0.22090       -1.94989      
0.22578       -4.45162      
0.23067       -6.66202      
0.23556       -8.39197      
0.24044       -9.93044      
0.24533       -11.03942     
0.25022       -11.94506     
0.25510       -12.43927     
0.25999       -12.87984     
0.26488       -13.13500     
0.26976       -13.17127     
0.27465       -12.90169     
0.27954       -12.82484     
0.28442       -12.47645     
0.28931       -12.27207     
0.29420       -11.85361     
0.29908       -11.67358     
0.30397       -11.53612     
0.30886       -11.36825     
0.31374       -11.40152     
0.31863       -11.38300     
0.32352       -11.33750     
0.32840       -11.22386     
0.33329       -11.04157     
0.33818       -10.93146     
0.34306       -10.42224     
0.34795       -10.29873     
0.35284       -9.51873      
0.35772       -9.17356      
0.36261       -8.52523      
0.36750       -7.93724      
0.37238       -7.43019      
0.37727       -6.88592      
0.38216       -6.54038      
0.38704       -6.03614      
0.39193       -5.83146      
0.39682       -5.46586      
0.40170       -5.12995      
0.40659       -5.01289      
0.41148       -4.68314      
0.41636       -4.52938      
0.42125       -4.39964      
0.42613       -4.28022      
0.43102       -3.99585      
0.43591       -3.97373      
0.44079       -3.74410      
0.44568       -3.46890      
0.45057       -3.48344      
0.45545       -3.27300      
0.46034       -2.97800      
0.46523       -2.91717      
0.47011       -2.75265      
0.47500       -2.38065      
0.47989       -2.25521      
0.48477       -2.10492      
0.48966       -1.73694      
0.49455       -1.64873      
0.49943       -1.49723      
0.50432       -1.25660      
0.50921       -1.20157      
0.51409       -1.04090      
0.51898       -0.89487      
0.52387       -0.94565      
0.52875       -0.66452      
0.53364       -0.79351      
0.53853       -0.81835      
0.54341       -0.80395      
0.54830       -0.73441      
0.55319       -0.85077      
0.55807       -0.84873      
0.56296       -0.81772      
0.56785       -0.85756      
0.57273       -0.87355      
0.57762       -0.74700      
0.58251       -0.82029      
0.58739       -0.80989      
0.59228       -0.62630      
0.59717       -0.72224      
0.60205       -0.65739      
0.60694       -0.58408      
0.61183       -0.62487      
0.61671       -0.56699      
0.62160       -0.59399      
0.62649       -0.56799      
0.63137       -0.51655      
0.63626       -0.57182      
0.64115       -0.53908      
0.64603       -0.56613      
0.65092       -0.54177      
0.65581       -0.49336      
0.66069       -0.56333      
0.66558       -0.56707      
0.67047       -0.51886      
0.67535       -0.54310      
0.68024       -0.59973      
0.68513       -0.46079      
0.69001       -0.51117      
0.69490       -0.59551      
0.69978       -0.38211      
0.70467       -0.47796      
0.70956       -0.49171      
0.71444       -0.35134      
0.71933       -0.29028      
0.72422       -0.41742      
0.72910       -0.33324      
0.73399       -0.21786      
0.73888       -0.16813      
0.74376       -0.18567      
0.74865       -0.15448      
0.75354       -0.07071      
0.75842       -0.24944      
0.76331       0.04582       
0.76820       -0.03746      
0.77308       -0.08435      
0.77797       -0.01744      
0.78286       -0.07176      
0.78774       -0.07260      
0.79263       -0.03301      
0.79752       -0.01049      
0.80240       -0.00391      
0.80729       0.01651       
0.81218       0.07641       
0.81706       -0.03339      
0.82195       0.09646       
0.82684       0.01589       
0.83172       0.01182       
0.83661       0.08422       
0.84150       0.12822       
0.84638       0.01090       
0.85127       0.13351       
0.85616       0.09466       
0.86104       0.12839       
0.86593       0.10866       
0.87082       -0.01205      
0.87570       0.18200       
0.88059       0.13928       
0.88548       0.09866       
0.89036       0.07316       
0.89525       0.08078       
0.90014       0.18392       
0.90502       0.06624       
0.90991       -0.00750      
0.91480       0.21183       
0.91968       0.22852       
0.92457       0.01158       
0.92946       0.23392       
0.93434       0.05403       
0.93923       0.15030       
0.94412       0.18037       
0.94900       0.14594       
0.95389       0.17042       
0.95878       0.18886       
0.96366       0.06574       
0.96855       -0.00782      
0.97343       0.13457       
0.97832       0.15824       
0.98321       0.05455       
0.98809       0.01019       
0.99298       0.07784       
0.99787       0.12612       
1.00275       0.11841       
1.00764       0.07315       
1.01253       0.01017       
1.01741       0.17576       
1.02230       0.03779       
1.02719       0.11545       
1.03207       0.12861       
1.03696       0.11635       
1.04185       0.06704       
1.04673       0.22866       
1.05162       -0.00980      
1.05651       0.15601       
1.06139       0.01595       
1.06628       0.00543       
1.07117       0.11812       
1.07605       0.05147       
1.08094       0.17843       
1.08583       0.07428       
1.09071       0.13176       
1.09560       0.07384       
1.10049       0.15441       
1.10537       0.11595       
1.11026       0.05760       
1.11515       0.15207       
1.12003       0.04729       
1.12492       0.06528       
1.12981       0.04986       
1.13469       0.10793       
1.13958       0.08506       
1.14447       0.04041       
1.14935       0.09050       
1.15424       0.05063       
1.15913       -0.01469      
1.16401       0.00164       
1.16890       -0.03710      
1.17379       0.02532       
1.17867       -0.07994      
1.18356       -0.01082      
1.18845       0.00656       
1.19333       -0.12147      
1.19822       -0.07564      
1.20311       -0.00721      
1.20799       -0.09040      
1.21288       -0.06336      
1.21777       -0.00779      
1.22265       0.06411       
1.22754       0.03243       
1.23243       0.02507       
1.23731       0.08577       
1.24220       0.02534       
1.24709       0.02806       
1.25197       0.06753       
1.25686       0.06507       
1.26174       -0.04102      
1.26663       -0.00603      
1.27152       0.06491       
1.27640       0.01767       
1.28129       -0.05180      
1.28618       -0.01940      
1.29106       0.00883       
1.29595       -0.00997      
1.30084       0.03216       
1.30572       -0.00810      
1.31061       -0.09315      
1.31550       0.09347       
1.32038       0.02048       
1.32527       0.04632       
1.33016       0.07003       
1.33504       0.00521       
1.33993       0.09155       
1.34482       0.07249       
1.34970       0.00432       
1.35459       0.07975       
1.35948       0.10720       
1.36436       0.05851       
1.36925       0.03877       
1.37414       -0.03443      
1.37902       -0.03304      
1.38391       0.01845       
1.38880       -0.02033      
1.39368       -0.04356      
1.39857       -0.02600      
1.40346       -0.05970      
1.40834       0.03281       
1.41323       0.02577       
1.41812       -0.07764      
1.42300       -0.02010      
1.42789       0.11115       
1.43278       -0.03907      
1.43766       -0.13056      
1.44255       0.02115       
1.44744       -0.01121      
1.45232       -0.11831      
1.45721       -0.11001      
1.46210       0.04580       
1.46698       -0.08343      
1.47187       -0.08101      
1.47676       -0.09142      
1.48164       -0.09131      
1.48653       0.02370       
1.49142       -0.05478      
1.49630       -0.13985      
1.50119       -0.04592      
1.50608       -0.04545      
1.51096       -0.04498      
1.51585       -0.04452      
1.52074       -0.04407      
1.52562       -0.04362      
1.53051       -0.04318      
1.53539       -0.04275      
1.54028       -0.04232      
1.54517       -0.04189      
1.55005       -0.04148      
1.55494       -0.04106      
1.55983       -0.04066      
1.56471       -0.04026      
1.56960       -0.03986      
1.57449       -0.03947      
1.57937       -0.03908      
1.58426       -0.03870      
1.58915       -0.03833      
1.59403       -0.03795      
1.59892       -0.03759      
1.60381       -0.03723      
1.60869       -0.03687      
1.61358       -0.03652      
1.61847       -0.03617      
1.62335       -0.03582      
1.62824       -0.03549      
1.63313       -0.03515      
1.63801       -0.03482      
1.64290       -0.03449      
1.64779       -0.03417      
1.65267       -0.03385      
1.65756       -0.03354      
1.66245       -0.03323      
1.66733       -0.03292      
1.67222       -0.03262      
1.67711       -0.03232      
1.68199       -0.03202      
1.68688       -0.03173      
1.69177       -0.03144      
1.69665       -0.03116      
1.70154       -0.03087      
1.70643       -0.03060      
1.71131       -0.03032      
1.71620       -0.03005      
1.72109       -0.02978      
1.72597       -0.02952      
1.73086       -0.02925      
1.73575       -0.02900      
1.74063       -0.02874      
1.74552       -0.02849      
1.75041       -0.02824      
1.75529       -0.02799      
1.76018       -0.02775      
1.76507       -0.02750      
1.76995       -0.02727      
1.77484       -0.02703      
1.77973       -0.02680      
1.78461       -0.02657      
1.78950       -0.02634      
1.79439       -0.02611      
1.79927       -0.02589      
1.80416       -0.02567      
1.80904       -0.02545      
1.81393       -0.02524      
1.81882       -0.02502      
1.82370       -0.02481      
1.82859       -0.02461      
1.83348       -0.02440      
1.83836       -0.02420      
1.84325       -0.02400      
1.84814       -0.02380      
1.85302       -0.02360      
1.85791       -0.02341      
1.86280       -0.02321      
1.86768       -0.02302      
1.87257       -0.02283      
1.87746       -0.02265      
1.88234       -0.02246      
1.88723       -0.02228      
1.89212       -0.02210      
1.89700       -0.02192      
1.90189       -0.02175      
1.90678       -0.02157      
1.91166       -0.02140      
1.91655       -0.02123      
1.92144       -0.02106      
1.92632       -0.02089      
1.93121       -0.02073      
1.93610       -0.02056      
1.94098       -0.02040      
1.94587       -0.02024      
1.95076       -0.02008      
1.95564       -0.01992      
1.96053       -0.01977      
1.96542       -0.01962      
1.97030       -0.01946      
1.97519       -0.01931      
1.98008       -0.01916      
1.98496       -0.01902      
1.98985       -0.01887      
1.99474       -0.01873      
1.99962       -0.01858      
2.00451       -0.01844      
2.00940       -0.01830      
2.01428       -0.01816      
2.01917       -0.01802      
2.02406       -0.01789      
2.02894       -0.01775      
2.03383       -0.01762      
2.03872       -0.01749      
2.04360       -0.01736      
2.04849       -0.01723      
2.05338       -0.01710      
2.05826       -0.01697      
2.06315       -0.01685      
2.06804       -0.01672      
2.07292       -0.01660      
2.07781       -0.01648      
2.08270       -0.01636      
2.08758       -0.01624      
2.09247       -0.01612      
2.09735       -0.01600      
2.10224       -0.01589      
2.10713       -0.01577      
2.11201       -0.01566      
2.11690       -0.01554      
2.12179       -0.01543      
2.12667       -0.01532      
2.13156       -0.01521      
2.13645       -0.01510      
2.14133       -0.01500      
2.14622       -0.01489      
2.15111       -0.01478      
2.15599       -0.01468      
2.16088       -0.01458      
2.16577       -0.01447      
2.17065       -0.01437      
2.17554       -0.01427      
2.18043       -0.01417      
2.18531       -0.01407      
2.19020       -0.01397      
2.19509       -0.01388      
2.19997       -0.01378      
2.20486       -0.01368      
2.20975       -0.01359      
2.21463       -0.01350      
2.21952       -0.01340      
2.22441       -0.01331      
2.22929       -0.01322      
2.23418       -0.01313      
2.23907       -0.01304      
2.24395       -0.01295      
2.24884       -0.01287      
2.25373       -0.01278      
2.25861       -0.01269      
2.26350       -0.01261      
2.26839       -0.01252      
2.27327       -0.01244      
2.27816       -0.01235      
2.28305       -0.01227      
2.28793       -0.01219      
2.29282       -0.01211      
2.29771       -0.01203      
2.30259       -0.01195      
2.30748       -0.01187      
2.31237       -0.01179      
2.31725       -0.01172      
2.32214       -0.01164      
2.32703       -0.01156      
2.33191       -0.01149      
2.33680       -0.01141      
2.34169       -0.01134      
2.34657       -0.01126      
2.35146       -0.01119      
2.35635       -0.01112      
2.36123       -0.01105      
2.36612       -0.01098      
2.37100       -0.01091      
2.37589       -0.01084      
2.38078       -0.01077      
2.38566       -0.01070      
2.39055       -0.01063      
2.39544       -0.01056      
2.40032       -0.01049      
2.40521       -0.01043      
2.41010       -0.01036      
2.41498       -0.01030      
2.41987       -0.01023      
2.42476       -0.01017      
2.42964       -0.01010      
2.43453       -0.01004      
2.43942       -0.00998      
2.44430       -0.00992      
2.44919       -0.00985      
2.45408       -0.00979      
2.45896       -0.00973      
2.46385       -0.00967      
2.46874       -0.00961      
2.47362       -0.00955      
2.47851       -0.00950      
2.48340       -0.00944      
2.48828       -0.00938      
2.49317       -0.00932      
2.49806       -0.00927      
2.50294       -0.00921      
2.50783       -0.00915      
2.51272       -0.00910      
2.51760       -0.00904      
2.52249       -0.00899      
2.52738       -0.00893      
2.53226       -0.00888      
2.53715       -0.00883      
2.54204       -0.00877      
2.54692       -0.00872      
2.55181       -0.00867      
2.55670       -0.00862      
2.56158       -0.00857      
2.56647       -0.00852      
2.57136       -0.00847      
2.57624       -0.00842      
2.58113       -0.00837      
2.58602       -0.00832      
2.59090       -0.00827      
2.59579       -0.00822      
2.60068       -0.00817      
2.60556       -0.00812      
2.61045       -0.00808      
2.61534       -0.00803      
2.62022       -0.00798      
2.62511       -0.00794      
2.63000       -0.00789      
2.63488       -0.00784      
2.63977       -0.00780      
2.64465       -0.00775      
2.64954       -0.00771      
2.65443       -0.00767      
2.65931       -0.00762      
2.66420       -0.00758      
2.66909       -0.00754      
2.67397       -0.00749      
2.67886       -0.00745      
2.68375       -0.00741      
2.68863       -0.00737      
2.69352       -0.00732      
2.69841       -0.00728      
2.70329       -0.00724      
2.70818       -0.00720      
2.71307       -0.00716      
2.71795       -0.00712      
2.72284       -0.00708      
2.72773       -0.00704      
2.73261       -0.00700      
2.73750       -0.00696      
2.74239       -0.00692      
2.74727       -0.00689      
2.75216       -0.00685      
2.75705       -0.00681      
2.76193       -0.00677      
2.76682       -0.00674      
2.77171       -0.00670      
2.77659       -0.00666      
2.78148       -0.00663      
2.78637       -0.00659      
2.79125       -0.00655      
2.79614       -0.00652      
2.80103       -0.00648      
2.80591       -0.00645      
2.81080       -0.00641      
2.81569       -0.00638      
2.82057       -0.00634      
2.82546       -0.00631      
2.83035       -0.00627      
2.83523       -0.00624      
2.84012       -0.00621      
2.84501       -0.00617      
2.84989       -0.00614      
2.85478       -0.00611      
2.85967       -0.00608      
2.86455       -0.00604      
2.86944       -0.00601      
2.87433       -0.00598      
2.87921       -0.00595      
2.88410       -0.00592      
2.88899       -0.00589      
2.89387       -0.00585      
2.89876       -0.00582      
2.90365       -0.00579      
2.90853       -0.00576      
2.91342       -0.00573      
2.91830       -0.00570      
2.92319       -0.00567      
2.92808       -0.00564      
2.93296       -0.00561      
2.93785       -0.00559      
2.94274       -0.00556      
2.94762       -0.00553      
2.95251       -0.00550      
2.95740       -0.00547      
2.96228       -0.00544      
2.96717       -0.00542      
2.97206       -0.00539      
2.97694       -0.00536      
2.98183       -0.00533      
2.98672       -0.00531      
2.99160       -0.00528      
2.99649       -0.00525      
3.00138       -0.00522      
3.00626       -0.00520      
3.01115       -0.00517      
3.01604       -0.00515      
3.02092       -0.00512      
3.02581       -0.00509      
3.03070       -0.00507      
3.03558       -0.00504      
3.04047       -0.00502      
3.04536       -0.00499      
3.05024       -0.00497      
3.05513       -0.00494      
3.06002       -0.00492      
3.06490       -0.00489      
3.06979       -0.00487      
3.07468       -0.00485      
3.07956       -0.00482      
3.08445       -0.00480      
3.08934       -0.00477      
3.09422       -0.00475      
3.09911       -0.00473      
3.10400       -0.00470      
3.10888       -0.00468      
3.11377       -0.00466      
3.11866       -0.00464      
3.12354       -0.00461      
3.12843       -0.00459      
3.13332       -0.00457      
3.13820       -0.00455      
3.14309       -0.00452      
3.14798       -0.00450      
3.15286       -0.00448      
3.15775       -0.00446      
3.16264       -0.00444      
3.16752       -0.00442      
3.17241       -0.00439      
3.17730       -0.00437      
3.18218       -0.00435      
3.18707       -0.00433      
3.19196       -0.00431      
3.19684       -0.00429      
3.20173       -0.00427      
3.20661       -0.00425      
3.21150       -0.00423      
3.21639       -0.00421      
3.22127       -0.00419      
3.22616       -0.00417      
3.23105       -0.00415      
3.23593       -0.00413      
3.24082       -0.00411      
3.24571       -0.00409      
3.25059       -0.00407      
3.25548       -0.00405      
3.26037       -0.00404      
3.26525       -0.00402      
3.27014       -0.00400      
3.27503       -0.00398      
3.27991       -0.00396      
3.28480       -0.00394      
3.28969       -0.00392      
3.29457       -0.00391      
3.29946       -0.00389      
3.30435       -0.00387      
3.30923       -0.00385      
3.31412       -0.00383      
3.31901       -0.00382      
3.32389       -0.00380      
3.32878       -0.00378      
3.33367       -0.00376      
3.33855       -0.00375      
3.34344       -0.00373      
3.34833       -0.00371      
3.35321       -0.00370      
3.35810       -0.00368      
3.36299       -0.00366      
3.36787       -0.00365      
3.37276       -0.00363      
3.37765       -0.00361      
3.38253       -0.00360      
3.38742       -0.00358      
3.39231       -0.00356      
3.39719       -0.00355      
3.40208       -0.00353      
3.40697       -0.00352      
3.41185       -0.00350      
3.41674       -0.00349      
3.42163       -0.00347      
3.42651       -0.00345      
3.43140       -0.00344      
3.43629       -0.00342      
3.44117       -0.00341      
3.44606       -0.00339      
3.45095       -0.00338      
3.45583       -0.00336      
3.46072       -0.00335      
3.46561       -0.00333      
3.47049       -0.00332      
3.47538       -0.00331      
3.48026       -0.00329      
3.48515       -0.00328      
3.49004       -0.00326      
3.49492       -0.00325      
3.49981       -0.00323      
3.50470       -0.00322      
3.50958       -0.00321      
3.51447       -0.00319      
3.51936       -0.00318      
3.52424       -0.00316      
3.52913       -0.00315      
3.53402       -0.00314      
3.53890       -0.00312      
3.54379       -0.00311      
3.54868       -0.00310      
3.55356       -0.00308      
3.55845       -0.00307      
3.56334       -0.00306      
3.56822       -0.00304      
3.57311       -0.00303      
3.57800       -0.00302      
3.58288       -0.00300      
3.58777       -0.00299      
3.59266       -0.00298      
3.59754       -0.00297      
3.60243       -0.00295      
3.60732       -0.00294      
3.61220       -0.00293      
3.61709       -0.00292      
3.62198       -0.00290      
3.62686       -0.00289      
3.63175       -0.00288      
3.63664       -0.00287      
3.64152       -0.00286      
3.64641       -0.00284      
3.65130       -0.00283      
3.65618       -0.00282      
3.66107       -0.00281      
3.66596       -0.00280      
3.67084       -0.00279      
3.67573       -0.00277      
3.68062       -0.00276      
3.68550       -0.00275      
3.69039       -0.00274      
3.69528       -0.00273      
3.70016       -0.00272      
3.70505       -0.00271      
3.70994       -0.00269      
3.71482       -0.00268      
3.71971       -0.00267      
3.72460       -0.00266      
3.72948       -0.00265      
3.73437       -0.00264      
3.73926       -0.00263      
3.74414       -0.00262      
3.74903       -0.00261      
3.75391       -0.00260      
3.75880       -0.00259      
3.76369       -0.00258      
3.76857       -0.00257      
3.77346       -0.00256      
3.77835       -0.00254      
3.78323       -0.00253      
3.78812       -0.00252      
3.79301       -0.00251      
3.79789       -0.00250      
3.80278       -0.00249      
3.80767       -0.00248      
3.81255       -0.00247      
3.81744       -0.00246      
3.82233       -0.00245      
3.82721       -0.00244      
3.83210       -0.00243      
3.83699       -0.00243      
3.84187       -0.00242      
3.84676       -0.00241      
3.85165       -0.00240      
3.85653       -0.00239      
3.86142       -0.00238      
3.86631       -0.00237      
3.87119       -0.00236      
3.87608       -0.00235      
3.88097       -0.00234      
3.88585       -0.00233      
3.89074       -0.00232      
3.89563       -0.00231      
3.90051       -0.00230      
3.90540       -0.00229      
3.91029       -0.00229      
3.91517       -0.00228      
3.92006       -0.00227      
3.92495       -0.00226      
3.92983       -0.00225      
3.93472       -0.00224      
3.93961       -0.00223      
3.94449       -0.00222      
3.94938       -0.00222      
3.95427       -0.00221      
3.95915       -0.00220      
3.96404       -0.00219      
3.96893       -0.00218      
3.97381       -0.00217      
3.97870       -0.00216      
3.98359       -0.00216      
3.98847       -0.00215      
3.99336       -0.00214      
3.99825       -0.00213      
4.00313       -0.00212      
4.00802       -0.00212      
4.01291       -0.00211      
4.01779       -0.00210      
4.02268       -0.00209      
4.02757       -0.00208      
4.03245       -0.00208      
4.03734       -0.00207      
4.04222       -0.00206      
4.04711       -0.00205      
4.05200       -0.00204      
4.05688       -0.00204      
4.06177       -0.00203      
4.06666       -0.00202      
4.07154       -0.00201      
4.07643       -0.00201      
4.08132       -0.00200      
4.08620       -0.00199      
4.09109       -0.00198      
4.09598       -0.00198      
4.10086       -0.00197      
4.10575       -0.00196      
4.11064       -0.00195      
4.11552       -0.00195      
4.12041       -0.00194      
4.12530       -0.00193      
4.13018       -0.00193      
4.13507       -0.00192      
4.13996       -0.00191      
4.14484       -0.00190      
4.14973       -0.00190      
4.15462       -0.00189      
4.15950       -0.00188      
4.16439       -0.00188      
4.16928       -0.00187      
4.17416       -0.00186      
4.17905       -0.00186      
4.18394       -0.00185      
4.18882       -0.00184      
4.19371       -0.00184      
4.19860       -0.00183      
4.20348       -0.00182      
4.20837       -0.00182      
4.21326       -0.00181      
4.21814       -0.00180      
4.22303       -0.00180      
4.22792       -0.00179      
4.23280       -0.00178      
4.23769       -0.00178      
4.24258       -0.00177      
4.24746       -0.00176      
4.25235       -0.00176      
4.25724       -0.00175      
4.26212       -0.00174      
4.26701       -0.00174      
4.27190       -0.00173      
4.27678       -0.00173      
4.28167       -0.00172      
4.28656       -0.00171      
4.29144       -0.00171      
4.29633       -0.00170      
4.30122       -0.00170      
4.30610       -0.00169      
4.31099       -0.00168      
4.31587       -0.00168      
4.32076       -0.00167      
4.32565       -0.00167      
4.33053       -0.00166      
4.33542       -0.00165      
4.34031       -0.00165      
4.34519       -0.00164      
4.35008       -0.00164      
4.35497       -0.00163      
4.35985       -0.00162      
4.36474       -0.00162      
4.36963       -0.00161      
4.37451       -0.00161      
4.37940       -0.00160      
4.38429       -0.00160      
4.38917       -0.00159      
4.39406       -0.00159      
4.39895       -0.00158      
4.40383       -0.00157      
4.40872       -0.00157      
4.41361       -0.00156      
4.41849       -0.00156      
4.42338       -0.00155      
4.42827       -0.00155      
4.43315       -0.00154      
4.43804       -0.00154      
4.44293       -0.00153      
4.44781       -0.00153      
4.45270       -0.00152      
4.45759       -0.00152      
4.46247       -0.00151      
4.46736       -0.00150      
4.47225       -0.00150      
4.47713       -0.00149      
4.48202       -0.00149      
4.48691       -0.00148      
4.49179       -0.00148      
4.49668       -0.00147      
4.50157       -0.00147      
4.50645       -0.00146      
4.51134       -0.00146      
4.51623       -0.00145      
4.52111       -0.00145      
4.52600       -0.00144      
4.53089       -0.00144      
4.53577       -0.00143      
4.54066       -0.00143      
4.54555       -0.00142      
4.55043       -0.00142      
4.55532       -0.00142      
4.56021       -0.00141      
4.56509       -0.00141      
4.56998       -0.00140      
4.57487       -0.00140      
4.57975       -0.00139      
4.58464       -0.00139      
4.58952       -0.00138      
4.59441       -0.00138      
4.59930       -0.00137      
4.60418       -0.00137      
4.60907       -0.00136      
4.61396       -0.00136      
4.61884       -0.00136      
4.62373       -0.00135      
4.62862       -0.00135      
4.63350       -0.00134      
4.63839       -0.00134      
4.64328       -0.00133      
4.64816       -0.00133      
4.65305       -0.00132      
4.65794       -0.00132      
4.66282       -0.00132      
4.66771       -0.00131      
4.67260       -0.00131      
4.67748       -0.00130      
4.68237       -0.00130      
4.68726       -0.00129      
4.69214       -0.00129      
4.69703       -0.00129      
4.70192       -0.00128      
4.70680       -0.00128      
4.71169       -0.00127      
4.71658       -0.00127      
4.72146       -0.00126      
4.72635       -0.00126      
4.73124       -0.00126      
4.73612       -0.00125      
4.74101       -0.00125      
4.74590       -0.00124      
4.75078       -0.00124      
4.75567       -0.00124      
4.76056       -0.00123      
4.76544       -0.00123      
4.77033       -0.00122      
4.77522       -0.00122      
4.78010       -0.00122      
4.78499       -0.00121      
4.78988       -0.00121      
4.79476       -0.00120      
4.79965       -0.00120      
4.80454       -0.00120      
4.80942       -0.00119      
4.81431       -0.00119      
4.81920       -0.00119      
4.82408       -0.00118      
4.82897       -0.00118      
4.83386       -0.00117      
4.83874       -0.00117      
4.84363       -0.00117      
4.84852       -0.00116      
4.85340       -0.00116      
4.85829       -0.00116      
4.86317       -0.00115      
4.86806       -0.00115      
4.87295       -0.00114      
4.87783       -0.00114      
4.88272       -0.00114      
4.88761       -0.00113      
4.89249       -0.00113      
4.89738       -0.00113      
4.90227       -0.00112      
4.90715       -0.00112      
4.91204       -0.00112      
4.91693       -0.00111      
4.92181       -0.00111      
4.92670       -0.00111      
4.93159       -0.00110      
4.93647       -0.00110      
4.94136       -0.00110      
4.94625       -0.00109      
4.95113       -0.00109      
4.95602       -0.00109      
4.96091       -0.00108      
4.96579       -0.00108      
4.97068       -0.00108      
4.97557       -0.00107      
4.98045       -0.00107      
4.98534       -0.00107      
4.99023       -0.00106      
4.99511       -0.00106      
5.00000       -0.00106      
