0.00100       1000000000006650740080640.00000
0.00589       577588570142784.75000
0.01077       409124583285.76495
0.01566       4597878309.95739
0.02055       176670176.38632
0.02543       13652865.20721
0.03032       1657050.52536 
0.03521       275877.20903  
0.04009       58066.67212   
0.04498       14680.13697   
0.04987       4327.74982    
0.05475       1475.41796    
0.05964       591.64940     
0.06453       289.73482     
0.06941       170.30741     
0.07430       114.98997     
0.07919       86.23066      
0.08407       68.91844      
0.08896       57.26703      
0.09385       47.47588      
0.09873       39.84788      
0.10362       33.32133      
0.10851       27.63095      
0.11339       22.94043      
0.11828       18.05595      
0.12317       14.69246      
0.12805       10.91635      
0.13294       7.94438       
0.13783       5.57252       
0.14271       3.40998       
0.14760       1.56274       
0.15248       0.46095       
0.15737       -0.91207      
0.16226       -1.37278      
0.16714       -2.07772      
0.17203       -2.44202      
0.17692       -2.86033      
0.18180       -3.21235      
0.18669       -4.01118      
0.19158       -5.48124      
0.19646       -8.41502      
0.20135       -11.74374     
0.20624       -15.23685     
0.21112       -17.95786     
0.21601       -20.07650     
0.22090       -21.74052     
0.22578       -22.93031     
0.23067       -23.78883     
0.23556       -24.25430     
0.24044       -24.51894     
0.24533       -24.41045     
0.25022       -24.03499     
0.25510       -23.63761     
0.25999       -22.96605     
0.26488       -22.08280     
0.26976       -21.20461     
0.27465       -20.20788     
0.27954       -19.17949     
0.28442       -18.18507     
0.28931       -17.25830     
0.29420       -16.41210     
0.29908       -15.83145     
0.30397       -15.34532     
0.30886       -15.03418     
0.31374       -14.73990     
0.31863       -14.43770     
0.32352       -14.24927     
0.32840       -13.95804     
0.33329       -13.75863     
0.33818       -13.51484     
0.34306       -13.33095     
0.34795       -12.99579     
0.35284       -12.71397     
0.35772       -12.43462     
0.36261       -12.13784     
0.36750       -11.92031     
0.37238       -11.60230     
0.37727       -11.40547     
0.38216       -11.13651     
0.38704       -10.84661     
0.39193       -10.68304     
0.39682       -10.41686     
0.40170       -10.12855     
0.40659       -9.78322      
0.41148       -9.52565      
0.41636       -9.11002      
0.42125       -8.85450      
0.42613       -8.49181      
0.43102       -7.94822      
0.43591       -7.74339      
0.44079       -7.32638      
0.44568       -6.90727      
0.45057       -6.57405      
0.45545       -6.14282      
0.46034       -5.94511      
0.46523       -5.61369      
0.47011       -5.17249      
0.47500       -5.03472      
0.47989       -4.73597      
0.48477       -4.65753      
0.48966       -4.22918      
0.49455       -4.11023      
0.49943       -3.90621      
0.50432       -3.71541      
0.50921       -3.43840      
0.51409       -3.38371      
0.51898       -3.24054      
0.52387       -3.04027      
0.52875       -2.90428      
0.53364       -2.86097      
0.53853       -2.77930      
0.54341       -2.65728      
0.54830       -2.52333      
0.55319       -2.53063      
0.55807       -2.42429      
0.56296       -2.27817      
0.56785       -2.31376      
0.57273       -2.12602      
0.57762       -2.15984      
0.58251       -2.10651      
0.58739       -1.94899      
0.59228       -2.00798      
0.59717       -1.93150      
0.60205       -1.79967      
0.60694       -1.83969      
0.61183       -1.70999      
0.61671       -1.67170      
0.62160       -1.71716      
0.62649       -1.56743      
0.63137       -1.62830      
0.63626       -1.48356      
0.64115       -1.54319      
0.64603       -1.46837      
0.65092       -1.32524      
0.65581       -1.41967      
0.66069       -1.47739      
0.66558       -1.19916      
0.67047       -1.30284      
0.67535       -1.33844      
0.68024       -1.14748      
0.68513       -1.17481      
0.69001       -1.16569      
0.69490       -1.16660      
0.69978       -1.14825      
0.70467       -1.13806      
0.70956       -1.16934      
0.71444       -1.14035      
0.71933       -1.13074      
0.72422       -1.07562      
0.72910       -1.00622      
0.73399       -0.99050      
0.73888       -1.08812      
0.74376       -1.05376      
0.74865       -1.00984      
0.75354       -1.03150      
0.75842       -1.01807      
0.76331       -1.08375      
0.76820       -0.98589      
0.77308       -0.94270      
0.77797       -0.92922      
0.78286       -0.89118      
0.78774       -0.85224      
0.79263       -0.91720      
0.79752       -0.89174      
0.80240       -0.72082      
0.80729       -1.04059      
0.81218       -0.74563      
0.81706       -0.87494      
0.82195       -0.88094      
0.82684       -0.72745      
0.83172       -0.85144      
0.83661       -0.89402      
0.84150       -0.82445      
0.84638       -0.71228      
0.85127       -0.80197      
0.85616       -0.82872      
0.86104       -0.79379      
0.86593       -0.73988      
0.87082       -0.76601      
0.87570       -0.83154      
0.88059       -0.78785      
0.88548       -0.73148      
0.89036       -0.80162      
0.89525       -0.79118      
0.90014       -0.76736      
0.90502       -0.77121      
0.90991       -0.70953      
0.91480       -0.71296      
0.91968       -0.76306      
0.92457       -0.66853      
0.92946       -0.61739      
0.93434       -0.61723      
0.93923       -0.62433      
0.94412       -0.66310      
0.94900       -0.59961      
0.95389       -0.50865      
0.95878       -0.65897      
0.96366       -0.66956      
0.96855       -0.55852      
0.97343       -0.57484      
0.97832       -0.57258      
0.98321       -0.59720      
0.98809       -0.65069      
0.99298       -0.51385      
0.99787       -0.59314      
1.00275       -0.64137      
1.00764       -0.55438      
1.01253       -0.57825      
1.01741       -0.61262      
1.02230       -0.63803      
1.02719       -0.57177      
1.03207       -0.46523      
1.03696       -0.57086      
1.04185       -0.49295      
1.04673       -0.44215      
1.05162       -0.48805      
1.05651       -0.51878      
1.06139       -0.46813      
1.06628       -0.63488      
1.07117       -0.46562      
1.07605       -0.44890      
1.08094       -0.54504      
1.08583       -0.46303      
1.09071       -0.46371      
1.09560       -0.41978      
1.10049       -0.44376      
1.10537       -0.48982      
1.11026       -0.37281      
1.11515       -0.44814      
1.12003       -0.57122      
1.12492       -0.50606      
1.12981       -0.35708      
1.13469       -0.53622      
1.13958       -0.50339      
1.14447       -0.43541      
1.14935       -0.48643      
1.15424       -0.41905      
1.15913       -0.54779      
1.16401       -0.43083      
1.16890       -0.33022      
1.17379       -0.53087      
1.17867       -0.55420      
1.18356       -0.46032      
1.18845       -0.42462      
1.19333       -0.50552      
1.19822       -0.52025      
1.20311       -0.55437      
1.20799       -0.42837      
1.21288       -0.52163      
1.21777       -0.61627      
1.22265       -0.44107      
1.22754       -0.47367      
1.23243       -0.46390      
1.23731       -0.50338      
1.24220       -0.38273      
1.24709       -0.37730      
1.25197       -0.38654      
1.25686       -0.34105      
1.26174       -0.32393      
1.26663       -0.36005      
1.27152       -0.29339      
1.27640       -0.21572      
1.28129       -0.31940      
1.28618       -0.46305      
1.29106       -0.38825      
1.29595       -0.26426      
1.30084       -0.37493      
1.30572       -0.38188      
1.31061       -0.33609      
1.31550       -0.33971      
1.32038       -0.26467      
1.32527       -0.27218      
1.33016       -0.38676      
1.33504       -0.29478      
1.33993       -0.13772      
1.34482       -0.23797      
1.34970       -0.25179      
1.35459       -0.12994      
1.35948       -0.18787      
1.36436       -0.14183      
1.36925       -0.15456      
1.37414       -0.20784      
1.37902       -0.16233      
1.38391       -0.12479      
1.38880       -0.11190      
1.39368       -0.16829      
1.39857       -0.22290      
1.40346       -0.13071      
1.40834       -0.19226      
1.41323       -0.13743      
1.41812       -0.00522      
1.42300       -0.13723      
1.42789       -0.10142      
1.43278       -0.03564      
1.43766       -0.09003      
1.44255       -0.11815      
1.44744       -0.05559      
1.45232       -0.12757      
1.45721       -0.10136      
1.46210       -0.09596      
1.46698       -0.12763      
1.47187       -0.24049      
1.47676       -0.12321      
1.48164       -0.09996      
1.48653       -0.10956      
1.49142       -0.04513      
1.49630       -0.03921      
1.50119       -0.03999      
1.50608       -0.03956      
1.51096       -0.03913      
1.51585       -0.03871      
1.52074       -0.03829      
1.52562       -0.03789      
1.53051       -0.03748      
1.53539       -0.03709      
1.54028       -0.03669      
1.54517       -0.03631      
1.55005       -0.03593      
1.55494       -0.03555      
1.55983       -0.03518      
1.56471       -0.03481      
1.56960       -0.03445      
1.57449       -0.03410      
1.57937       -0.03374      
1.58426       -0.03340      
1.58915       -0.03306      
1.59403       -0.03272      
1.59892       -0.03238      
1.60381       -0.03206      
1.60869       -0.03173      
1.61358       -0.03141      
1.61847       -0.03110      
1.62335       -0.03078      
1.62824       -0.03048      
1.63313       -0.03017      
1.63801       -0.02987      
1.64290       -0.02958      
1.64779       -0.02929      
1.65267       -0.02900      
1.65756       -0.02871      
1.66245       -0.02843      
1.66733       -0.02815      
1.67222       -0.02788      
1.67711       -0.02761      
1.68199       -0.02734      
1.68688       -0.02708      
1.69177       -0.02682      
1.69665       -0.02656      
1.70154       -0.02631      
1.70643       -0.02606      
1.71131       -0.02581      
1.71620       -0.02556      
1.72109       -0.02532      
1.72597       -0.02508      
1.73086       -0.02485      
1.73575       -0.02462      
1.74063       -0.02439      
1.74552       -0.02416      
1.75041       -0.02393      
1.75529       -0.02371      
1.76018       -0.02349      
1.76507       -0.02328      
1.76995       -0.02306      
1.77484       -0.02285      
1.77973       -0.02264      
1.78461       -0.02243      
1.78950       -0.02223      
1.79439       -0.02203      
1.79927       -0.02183      
1.80416       -0.02163      
1.80904       -0.02144      
1.81393       -0.02125      
1.81882       -0.02106      
1.82370       -0.02087      
1.82859       -0.02068      
1.83348       -0.02050      
1.83836       -0.02032      
1.84325       -0.02014      
1.84814       -0.01996      
1.85302       -0.01978      
1.85791       -0.01961      
1.86280       -0.01944      
1.86768       -0.01927      
1.87257       -0.01910      
1.87746       -0.01894      
1.88234       -0.01877      
1.88723       -0.01861      
1.89212       -0.01845      
1.89700       -0.01829      
1.90189       -0.01813      
1.90678       -0.01798      
1.91166       -0.01783      
1.91655       -0.01768      
1.92144       -0.01753      
1.92632       -0.01738      
1.93121       -0.01723      
1.93610       -0.01709      
1.94098       -0.01694      
1.94587       -0.01680      
1.95076       -0.01666      
1.95564       -0.01652      
1.96053       -0.01638      
1.96542       -0.01625      
1.97030       -0.01611      
1.97519       -0.01598      
1.98008       -0.01585      
1.98496       -0.01572      
1.98985       -0.01559      
1.99474       -0.01546      
1.99962       -0.01534      
2.00451       -0.01521      
2.00940       -0.01509      
2.01428       -0.01496      
2.01917       -0.01484      
2.02406       -0.01472      
2.02894       -0.01461      
2.03383       -0.01449      
2.03872       -0.01437      
2.04360       -0.01426      
2.04849       -0.01414      
2.05338       -0.01403      
2.05826       -0.01392      
2.06315       -0.01381      
2.06804       -0.01370      
2.07292       -0.01359      
2.07781       -0.01349      
2.08270       -0.01338      
2.08758       -0.01328      
2.09247       -0.01317      
2.09735       -0.01307      
2.10224       -0.01297      
2.10713       -0.01287      
2.11201       -0.01277      
2.11690       -0.01267      
2.12179       -0.01257      
2.12667       -0.01247      
2.13156       -0.01238      
2.13645       -0.01228      
2.14133       -0.01219      
2.14622       -0.01210      
2.15111       -0.01201      
2.15599       -0.01191      
2.16088       -0.01182      
2.16577       -0.01173      
2.17065       -0.01165      
2.17554       -0.01156      
2.18043       -0.01147      
2.18531       -0.01139      
2.19020       -0.01130      
2.19509       -0.01122      
2.19997       -0.01113      
2.20486       -0.01105      
2.20975       -0.01097      
2.21463       -0.01089      
2.21952       -0.01081      
2.22441       -0.01073      
2.22929       -0.01065      
2.23418       -0.01057      
2.23907       -0.01049      
2.24395       -0.01042      
2.24884       -0.01034      
2.25373       -0.01027      
2.25861       -0.01019      
2.26350       -0.01012      
2.26839       -0.01004      
2.27327       -0.00997      
2.27816       -0.00990      
2.28305       -0.00983      
2.28793       -0.00976      
2.29282       -0.00969      
2.29771       -0.00962      
2.30259       -0.00955      
2.30748       -0.00948      
2.31237       -0.00942      
2.31725       -0.00935      
2.32214       -0.00928      
2.32703       -0.00922      
2.33191       -0.00915      
2.33680       -0.00909      
2.34169       -0.00902      
2.34657       -0.00896      
2.35146       -0.00890      
2.35635       -0.00884      
2.36123       -0.00877      
2.36612       -0.00871      
2.37100       -0.00865      
2.37589       -0.00859      
2.38078       -0.00853      
2.38566       -0.00848      
2.39055       -0.00842      
2.39544       -0.00836      
2.40032       -0.00830      
2.40521       -0.00825      
2.41010       -0.00819      
2.41498       -0.00813      
2.41987       -0.00808      
2.42476       -0.00802      
2.42964       -0.00797      
2.43453       -0.00791      
2.43942       -0.00786      
2.44430       -0.00781      
2.44919       -0.00776      
2.45408       -0.00770      
2.45896       -0.00765      
2.46385       -0.00760      
2.46874       -0.00755      
2.47362       -0.00750      
2.47851       -0.00745      
2.48340       -0.00740      
2.48828       -0.00735      
2.49317       -0.00730      
2.49806       -0.00726      
2.50294       -0.00721      
2.50783       -0.00716      
2.51272       -0.00711      
2.51760       -0.00707      
2.52249       -0.00702      
2.52738       -0.00697      
2.53226       -0.00693      
2.53715       -0.00688      
2.54204       -0.00684      
2.54692       -0.00679      
2.55181       -0.00675      
2.55670       -0.00671      
2.56158       -0.00666      
2.56647       -0.00662      
2.57136       -0.00658      
2.57624       -0.00654      
2.58113       -0.00649      
2.58602       -0.00645      
2.59090       -0.00641      
2.59579       -0.00637      
2.60068       -0.00633      
2.60556       -0.00629      
2.61045       -0.00625      
2.61534       -0.00621      
2.62022       -0.00617      
2.62511       -0.00613      
2.63000       -0.00609      
2.63488       -0.00606      
2.63977       -0.00602      
2.64465       -0.00598      
2.64954       -0.00594      
2.65443       -0.00591      
2.65931       -0.00587      
2.66420       -0.00583      
2.66909       -0.00580      
2.67397       -0.00576      
2.67886       -0.00573      
2.68375       -0.00569      
2.68863       -0.00565      
2.69352       -0.00562      
2.69841       -0.00559      
2.70329       -0.00555      
2.70818       -0.00552      
2.71307       -0.00548      
2.71795       -0.00545      
2.72284       -0.00542      
2.72773       -0.00538      
2.73261       -0.00535      
2.73750       -0.00532      
2.74239       -0.00529      
2.74727       -0.00525      
2.75216       -0.00522      
2.75705       -0.00519      
2.76193       -0.00516      
2.76682       -0.00513      
2.77171       -0.00510      
2.77659       -0.00507      
2.78148       -0.00504      
2.78637       -0.00501      
2.79125       -0.00498      
2.79614       -0.00495      
2.80103       -0.00492      
2.80591       -0.00489      
2.81080       -0.00486      
2.81569       -0.00483      
2.82057       -0.00480      
2.82546       -0.00478      
2.83035       -0.00475      
2.83523       -0.00472      
2.84012       -0.00469      
2.84501       -0.00466      
2.84989       -0.00464      
2.85478       -0.00461      
2.85967       -0.00458      
2.86455       -0.00456      
2.86944       -0.00453      
2.87433       -0.00450      
2.87921       -0.00448      
2.88410       -0.00445      
2.88899       -0.00443      
2.89387       -0.00440      
2.89876       -0.00438      
2.90365       -0.00435      
2.90853       -0.00433      
2.91342       -0.00430      
2.91830       -0.00428      
2.92319       -0.00425      
2.92808       -0.00423      
2.93296       -0.00420      
2.93785       -0.00418      
2.94274       -0.00416      
2.94762       -0.00413      
2.95251       -0.00411      
2.95740       -0.00409      
2.96228       -0.00406      
2.96717       -0.00404      
2.97206       -0.00402      
2.97694       -0.00400      
2.98183       -0.00397      
2.98672       -0.00395      
2.99160       -0.00393      
2.99649       -0.00391      
3.00138       -0.00389      
3.00626       -0.00386      
3.01115       -0.00384      
3.01604       -0.00382      
3.02092       -0.00380      
3.02581       -0.00378      
3.03070       -0.00376      
3.03558       -0.00374      
3.04047       -0.00372      
3.04536       -0.00370      
3.05024       -0.00368      
3.05513       -0.00366      
3.06002       -0.00364      
3.06490       -0.00362      
3.06979       -0.00360      
3.07468       -0.00358      
3.07956       -0.00356      
3.08445       -0.00354      
3.08934       -0.00352      
3.09422       -0.00350      
3.09911       -0.00348      
3.10400       -0.00346      
3.10888       -0.00344      
3.11377       -0.00343      
3.11866       -0.00341      
3.12354       -0.00339      
3.12843       -0.00337      
3.13332       -0.00335      
3.13820       -0.00333      
3.14309       -0.00332      
3.14798       -0.00330      
3.15286       -0.00328      
3.15775       -0.00326      
3.16264       -0.00325      
3.16752       -0.00323      
3.17241       -0.00321      
3.17730       -0.00320      
3.18218       -0.00318      
3.18707       -0.00316      
3.19196       -0.00315      
3.19684       -0.00313      
3.20173       -0.00311      
3.20661       -0.00310      
3.21150       -0.00308      
3.21639       -0.00306      
3.22127       -0.00305      
3.22616       -0.00303      
3.23105       -0.00302      
3.23593       -0.00300      
3.24082       -0.00298      
3.24571       -0.00297      
3.25059       -0.00295      
3.25548       -0.00294      
3.26037       -0.00292      
3.26525       -0.00291      
3.27014       -0.00289      
3.27503       -0.00288      
3.27991       -0.00286      
3.28480       -0.00285      
3.28969       -0.00283      
3.29457       -0.00282      
3.29946       -0.00281      
3.30435       -0.00279      
3.30923       -0.00278      
3.31412       -0.00276      
3.31901       -0.00275      
3.32389       -0.00274      
3.32878       -0.00272      
3.33367       -0.00271      
3.33855       -0.00269      
3.34344       -0.00268      
3.34833       -0.00267      
3.35321       -0.00265      
3.35810       -0.00264      
3.36299       -0.00263      
3.36787       -0.00261      
3.37276       -0.00260      
3.37765       -0.00259      
3.38253       -0.00257      
3.38742       -0.00256      
3.39231       -0.00255      
3.39719       -0.00254      
3.40208       -0.00252      
3.40697       -0.00251      
3.41185       -0.00250      
3.41674       -0.00249      
3.42163       -0.00247      
3.42651       -0.00246      
3.43140       -0.00245      
3.43629       -0.00244      
3.44117       -0.00243      
3.44606       -0.00241      
3.45095       -0.00240      
3.45583       -0.00239      
3.46072       -0.00238      
3.46561       -0.00237      
3.47049       -0.00236      
3.47538       -0.00234      
3.48026       -0.00233      
3.48515       -0.00232      
3.49004       -0.00231      
3.49492       -0.00230      
3.49981       -0.00229      
3.50470       -0.00228      
3.50958       -0.00227      
3.51447       -0.00225      
3.51936       -0.00224      
3.52424       -0.00223      
3.52913       -0.00222      
3.53402       -0.00221      
3.53890       -0.00220      
3.54379       -0.00219      
3.54868       -0.00218      
3.55356       -0.00217      
3.55845       -0.00216      
3.56334       -0.00215      
3.56822       -0.00214      
3.57311       -0.00213      
3.57800       -0.00212      
3.58288       -0.00211      
3.58777       -0.00210      
3.59266       -0.00209      
3.59754       -0.00208      
3.60243       -0.00207      
3.60732       -0.00206      
3.61220       -0.00205      
3.61709       -0.00204      
3.62198       -0.00203      
3.62686       -0.00202      
3.63175       -0.00201      
3.63664       -0.00200      
3.64152       -0.00199      
3.64641       -0.00198      
3.65130       -0.00197      
3.65618       -0.00196      
3.66107       -0.00196      
3.66596       -0.00195      
3.67084       -0.00194      
3.67573       -0.00193      
3.68062       -0.00192      
3.68550       -0.00191      
3.69039       -0.00190      
3.69528       -0.00189      
3.70016       -0.00188      
3.70505       -0.00188      
3.70994       -0.00187      
3.71482       -0.00186      
3.71971       -0.00185      
3.72460       -0.00184      
3.72948       -0.00183      
3.73437       -0.00183      
3.73926       -0.00182      
3.74414       -0.00181      
3.74903       -0.00180      
3.75391       -0.00179      
3.75880       -0.00178      
3.76369       -0.00178      
3.76857       -0.00177      
3.77346       -0.00176      
3.77835       -0.00175      
3.78323       -0.00174      
3.78812       -0.00174      
3.79301       -0.00173      
3.79789       -0.00172      
3.80278       -0.00171      
3.80767       -0.00171      
3.81255       -0.00170      
3.81744       -0.00169      
3.82233       -0.00168      
3.82721       -0.00167      
3.83210       -0.00167      
3.83699       -0.00166      
3.84187       -0.00165      
3.84676       -0.00165      
3.85165       -0.00164      
3.85653       -0.00163      
3.86142       -0.00162      
3.86631       -0.00162      
3.87119       -0.00161      
3.87608       -0.00160      
3.88097       -0.00159      
3.88585       -0.00159      
3.89074       -0.00158      
3.89563       -0.00157      
3.90051       -0.00157      
3.90540       -0.00156      
3.91029       -0.00155      
3.91517       -0.00155      
3.92006       -0.00154      
3.92495       -0.00153      
3.92983       -0.00153      
3.93472       -0.00152      
3.93961       -0.00151      
3.94449       -0.00151      
3.94938       -0.00150      
3.95427       -0.00149      
3.95915       -0.00149      
3.96404       -0.00148      
3.96893       -0.00147      
3.97381       -0.00147      
3.97870       -0.00146      
3.98359       -0.00146      
3.98847       -0.00145      
3.99336       -0.00144      
3.99825       -0.00144      
4.00313       -0.00143      
4.00802       -0.00142      
4.01291       -0.00142      
4.01779       -0.00141      
4.02268       -0.00141      
4.02757       -0.00140      
4.03245       -0.00139      
4.03734       -0.00139      
4.04222       -0.00138      
4.04711       -0.00138      
4.05200       -0.00137      
4.05688       -0.00136      
4.06177       -0.00136      
4.06666       -0.00135      
4.07154       -0.00135      
4.07643       -0.00134      
4.08132       -0.00134      
4.08620       -0.00133      
4.09109       -0.00132      
4.09598       -0.00132      
4.10086       -0.00131      
4.10575       -0.00131      
4.11064       -0.00130      
4.11552       -0.00130      
4.12041       -0.00129      
4.12530       -0.00129      
4.13018       -0.00128      
4.13507       -0.00128      
4.13996       -0.00127      
4.14484       -0.00127      
4.14973       -0.00126      
4.15462       -0.00125      
4.15950       -0.00125      
4.16439       -0.00124      
4.16928       -0.00124      
4.17416       -0.00123      
4.17905       -0.00123      
4.18394       -0.00122      
4.18882       -0.00122      
4.19371       -0.00121      
4.19860       -0.00121      
4.20348       -0.00120      
4.20837       -0.00120      
4.21326       -0.00119      
4.21814       -0.00119      
4.22303       -0.00118      
4.22792       -0.00118      
4.23280       -0.00117      
4.23769       -0.00117      
4.24258       -0.00117      
4.24746       -0.00116      
4.25235       -0.00116      
4.25724       -0.00115      
4.26212       -0.00115      
4.26701       -0.00114      
4.27190       -0.00114      
4.27678       -0.00113      
4.28167       -0.00113      
4.28656       -0.00112      
4.29144       -0.00112      
4.29633       -0.00111      
4.30122       -0.00111      
4.30610       -0.00111      
4.31099       -0.00110      
4.31587       -0.00110      
4.32076       -0.00109      
4.32565       -0.00109      
4.33053       -0.00108      
4.33542       -0.00108      
4.34031       -0.00107      
4.34519       -0.00107      
4.35008       -0.00107      
4.35497       -0.00106      
4.35985       -0.00106      
4.36474       -0.00105      
4.36963       -0.00105      
4.37451       -0.00105      
4.37940       -0.00104      
4.38429       -0.00104      
4.38917       -0.00103      
4.39406       -0.00103      
4.39895       -0.00102      
4.40383       -0.00102      
4.40872       -0.00102      
4.41361       -0.00101      
4.41849       -0.00101      
4.42338       -0.00100      
4.42827       -0.00100      
4.43315       -0.00100      
4.43804       -0.00099      
4.44293       -0.00099      
4.44781       -0.00099      
4.45270       -0.00098      
4.45759       -0.00098      
4.46247       -0.00097      
4.46736       -0.00097      
4.47225       -0.00097      
4.47713       -0.00096      
4.48202       -0.00096      
4.48691       -0.00095      
4.49179       -0.00095      
4.49668       -0.00095      
4.50157       -0.00094      
4.50645       -0.00094      
4.51134       -0.00094      
4.51623       -0.00093      
4.52111       -0.00093      
4.52600       -0.00093      
4.53089       -0.00092      
4.53577       -0.00092      
4.54066       -0.00092      
4.54555       -0.00091      
4.55043       -0.00091      
4.55532       -0.00090      
4.56021       -0.00090      
4.56509       -0.00090      
4.56998       -0.00089      
4.57487       -0.00089      
4.57975       -0.00089      
4.58464       -0.00088      
4.58952       -0.00088      
4.59441       -0.00088      
4.59930       -0.00087      
4.60418       -0.00087      
4.60907       -0.00087      
4.61396       -0.00086      
4.61884       -0.00086      
4.62373       -0.00086      
4.62862       -0.00085      
4.63350       -0.00085      
4.63839       -0.00085      
4.64328       -0.00084      
4.64816       -0.00084      
4.65305       -0.00084      
4.65794       -0.00084      
4.66282       -0.00083      
4.66771       -0.00083      
4.67260       -0.00083      
4.67748       -0.00082      
4.68237       -0.00082      
4.68726       -0.00082      
4.69214       -0.00081      
4.69703       -0.00081      
4.70192       -0.00081      
4.70680       -0.00080      
4.71169       -0.00080      
4.71658       -0.00080      
4.72146       -0.00080      
4.72635       -0.00079      
4.73124       -0.00079      
4.73612       -0.00079      
4.74101       -0.00078      
4.74590       -0.00078      
4.75078       -0.00078      
4.75567       -0.00078      
4.76056       -0.00077      
4.76544       -0.00077      
4.77033       -0.00077      
4.77522       -0.00076      
4.78010       -0.00076      
4.78499       -0.00076      
4.78988       -0.00076      
4.79476       -0.00075      
4.79965       -0.00075      
4.80454       -0.00075      
4.80942       -0.00074      
4.81431       -0.00074      
4.81920       -0.00074      
4.82408       -0.00074      
4.82897       -0.00073      
4.83386       -0.00073      
4.83874       -0.00073      
4.84363       -0.00073      
4.84852       -0.00072      
4.85340       -0.00072      
4.85829       -0.00072      
4.86317       -0.00072      
4.86806       -0.00071      
4.87295       -0.00071      
4.87783       -0.00071      
4.88272       -0.00071      
4.88761       -0.00070      
4.89249       -0.00070      
4.89738       -0.00070      
4.90227       -0.00070      
4.90715       -0.00069      
4.91204       -0.00069      
4.91693       -0.00069      
4.92181       -0.00069      
4.92670       -0.00068      
4.93159       -0.00068      
4.93647       -0.00068      
4.94136       -0.00068      
4.94625       -0.00067      
4.95113       -0.00067      
4.95602       -0.00067      
4.96091       -0.00067      
4.96579       -0.00066      
4.97068       -0.00066      
4.97557       -0.00066      
4.98045       -0.00066      
4.98534       -0.00065      
4.99023       -0.00065      
4.99511       -0.00065      
5.00000       -0.00065      
