0.00100       1000000000006650740080640.00000
0.00589       577588570142713.12500
0.01077       409124583210.41595
0.01566       4597878231.15858
0.02055       176670094.50951
0.02543       13652780.86919
0.03032       1656963.61207 
0.03521       275788.02712  
0.04009       57975.62434   
0.04498       14587.38024   
0.04987       4233.41968    
0.05475       1379.74289    
0.05964       494.78695     
0.06453       191.80839     
0.06941       78.89798      
0.07430       33.47106      
0.07919       13.76888      
0.08407       4.79989       
0.08896       0.17298       
0.09385       -2.09765      
0.09873       -3.31176      
0.10362       -3.70458      
0.10851       -3.84227      
0.11339       -3.74035      
0.11828       -3.63357      
0.12317       -3.37164      
0.12805       -3.14045      
0.13294       -2.94223      
0.13783       -3.04522      
0.14271       -2.88186      
0.14760       -3.42796      
0.15248       -3.65182      
0.15737       -4.42443      
0.16226       -5.31115      
0.16714       -6.12755      
0.17203       -7.16927      
0.17692       -7.98427      
0.18180       -8.57737      
0.18669       -9.02614      
0.19158       -9.23549      
0.19646       -9.35326      
0.20135       -9.48031      
0.20624       -9.35137      
0.21112       -9.04520      
0.21601       -8.88684      
0.22090       -8.63502      
0.22578       -8.28065      
0.23067       -7.93074      
0.23556       -7.52549      
0.24044       -7.37532      
0.24533       -6.88529      
0.25022       -6.65527      
0.25510       -6.49104      
0.25999       -6.19717      
0.26488       -5.85199      
0.26976       -5.61005      
0.27465       -5.36129      
0.27954       -4.99529      
0.28442       -4.71574      
0.28931       -4.32937      
0.29420       -3.91207      
0.29908       -3.60699      
0.30397       -3.35217      
0.30886       -2.99299      
0.31374       -2.63545      
0.31863       -2.41249      
0.32352       -2.18389      
0.32840       -1.92382      
0.33329       -1.69272      
0.33818       -1.46525      
0.34306       -1.23856      
0.34795       -0.99993      
0.35284       -0.68183      
0.35772       -0.36674      
0.36261       -0.19601      
0.36750       -0.12488      
0.37238       0.02592       
0.37727       0.24703       
0.38216       0.30206       
0.38704       0.21372       
0.39193       0.34291       
0.39682       0.48669       
0.40170       0.36931       
0.40659       0.17455       
0.41148       0.24999       
0.41636       0.20741       
0.42125       0.05704       
0.42613       -0.06032      
0.43102       -0.11040      
0.43591       -0.15994      
0.44079       -0.28078      
0.44568       -0.35661      
0.45057       -0.36009      
0.45545       -0.44863      
0.46034       -0.55769      
0.46523       -0.56697      
0.47011       -0.55818      
0.47500       -0.59375      
0.47989       -0.60196      
0.48477       -0.65924      
0.48966       -0.79964      
0.49455       -0.78153      
0.49943       -0.65984      
0.50432       -0.79422      
0.50921       -0.89268      
0.51409       -0.78701      
0.51898       -0.83093      
0.52387       -0.87929      
0.52875       -0.78050      
0.53364       -0.75117      
0.53853       -0.84253      
0.54341       -0.86782      
0.54830       -0.79357      
0.55319       -0.75673      
0.55807       -0.78770      
0.56296       -0.82579      
0.56785       -0.82623      
0.57273       -0.78183      
0.57762       -0.75692      
0.58251       -0.74386      
0.58739       -0.70985      
0.59228       -0.67671      
0.59717       -0.67206      
0.60205       -0.71071      
0.60694       -0.70830      
0.61183       -0.63931      
0.61671       -0.57835      
0.62160       -0.56443      
0.62649       -0.54436      
0.63137       -0.50831      
0.63626       -0.50153      
0.64115       -0.47885      
0.64603       -0.39228      
0.65092       -0.34122      
0.65581       -0.44920      
0.66069       -0.46931      
0.66558       -0.37399      
0.67047       -0.26490      
0.67535       -0.25700      
0.68024       -0.28459      
0.68513       -0.27823      
0.69001       -0.23696      
0.69490       -0.19931      
0.69978       -0.16332      
0.70467       -0.14040      
0.70956       -0.18707      
0.71444       -0.14457      
0.71933       -0.09971      
0.72422       -0.15648      
0.72910       -0.10841      
0.73399       -0.10654      
0.73888       -0.08490      
0.74376       -0.05150      
0.74865       -0.12905      
0.75354       -0.16505      
0.75842       -0.09156      
0.76331       -0.08342      
0.76820       -0.12648      
0.77308       -0.08260      
0.77797       -0.03899      
0.78286       -0.14682      
0.78774       -0.20564      
0.79263       -0.14219      
0.79752       -0.10444      
0.80240       -0.11559      
0.80729       -0.15700      
0.81218       -0.19092      
0.81706       -0.17091      
0.82195       -0.18333      
0.82684       -0.25051      
0.83172       -0.29489      
0.83661       -0.28245      
0.84150       -0.25258      
0.84638       -0.27516      
0.85127       -0.33215      
0.85616       -0.34718      
0.86104       -0.29215      
0.86593       -0.27637      
0.87082       -0.34390      
0.87570       -0.32211      
0.88059       -0.34614      
0.88548       -0.40593      
0.89036       -0.30929      
0.89525       -0.27588      
0.90014       -0.37206      
0.90502       -0.34027      
0.90991       -0.35337      
0.91480       -0.40038      
0.91968       -0.36949      
0.92457       -0.30944      
0.92946       -0.31910      
0.93434       -0.33743      
0.93923       -0.36733      
0.94412       -0.45918      
0.94900       -0.27412      
0.95389       -0.24178      
0.95878       -0.29497      
0.96366       -0.33425      
0.96855       -0.30553      
0.97343       -0.25616      
0.97832       -0.27150      
0.98321       -0.28082      
0.98809       -0.22305      
0.99298       -0.30052      
0.99787       -0.35335      
1.00275       -0.27295      
1.00764       -0.26768      
1.01253       -0.24670      
1.01741       -0.23317      
1.02230       -0.24867      
1.02719       -0.25265      
1.03207       -0.22086      
1.03696       -0.20112      
1.04185       -0.26158      
1.04673       -0.30298      
1.05162       -0.21907      
1.05651       -0.14613      
1.06139       -0.17250      
1.06628       -0.23158      
1.07117       -0.27043      
1.07605       -0.24838      
1.08094       -0.17362      
1.08583       -0.16544      
1.09071       -0.25918      
1.09560       -0.22962      
1.10049       -0.14748      
1.10537       -0.21307      
1.11026       -0.29143      
1.11515       -0.25836      
1.12003       -0.19529      
1.12492       -0.16729      
1.12981       -0.14502      
1.13469       -0.21792      
1.13958       -0.35803      
1.14447       -0.19108      
1.14935       -0.12330      
1.15424       -0.26333      
1.15913       -0.24062      
1.16401       -0.13577      
1.16890       -0.16540      
1.17379       -0.23771      
1.17867       -0.24765      
1.18356       -0.24625      
1.18845       -0.21292      
1.19333       -0.16998      
1.19822       -0.28201      
1.20311       -0.31196      
1.20799       -0.25669      
1.21288       -0.18003      
1.21777       -0.20953      
1.22265       -0.17315      
1.22754       -0.26759      
1.23243       -0.41230      
1.23731       -0.22849      
1.24220       -0.12703      
1.24709       -0.21329      
1.25197       -0.23571      
1.25686       -0.15720      
1.26174       -0.15062      
1.26663       -0.22530      
1.27152       -0.18627      
1.27640       -0.11720      
1.28129       -0.18030      
1.28618       -0.23711      
1.29106       -0.20258      
1.29595       -0.13610      
1.30084       -0.13425      
1.30572       -0.16068      
1.31061       -0.17894      
1.31550       -0.18492      
1.32038       -0.16991      
1.32527       -0.14464      
1.33016       -0.13540      
1.33504       -0.15046      
1.33993       -0.18480      
1.34482       -0.19573      
1.34970       -0.18686      
1.35459       -0.19174      
1.35948       -0.13346      
1.36436       -0.10415      
1.36925       -0.13951      
1.37414       -0.15495      
1.37902       -0.14890      
1.38391       -0.15226      
1.38880       -0.11425      
1.39368       -0.05138      
1.39857       -0.08555      
1.40346       -0.14543      
1.40834       -0.12008      
1.41323       -0.06430      
1.41812       -0.01945      
1.42300       0.00853       
1.42789       -0.01449      
1.43278       -0.07989      
1.43766       -0.10888      
1.44255       -0.06819      
1.44744       -0.00017      
1.45232       0.00993       
1.45721       -0.03553      
1.46210       -0.10428      
1.46698       -0.11879      
1.47187       -0.05765      
1.47676       -0.00367      
1.48164       -0.02261      
1.48653       -0.09239      
1.49142       -0.10869      
1.49630       -0.05628      
1.50119       -0.02781      
1.50608       -0.02752      
1.51096       -0.02722      
1.51585       -0.02693      
1.52074       -0.02665      
1.52562       -0.02637      
1.53051       -0.02609      
1.53539       -0.02581      
1.54028       -0.02554      
1.54517       -0.02528      
1.55005       -0.02502      
1.55494       -0.02476      
1.55983       -0.02450      
1.56471       -0.02425      
1.56960       -0.02400      
1.57449       -0.02375      
1.57937       -0.02351      
1.58426       -0.02327      
1.58915       -0.02303      
1.59403       -0.02280      
1.59892       -0.02257      
1.60381       -0.02234      
1.60869       -0.02212      
1.61358       -0.02190      
1.61847       -0.02168      
1.62335       -0.02147      
1.62824       -0.02125      
1.63313       -0.02104      
1.63801       -0.02084      
1.64290       -0.02063      
1.64779       -0.02043      
1.65267       -0.02023      
1.65756       -0.02003      
1.66245       -0.01984      
1.66733       -0.01965      
1.67222       -0.01946      
1.67711       -0.01927      
1.68199       -0.01909      
1.68688       -0.01890      
1.69177       -0.01872      
1.69665       -0.01854      
1.70154       -0.01837      
1.70643       -0.01819      
1.71131       -0.01802      
1.71620       -0.01785      
1.72109       -0.01769      
1.72597       -0.01752      
1.73086       -0.01736      
1.73575       -0.01720      
1.74063       -0.01704      
1.74552       -0.01688      
1.75041       -0.01672      
1.75529       -0.01657      
1.76018       -0.01642      
1.76507       -0.01627      
1.76995       -0.01612      
1.77484       -0.01597      
1.77973       -0.01583      
1.78461       -0.01568      
1.78950       -0.01554      
1.79439       -0.01540      
1.79927       -0.01526      
1.80416       -0.01513      
1.80904       -0.01499      
1.81393       -0.01486      
1.81882       -0.01473      
1.82370       -0.01459      
1.82859       -0.01447      
1.83348       -0.01434      
1.83836       -0.01421      
1.84325       -0.01409      
1.84814       -0.01396      
1.85302       -0.01384      
1.85791       -0.01372      
1.86280       -0.01360      
1.86768       -0.01348      
1.87257       -0.01337      
1.87746       -0.01325      
1.88234       -0.01314      
1.88723       -0.01303      
1.89212       -0.01291      
1.89700       -0.01280      
1.90189       -0.01270      
1.90678       -0.01259      
1.91166       -0.01248      
1.91655       -0.01238      
1.92144       -0.01227      
1.92632       -0.01217      
1.93121       -0.01207      
1.93610       -0.01196      
1.94098       -0.01186      
1.94587       -0.01177      
1.95076       -0.01167      
1.95564       -0.01157      
1.96053       -0.01148      
1.96542       -0.01138      
1.97030       -0.01129      
1.97519       -0.01119      
1.98008       -0.01110      
1.98496       -0.01101      
1.98985       -0.01092      
1.99474       -0.01083      
1.99962       -0.01075      
2.00451       -0.01066      
2.00940       -0.01057      
2.01428       -0.01049      
2.01917       -0.01040      
2.02406       -0.01032      
2.02894       -0.01024      
2.03383       -0.01016      
2.03872       -0.01007      
2.04360       -0.00999      
2.04849       -0.00992      
2.05338       -0.00984      
2.05826       -0.00976      
2.06315       -0.00968      
2.06804       -0.00961      
2.07292       -0.00953      
2.07781       -0.00946      
2.08270       -0.00938      
2.08758       -0.00931      
2.09247       -0.00924      
2.09735       -0.00917      
2.10224       -0.00909      
2.10713       -0.00902      
2.11201       -0.00896      
2.11690       -0.00889      
2.12179       -0.00882      
2.12667       -0.00875      
2.13156       -0.00868      
2.13645       -0.00862      
2.14133       -0.00855      
2.14622       -0.00849      
2.15111       -0.00842      
2.15599       -0.00836      
2.16088       -0.00830      
2.16577       -0.00823      
2.17065       -0.00817      
2.17554       -0.00811      
2.18043       -0.00805      
2.18531       -0.00799      
2.19020       -0.00793      
2.19509       -0.00787      
2.19997       -0.00781      
2.20486       -0.00776      
2.20975       -0.00770      
2.21463       -0.00764      
2.21952       -0.00759      
2.22441       -0.00753      
2.22929       -0.00748      
2.23418       -0.00742      
2.23907       -0.00737      
2.24395       -0.00731      
2.24884       -0.00726      
2.25373       -0.00721      
2.25861       -0.00716      
2.26350       -0.00710      
2.26839       -0.00705      
2.27327       -0.00700      
2.27816       -0.00695      
2.28305       -0.00690      
2.28793       -0.00685      
2.29282       -0.00680      
2.29771       -0.00676      
2.30259       -0.00671      
2.30748       -0.00666      
2.31237       -0.00661      
2.31725       -0.00657      
2.32214       -0.00652      
2.32703       -0.00647      
2.33191       -0.00643      
2.33680       -0.00638      
2.34169       -0.00634      
2.34657       -0.00630      
2.35146       -0.00625      
2.35635       -0.00621      
2.36123       -0.00617      
2.36612       -0.00612      
2.37100       -0.00608      
2.37589       -0.00604      
2.38078       -0.00600      
2.38566       -0.00596      
2.39055       -0.00591      
2.39544       -0.00587      
2.40032       -0.00583      
2.40521       -0.00579      
2.41010       -0.00576      
2.41498       -0.00572      
2.41987       -0.00568      
2.42476       -0.00564      
2.42964       -0.00560      
2.43453       -0.00556      
2.43942       -0.00553      
2.44430       -0.00549      
2.44919       -0.00545      
2.45408       -0.00542      
2.45896       -0.00538      
2.46385       -0.00534      
2.46874       -0.00531      
2.47362       -0.00527      
2.47851       -0.00524      
2.48340       -0.00520      
2.48828       -0.00517      
2.49317       -0.00513      
2.49806       -0.00510      
2.50294       -0.00507      
2.50783       -0.00503      
2.51272       -0.00500      
2.51760       -0.00497      
2.52249       -0.00494      
2.52738       -0.00490      
2.53226       -0.00487      
2.53715       -0.00484      
2.54204       -0.00481      
2.54692       -0.00478      
2.55181       -0.00475      
2.55670       -0.00472      
2.56158       -0.00469      
2.56647       -0.00466      
2.57136       -0.00463      
2.57624       -0.00460      
2.58113       -0.00457      
2.58602       -0.00454      
2.59090       -0.00451      
2.59579       -0.00448      
2.60068       -0.00445      
2.60556       -0.00442      
2.61045       -0.00440      
2.61534       -0.00437      
2.62022       -0.00434      
2.62511       -0.00431      
2.63000       -0.00429      
2.63488       -0.00426      
2.63977       -0.00423      
2.64465       -0.00421      
2.64954       -0.00418      
2.65443       -0.00416      
2.65931       -0.00413      
2.66420       -0.00410      
2.66909       -0.00408      
2.67397       -0.00405      
2.67886       -0.00403      
2.68375       -0.00400      
2.68863       -0.00398      
2.69352       -0.00395      
2.69841       -0.00393      
2.70329       -0.00391      
2.70818       -0.00388      
2.71307       -0.00386      
2.71795       -0.00384      
2.72284       -0.00381      
2.72773       -0.00379      
2.73261       -0.00377      
2.73750       -0.00374      
2.74239       -0.00372      
2.74727       -0.00370      
2.75216       -0.00368      
2.75705       -0.00365      
2.76193       -0.00363      
2.76682       -0.00361      
2.77171       -0.00359      
2.77659       -0.00357      
2.78148       -0.00355      
2.78637       -0.00353      
2.79125       -0.00350      
2.79614       -0.00348      
2.80103       -0.00346      
2.80591       -0.00344      
2.81080       -0.00342      
2.81569       -0.00340      
2.82057       -0.00338      
2.82546       -0.00336      
2.83035       -0.00334      
2.83523       -0.00332      
2.84012       -0.00330      
2.84501       -0.00328      
2.84989       -0.00327      
2.85478       -0.00325      
2.85967       -0.00323      
2.86455       -0.00321      
2.86944       -0.00319      
2.87433       -0.00317      
2.87921       -0.00315      
2.88410       -0.00314      
2.88899       -0.00312      
2.89387       -0.00310      
2.89876       -0.00308      
2.90365       -0.00306      
2.90853       -0.00305      
2.91342       -0.00303      
2.91830       -0.00301      
2.92319       -0.00299      
2.92808       -0.00298      
2.93296       -0.00296      
2.93785       -0.00294      
2.94274       -0.00293      
2.94762       -0.00291      
2.95251       -0.00289      
2.95740       -0.00288      
2.96228       -0.00286      
2.96717       -0.00285      
2.97206       -0.00283      
2.97694       -0.00281      
2.98183       -0.00280      
2.98672       -0.00278      
2.99160       -0.00277      
2.99649       -0.00275      
3.00138       -0.00274      
3.00626       -0.00272      
3.01115       -0.00271      
3.01604       -0.00269      
3.02092       -0.00268      
3.02581       -0.00266      
3.03070       -0.00265      
3.03558       -0.00263      
3.04047       -0.00262      
3.04536       -0.00260      
3.05024       -0.00259      
3.05513       -0.00258      
3.06002       -0.00256      
3.06490       -0.00255      
3.06979       -0.00253      
3.07468       -0.00252      
3.07956       -0.00251      
3.08445       -0.00249      
3.08934       -0.00248      
3.09422       -0.00247      
3.09911       -0.00245      
3.10400       -0.00244      
3.10888       -0.00243      
3.11377       -0.00241      
3.11866       -0.00240      
3.12354       -0.00239      
3.12843       -0.00237      
3.13332       -0.00236      
3.13820       -0.00235      
3.14309       -0.00234      
3.14798       -0.00232      
3.15286       -0.00231      
3.15775       -0.00230      
3.16264       -0.00229      
3.16752       -0.00228      
3.17241       -0.00226      
3.17730       -0.00225      
3.18218       -0.00224      
3.18707       -0.00223      
3.19196       -0.00222      
3.19684       -0.00220      
3.20173       -0.00219      
3.20661       -0.00218      
3.21150       -0.00217      
3.21639       -0.00216      
3.22127       -0.00215      
3.22616       -0.00214      
3.23105       -0.00213      
3.23593       -0.00211      
3.24082       -0.00210      
3.24571       -0.00209      
3.25059       -0.00208      
3.25548       -0.00207      
3.26037       -0.00206      
3.26525       -0.00205      
3.27014       -0.00204      
3.27503       -0.00203      
3.27991       -0.00202      
3.28480       -0.00201      
3.28969       -0.00200      
3.29457       -0.00199      
3.29946       -0.00198      
3.30435       -0.00197      
3.30923       -0.00196      
3.31412       -0.00195      
3.31901       -0.00194      
3.32389       -0.00193      
3.32878       -0.00192      
3.33367       -0.00191      
3.33855       -0.00190      
3.34344       -0.00189      
3.34833       -0.00188      
3.35321       -0.00187      
3.35810       -0.00186      
3.36299       -0.00185      
3.36787       -0.00184      
3.37276       -0.00183      
3.37765       -0.00182      
3.38253       -0.00182      
3.38742       -0.00181      
3.39231       -0.00180      
3.39719       -0.00179      
3.40208       -0.00178      
3.40697       -0.00177      
3.41185       -0.00176      
3.41674       -0.00175      
3.42163       -0.00174      
3.42651       -0.00174      
3.43140       -0.00173      
3.43629       -0.00172      
3.44117       -0.00171      
3.44606       -0.00170      
3.45095       -0.00169      
3.45583       -0.00169      
3.46072       -0.00168      
3.46561       -0.00167      
3.47049       -0.00166      
3.47538       -0.00165      
3.48026       -0.00164      
3.48515       -0.00164      
3.49004       -0.00163      
3.49492       -0.00162      
3.49981       -0.00161      
3.50470       -0.00161      
3.50958       -0.00160      
3.51447       -0.00159      
3.51936       -0.00158      
3.52424       -0.00157      
3.52913       -0.00157      
3.53402       -0.00156      
3.53890       -0.00155      
3.54379       -0.00154      
3.54868       -0.00154      
3.55356       -0.00153      
3.55845       -0.00152      
3.56334       -0.00152      
3.56822       -0.00151      
3.57311       -0.00150      
3.57800       -0.00149      
3.58288       -0.00149      
3.58777       -0.00148      
3.59266       -0.00147      
3.59754       -0.00147      
3.60243       -0.00146      
3.60732       -0.00145      
3.61220       -0.00145      
3.61709       -0.00144      
3.62198       -0.00143      
3.62686       -0.00143      
3.63175       -0.00142      
3.63664       -0.00141      
3.64152       -0.00141      
3.64641       -0.00140      
3.65130       -0.00139      
3.65618       -0.00139      
3.66107       -0.00138      
3.66596       -0.00137      
3.67084       -0.00137      
3.67573       -0.00136      
3.68062       -0.00135      
3.68550       -0.00135      
3.69039       -0.00134      
3.69528       -0.00134      
3.70016       -0.00133      
3.70505       -0.00132      
3.70994       -0.00132      
3.71482       -0.00131      
3.71971       -0.00131      
3.72460       -0.00130      
3.72948       -0.00129      
3.73437       -0.00129      
3.73926       -0.00128      
3.74414       -0.00128      
3.74903       -0.00127      
3.75391       -0.00126      
3.75880       -0.00126      
3.76369       -0.00125      
3.76857       -0.00125      
3.77346       -0.00124      
3.77835       -0.00124      
3.78323       -0.00123      
3.78812       -0.00122      
3.79301       -0.00122      
3.79789       -0.00121      
3.80278       -0.00121      
3.80767       -0.00120      
3.81255       -0.00120      
3.81744       -0.00119      
3.82233       -0.00119      
3.82721       -0.00118      
3.83210       -0.00118      
3.83699       -0.00117      
3.84187       -0.00117      
3.84676       -0.00116      
3.85165       -0.00116      
3.85653       -0.00115      
3.86142       -0.00115      
3.86631       -0.00114      
3.87119       -0.00114      
3.87608       -0.00113      
3.88097       -0.00113      
3.88585       -0.00112      
3.89074       -0.00112      
3.89563       -0.00111      
3.90051       -0.00111      
3.90540       -0.00110      
3.91029       -0.00110      
3.91517       -0.00109      
3.92006       -0.00109      
3.92495       -0.00108      
3.92983       -0.00108      
3.93472       -0.00107      
3.93961       -0.00107      
3.94449       -0.00106      
3.94938       -0.00106      
3.95427       -0.00105      
3.95915       -0.00105      
3.96404       -0.00104      
3.96893       -0.00104      
3.97381       -0.00104      
3.97870       -0.00103      
3.98359       -0.00103      
3.98847       -0.00102      
3.99336       -0.00102      
3.99825       -0.00101      
4.00313       -0.00101      
4.00802       -0.00101      
4.01291       -0.00100      
4.01779       -0.00100      
4.02268       -0.00099      
4.02757       -0.00099      
4.03245       -0.00098      
4.03734       -0.00098      
4.04222       -0.00098      
4.04711       -0.00097      
4.05200       -0.00097      
4.05688       -0.00096      
4.06177       -0.00096      
4.06666       -0.00095      
4.07154       -0.00095      
4.07643       -0.00095      
4.08132       -0.00094      
4.08620       -0.00094      
4.09109       -0.00094      
4.09598       -0.00093      
4.10086       -0.00093      
4.10575       -0.00092      
4.11064       -0.00092      
4.11552       -0.00092      
4.12041       -0.00091      
4.12530       -0.00091      
4.13018       -0.00090      
4.13507       -0.00090      
4.13996       -0.00090      
4.14484       -0.00089      
4.14973       -0.00089      
4.15462       -0.00089      
4.15950       -0.00088      
4.16439       -0.00088      
4.16928       -0.00087      
4.17416       -0.00087      
4.17905       -0.00087      
4.18394       -0.00086      
4.18882       -0.00086      
4.19371       -0.00086      
4.19860       -0.00085      
4.20348       -0.00085      
4.20837       -0.00085      
4.21326       -0.00084      
4.21814       -0.00084      
4.22303       -0.00084      
4.22792       -0.00083      
4.23280       -0.00083      
4.23769       -0.00083      
4.24258       -0.00082      
4.24746       -0.00082      
4.25235       -0.00082      
4.25724       -0.00081      
4.26212       -0.00081      
4.26701       -0.00081      
4.27190       -0.00080      
4.27678       -0.00080      
4.28167       -0.00080      
4.28656       -0.00079      
4.29144       -0.00079      
4.29633       -0.00079      
4.30122       -0.00078      
4.30610       -0.00078      
4.31099       -0.00078      
4.31587       -0.00077      
4.32076       -0.00077      
4.32565       -0.00077      
4.33053       -0.00076      
4.33542       -0.00076      
4.34031       -0.00076      
4.34519       -0.00076      
4.35008       -0.00075      
4.35497       -0.00075      
4.35985       -0.00075      
4.36474       -0.00074      
4.36963       -0.00074      
4.37451       -0.00074      
4.37940       -0.00073      
4.38429       -0.00073      
4.38917       -0.00073      
4.39406       -0.00073      
4.39895       -0.00072      
4.40383       -0.00072      
4.40872       -0.00072      
4.41361       -0.00071      
4.41849       -0.00071      
4.42338       -0.00071      
4.42827       -0.00071      
4.43315       -0.00070      
4.43804       -0.00070      
4.44293       -0.00070      
4.44781       -0.00070      
4.45270       -0.00069      
4.45759       -0.00069      
4.46247       -0.00069      
4.46736       -0.00068      
4.47225       -0.00068      
4.47713       -0.00068      
4.48202       -0.00068      
4.48691       -0.00067      
4.49179       -0.00067      
4.49668       -0.00067      
4.50157       -0.00067      
4.50645       -0.00066      
4.51134       -0.00066      
4.51623       -0.00066      
4.52111       -0.00066      
4.52600       -0.00065      
4.53089       -0.00065      
4.53577       -0.00065      
4.54066       -0.00065      
4.54555       -0.00064      
4.55043       -0.00064      
4.55532       -0.00064      
4.56021       -0.00064      
4.56509       -0.00063      
4.56998       -0.00063      
4.57487       -0.00063      
4.57975       -0.00063      
4.58464       -0.00062      
4.58952       -0.00062      
4.59441       -0.00062      
4.59930       -0.00062      
4.60418       -0.00061      
4.60907       -0.00061      
4.61396       -0.00061      
4.61884       -0.00061      
4.62373       -0.00061      
4.62862       -0.00060      
4.63350       -0.00060      
4.63839       -0.00060      
4.64328       -0.00060      
4.64816       -0.00059      
4.65305       -0.00059      
4.65794       -0.00059      
4.66282       -0.00059      
4.66771       -0.00059      
4.67260       -0.00058      
4.67748       -0.00058      
4.68237       -0.00058      
4.68726       -0.00058      
4.69214       -0.00057      
4.69703       -0.00057      
4.70192       -0.00057      
4.70680       -0.00057      
4.71169       -0.00057      
4.71658       -0.00056      
4.72146       -0.00056      
4.72635       -0.00056      
4.73124       -0.00056      
4.73612       -0.00056      
4.74101       -0.00055      
4.74590       -0.00055      
4.75078       -0.00055      
4.75567       -0.00055      
4.76056       -0.00055      
4.76544       -0.00054      
4.77033       -0.00054      
4.77522       -0.00054      
4.78010       -0.00054      
4.78499       -0.00054      
4.78988       -0.00053      
4.79476       -0.00053      
4.79965       -0.00053      
4.80454       -0.00053      
4.80942       -0.00053      
4.81431       -0.00052      
4.81920       -0.00052      
4.82408       -0.00052      
4.82897       -0.00052      
4.83386       -0.00052      
4.83874       -0.00051      
4.84363       -0.00051      
4.84852       -0.00051      
4.85340       -0.00051      
4.85829       -0.00051      
4.86317       -0.00051      
4.86806       -0.00050      
4.87295       -0.00050      
4.87783       -0.00050      
4.88272       -0.00050      
4.88761       -0.00050      
4.89249       -0.00049      
4.89738       -0.00049      
4.90227       -0.00049      
4.90715       -0.00049      
4.91204       -0.00049      
4.91693       -0.00049      
4.92181       -0.00048      
4.92670       -0.00048      
4.93159       -0.00048      
4.93647       -0.00048      
4.94136       -0.00048      
4.94625       -0.00048      
4.95113       -0.00047      
4.95602       -0.00047      
4.96091       -0.00047      
4.96579       -0.00047      
4.97068       -0.00047      
4.97557       -0.00047      
4.98045       -0.00046      
4.98534       -0.00046      
4.99023       -0.00046      
4.99511       -0.00046      
5.00000       -0.00046      
