0.00100       1000000000006650740080640.00000
0.00589       577588570142785.25000
0.01077       409124583286.22968
0.01566       4597878310.42192
0.02055       176670176.85067
0.02543       13652865.67138
0.03032       1657050.98935 
0.03521       275877.67285  
0.04009       58067.13576   
0.04498       14680.60043   
0.04987       4328.21311    
0.05475       1475.88108    
0.05964       592.11235     
0.06453       290.19759     
0.06941       174.86874     
0.07430       124.46650     
0.07919       100.15502     
0.08407       86.45309      
0.08896       77.93018      
0.09385       71.42628      
0.09873       66.01269      
0.10362       62.09616      
0.10851       58.83570      
0.11339       55.90880      
0.11828       53.21365      
0.12317       50.73942      
0.12805       48.99781      
0.13294       46.80331      
0.13783       45.13940      
0.14271       43.43814      
0.14760       41.03685      
0.15248       37.79272      
0.15737       33.00225      
0.16226       27.52824      
0.16714       22.59556      
0.17203       17.47141      
0.17692       13.41001      
0.18180       9.45537       
0.18669       6.26631       
0.19158       3.30733       
0.19646       0.66122       
0.20135       -1.68281      
0.20624       -3.71833      
0.21112       -5.46530      
0.21601       -6.91157      
0.22090       -8.06193      
0.22578       -8.99042      
0.23067       -9.62235      
0.23556       -10.09919     
0.24044       -10.39503     
0.24533       -10.53745     
0.25022       -10.54384     
0.25510       -10.25381     
0.25999       -10.07136     
0.26488       -9.87834      
0.26976       -9.41191      
0.27465       -8.99301      
0.27954       -8.74746      
0.28442       -8.32731      
0.28931       -7.97943      
0.29420       -7.66317      
0.29908       -7.37829      
0.30397       -7.04880      
0.30886       -6.83480      
0.31374       -6.42249      
0.31863       -6.14654      
0.32352       -5.83581      
0.32840       -5.45704      
0.33329       -5.13998      
0.33818       -4.89888      
0.34306       -4.50531      
0.34795       -4.20240      
0.35284       -3.95069      
0.35772       -3.48811      
0.36261       -3.22938      
0.36750       -2.99280      
0.37238       -2.66518      
0.37727       -2.40914      
0.38216       -2.20260      
0.38704       -1.95572      
0.39193       -1.69239      
0.39682       -1.52012      
0.40170       -1.21952      
0.40659       -0.91202      
0.41148       -0.77322      
0.41636       -0.43389      
0.42125       -0.30666      
0.42613       -0.22009      
0.43102       -0.10416      
0.43591       -0.06293      
0.44079       -0.14389      
0.44568       -0.19761      
0.45057       -0.09870      
0.45545       -0.08583      
0.46034       -0.23919      
0.46523       -0.15677      
0.47011       -0.17451      
0.47500       -0.22206      
0.47989       -0.23963      
0.48477       -0.25520      
0.48966       -0.29647      
0.49455       -0.25500      
0.49943       -0.24269      
0.50432       -0.29097      
0.50921       -0.24987      
0.51409       -0.29360      
0.51898       -0.42781      
0.52387       -0.31084      
0.52875       -0.34165      
0.53364       -0.35160      
0.53853       -0.39146      
0.54341       -0.41546      
0.54830       -0.33517      
0.55319       -0.40178      
0.55807       -0.37360      
0.56296       -0.33247      
0.56785       -0.34579      
0.57273       -0.38463      
0.57762       -0.38706      
0.58251       -0.42363      
0.58739       -0.41127      
0.59228       -0.32041      
0.59717       -0.38895      
0.60205       -0.37791      
0.60694       -0.32284      
0.61183       -0.33526      
0.61671       -0.34792      
0.62160       -0.33638      
0.62649       -0.21908      
0.63137       -0.07044      
0.63626       -0.27019      
0.64115       -0.38540      
0.64603       -0.03561      
0.65092       -0.25328      
0.65581       -0.19011      
0.66069       -0.13726      
0.66558       -0.10392      
0.67047       -0.12073      
0.67535       -0.12608      
0.68024       -0.01480      
0.68513       0.00043       
0.69001       -0.14748      
0.69490       0.02277       
0.69978       0.06143       
0.70467       -0.02465      
0.70956       -0.02785      
0.71444       0.05587       
0.71933       0.14558       
0.72422       0.18422       
0.72910       0.16257       
0.73399       0.14905       
0.73888       0.18057       
0.74376       0.21963       
0.74865       0.24245       
0.75354       0.25026       
0.75842       0.20547       
0.76331       0.19776       
0.76820       0.27494       
0.77308       0.28455       
0.77797       0.23744       
0.78286       0.25230       
0.78774       0.27603       
0.79263       0.27764       
0.79752       0.26344       
0.80240       0.25881       
0.80729       0.29395       
0.81218       0.23704       
0.81706       0.26488       
0.82195       0.22964       
0.82684       0.12956       
0.83172       0.21911       
0.83661       0.21109       
0.84150       0.18937       
0.84638       0.19300       
0.85127       0.17042       
0.85616       0.17910       
0.86104       0.23797       
0.86593       0.18245       
0.87082       0.23372       
0.87570       0.18007       
0.88059       0.13799       
0.88548       0.12167       
0.89036       0.11741       
0.89525       0.16132       
0.90014       0.09883       
0.90502       0.06688       
0.90991       0.09042       
0.91480       0.14449       
0.91968       0.09257       
0.92457       0.06661       
0.92946       0.14629       
0.93434       0.14765       
0.93923       0.15725       
0.94412       0.10729       
0.94900       -0.03759      
0.95389       0.06701       
0.95878       0.19612       
0.96366       0.08931       
0.96855       0.04022       
0.97343       0.14360       
0.97832       0.16155       
0.98321       0.11080       
0.98809       0.08861       
0.99298       0.15770       
0.99787       0.16222       
1.00275       0.08028       
1.00764       0.07182       
1.01253       0.09540       
1.01741       0.08566       
1.02230       0.05885       
1.02719       0.07008       
1.03207       0.13400       
1.03696       0.16499       
1.04185       0.16733       
1.04673       0.10308       
1.05162       0.08092       
1.05651       0.17496       
1.06139       0.21443       
1.06628       0.14670       
1.07117       0.13920       
1.07605       0.11357       
1.08094       0.10652       
1.08583       0.20172       
1.09071       0.14520       
1.09560       0.11297       
1.10049       0.10439       
1.10537       0.14885       
1.11026       0.17264       
1.11515       0.07487       
1.12003       0.04592       
1.12492       0.12094       
1.12981       0.09737       
1.13469       0.00857       
1.13958       0.06781       
1.14447       0.08107       
1.14935       0.06202       
1.15424       0.00460       
1.15913       0.10478       
1.16401       0.04654       
1.16890       -0.08956      
1.17379       -0.07541      
1.17867       0.01618       
1.18356       -0.03061      
1.18845       -0.06115      
1.19333       0.00402       
1.19822       0.03209       
1.20311       0.01445       
1.20799       -0.02352      
1.21288       0.00824       
1.21777       0.06050       
1.22265       0.03211       
1.22754       0.00168       
1.23243       0.00831       
1.23731       0.05587       
1.24220       0.00950       
1.24709       -0.01290      
1.25197       0.03475       
1.25686       -0.06469      
1.26174       0.01501       
1.26663       0.01536       
1.27152       -0.02841      
1.27640       -0.05956      
1.28129       -0.06769      
1.28618       0.00195       
1.29106       0.02892       
1.29595       -0.00595      
1.30084       -0.01527      
1.30572       0.03990       
1.31061       0.02165       
1.31550       -0.05756      
1.32038       -0.07314      
1.32527       0.07186       
1.33016       -0.00257      
1.33504       -0.14322      
1.33993       -0.05591      
1.34482       0.06004       
1.34970       0.01859       
1.35459       -0.00324      
1.35948       0.04985       
1.36436       0.00137       
1.36925       -0.11064      
1.37414       0.07411       
1.37902       -0.04241      
1.38391       0.04487       
1.38880       0.01422       
1.39368       0.09935       
1.39857       -0.13249      
1.40346       -0.01089      
1.40834       0.04460       
1.41323       -0.08261      
1.41812       -0.07682      
1.42300       -0.00304      
1.42789       -0.02282      
1.43278       -0.05769      
1.43766       -0.02562      
1.44255       -0.01812      
1.44744       -0.04890      
1.45232       -0.04659      
1.45721       -0.00178      
1.46210       0.00898       
1.46698       -0.02850      
1.47187       -0.00182      
1.47676       -0.01631      
1.48164       0.03142       
1.48653       0.01810       
1.49142       0.00656       
1.49630       -0.01619      
1.50119       -0.03325      
1.50608       -0.03289      
1.51096       -0.03254      
1.51585       -0.03219      
1.52074       -0.03185      
1.52562       -0.03151      
1.53051       -0.03117      
1.53539       -0.03084      
1.54028       -0.03052      
1.54517       -0.03020      
1.55005       -0.02988      
1.55494       -0.02957      
1.55983       -0.02927      
1.56471       -0.02896      
1.56960       -0.02866      
1.57449       -0.02837      
1.57937       -0.02808      
1.58426       -0.02779      
1.58915       -0.02751      
1.59403       -0.02723      
1.59892       -0.02695      
1.60381       -0.02668      
1.60869       -0.02641      
1.61358       -0.02615      
1.61847       -0.02588      
1.62335       -0.02563      
1.62824       -0.02537      
1.63313       -0.02512      
1.63801       -0.02487      
1.64290       -0.02463      
1.64779       -0.02438      
1.65267       -0.02415      
1.65756       -0.02391      
1.66245       -0.02368      
1.66733       -0.02345      
1.67222       -0.02322      
1.67711       -0.02299      
1.68199       -0.02277      
1.68688       -0.02255      
1.69177       -0.02234      
1.69665       -0.02213      
1.70154       -0.02191      
1.70643       -0.02171      
1.71131       -0.02150      
1.71620       -0.02130      
1.72109       -0.02110      
1.72597       -0.02090      
1.73086       -0.02070      
1.73575       -0.02051      
1.74063       -0.02032      
1.74552       -0.02013      
1.75041       -0.01994      
1.75529       -0.01976      
1.76018       -0.01958      
1.76507       -0.01940      
1.76995       -0.01922      
1.77484       -0.01904      
1.77973       -0.01887      
1.78461       -0.01870      
1.78950       -0.01853      
1.79439       -0.01836      
1.79927       -0.01820      
1.80416       -0.01803      
1.80904       -0.01787      
1.81393       -0.01771      
1.81882       -0.01755      
1.82370       -0.01740      
1.82859       -0.01724      
1.83348       -0.01709      
1.83836       -0.01694      
1.84325       -0.01679      
1.84814       -0.01664      
1.85302       -0.01650      
1.85791       -0.01635      
1.86280       -0.01621      
1.86768       -0.01607      
1.87257       -0.01593      
1.87746       -0.01579      
1.88234       -0.01566      
1.88723       -0.01552      
1.89212       -0.01539      
1.89700       -0.01526      
1.90189       -0.01513      
1.90678       -0.01500      
1.91166       -0.01487      
1.91655       -0.01474      
1.92144       -0.01462      
1.92632       -0.01450      
1.93121       -0.01437      
1.93610       -0.01425      
1.94098       -0.01413      
1.94587       -0.01402      
1.95076       -0.01390      
1.95564       -0.01378      
1.96053       -0.01367      
1.96542       -0.01356      
1.97030       -0.01344      
1.97519       -0.01333      
1.98008       -0.01322      
1.98496       -0.01312      
1.98985       -0.01301      
1.99474       -0.01290      
1.99962       -0.01280      
2.00451       -0.01269      
2.00940       -0.01259      
2.01428       -0.01249      
2.01917       -0.01239      
2.02406       -0.01229      
2.02894       -0.01219      
2.03383       -0.01209      
2.03872       -0.01200      
2.04360       -0.01190      
2.04849       -0.01181      
2.05338       -0.01171      
2.05826       -0.01162      
2.06315       -0.01153      
2.06804       -0.01144      
2.07292       -0.01135      
2.07781       -0.01126      
2.08270       -0.01117      
2.08758       -0.01108      
2.09247       -0.01100      
2.09735       -0.01091      
2.10224       -0.01083      
2.10713       -0.01074      
2.11201       -0.01066      
2.11690       -0.01058      
2.12179       -0.01050      
2.12667       -0.01042      
2.13156       -0.01034      
2.13645       -0.01026      
2.14133       -0.01018      
2.14622       -0.01010      
2.15111       -0.01003      
2.15599       -0.00995      
2.16088       -0.00987      
2.16577       -0.00980      
2.17065       -0.00973      
2.17554       -0.00965      
2.18043       -0.00958      
2.18531       -0.00951      
2.19020       -0.00944      
2.19509       -0.00937      
2.19997       -0.00930      
2.20486       -0.00923      
2.20975       -0.00916      
2.21463       -0.00909      
2.21952       -0.00903      
2.22441       -0.00896      
2.22929       -0.00889      
2.23418       -0.00883      
2.23907       -0.00877      
2.24395       -0.00870      
2.24884       -0.00864      
2.25373       -0.00858      
2.25861       -0.00851      
2.26350       -0.00845      
2.26839       -0.00839      
2.27327       -0.00833      
2.27816       -0.00827      
2.28305       -0.00821      
2.28793       -0.00815      
2.29282       -0.00809      
2.29771       -0.00804      
2.30259       -0.00798      
2.30748       -0.00792      
2.31237       -0.00787      
2.31725       -0.00781      
2.32214       -0.00776      
2.32703       -0.00770      
2.33191       -0.00765      
2.33680       -0.00759      
2.34169       -0.00754      
2.34657       -0.00749      
2.35146       -0.00744      
2.35635       -0.00738      
2.36123       -0.00733      
2.36612       -0.00728      
2.37100       -0.00723      
2.37589       -0.00718      
2.38078       -0.00713      
2.38566       -0.00708      
2.39055       -0.00703      
2.39544       -0.00699      
2.40032       -0.00694      
2.40521       -0.00689      
2.41010       -0.00684      
2.41498       -0.00680      
2.41987       -0.00675      
2.42476       -0.00671      
2.42964       -0.00666      
2.43453       -0.00662      
2.43942       -0.00657      
2.44430       -0.00653      
2.44919       -0.00648      
2.45408       -0.00644      
2.45896       -0.00640      
2.46385       -0.00635      
2.46874       -0.00631      
2.47362       -0.00627      
2.47851       -0.00623      
2.48340       -0.00619      
2.48828       -0.00615      
2.49317       -0.00611      
2.49806       -0.00606      
2.50294       -0.00603      
2.50783       -0.00599      
2.51272       -0.00595      
2.51760       -0.00591      
2.52249       -0.00587      
2.52738       -0.00583      
2.53226       -0.00579      
2.53715       -0.00576      
2.54204       -0.00572      
2.54692       -0.00568      
2.55181       -0.00564      
2.55670       -0.00561      
2.56158       -0.00557      
2.56647       -0.00554      
2.57136       -0.00550      
2.57624       -0.00547      
2.58113       -0.00543      
2.58602       -0.00540      
2.59090       -0.00536      
2.59579       -0.00533      
2.60068       -0.00529      
2.60556       -0.00526      
2.61045       -0.00523      
2.61534       -0.00519      
2.62022       -0.00516      
2.62511       -0.00513      
2.63000       -0.00510      
2.63488       -0.00506      
2.63977       -0.00503      
2.64465       -0.00500      
2.64954       -0.00497      
2.65443       -0.00494      
2.65931       -0.00491      
2.66420       -0.00488      
2.66909       -0.00485      
2.67397       -0.00482      
2.67886       -0.00479      
2.68375       -0.00476      
2.68863       -0.00473      
2.69352       -0.00470      
2.69841       -0.00467      
2.70329       -0.00464      
2.70818       -0.00461      
2.71307       -0.00459      
2.71795       -0.00456      
2.72284       -0.00453      
2.72773       -0.00450      
2.73261       -0.00448      
2.73750       -0.00445      
2.74239       -0.00442      
2.74727       -0.00440      
2.75216       -0.00437      
2.75705       -0.00434      
2.76193       -0.00432      
2.76682       -0.00429      
2.77171       -0.00426      
2.77659       -0.00424      
2.78148       -0.00421      
2.78637       -0.00419      
2.79125       -0.00416      
2.79614       -0.00414      
2.80103       -0.00412      
2.80591       -0.00409      
2.81080       -0.00407      
2.81569       -0.00404      
2.82057       -0.00402      
2.82546       -0.00400      
2.83035       -0.00397      
2.83523       -0.00395      
2.84012       -0.00393      
2.84501       -0.00390      
2.84989       -0.00388      
2.85478       -0.00386      
2.85967       -0.00383      
2.86455       -0.00381      
2.86944       -0.00379      
2.87433       -0.00377      
2.87921       -0.00375      
2.88410       -0.00373      
2.88899       -0.00370      
2.89387       -0.00368      
2.89876       -0.00366      
2.90365       -0.00364      
2.90853       -0.00362      
2.91342       -0.00360      
2.91830       -0.00358      
2.92319       -0.00356      
2.92808       -0.00354      
2.93296       -0.00352      
2.93785       -0.00350      
2.94274       -0.00348      
2.94762       -0.00346      
2.95251       -0.00344      
2.95740       -0.00342      
2.96228       -0.00340      
2.96717       -0.00338      
2.97206       -0.00336      
2.97694       -0.00334      
2.98183       -0.00332      
2.98672       -0.00331      
2.99160       -0.00329      
2.99649       -0.00327      
3.00138       -0.00325      
3.00626       -0.00323      
3.01115       -0.00322      
3.01604       -0.00320      
3.02092       -0.00318      
3.02581       -0.00316      
3.03070       -0.00314      
3.03558       -0.00313      
3.04047       -0.00311      
3.04536       -0.00309      
3.05024       -0.00308      
3.05513       -0.00306      
3.06002       -0.00304      
3.06490       -0.00303      
3.06979       -0.00301      
3.07468       -0.00299      
3.07956       -0.00298      
3.08445       -0.00296      
3.08934       -0.00294      
3.09422       -0.00293      
3.09911       -0.00291      
3.10400       -0.00290      
3.10888       -0.00288      
3.11377       -0.00287      
3.11866       -0.00285      
3.12354       -0.00284      
3.12843       -0.00282      
3.13332       -0.00281      
3.13820       -0.00279      
3.14309       -0.00278      
3.14798       -0.00276      
3.15286       -0.00275      
3.15775       -0.00273      
3.16264       -0.00272      
3.16752       -0.00270      
3.17241       -0.00269      
3.17730       -0.00267      
3.18218       -0.00266      
3.18707       -0.00265      
3.19196       -0.00263      
3.19684       -0.00262      
3.20173       -0.00260      
3.20661       -0.00259      
3.21150       -0.00258      
3.21639       -0.00256      
3.22127       -0.00255      
3.22616       -0.00254      
3.23105       -0.00252      
3.23593       -0.00251      
3.24082       -0.00250      
3.24571       -0.00249      
3.25059       -0.00247      
3.25548       -0.00246      
3.26037       -0.00245      
3.26525       -0.00243      
3.27014       -0.00242      
3.27503       -0.00241      
3.27991       -0.00240      
3.28480       -0.00238      
3.28969       -0.00237      
3.29457       -0.00236      
3.29946       -0.00235      
3.30435       -0.00234      
3.30923       -0.00232      
3.31412       -0.00231      
3.31901       -0.00230      
3.32389       -0.00229      
3.32878       -0.00228      
3.33367       -0.00227      
3.33855       -0.00225      
3.34344       -0.00224      
3.34833       -0.00223      
3.35321       -0.00222      
3.35810       -0.00221      
3.36299       -0.00220      
3.36787       -0.00219      
3.37276       -0.00218      
3.37765       -0.00217      
3.38253       -0.00216      
3.38742       -0.00214      
3.39231       -0.00213      
3.39719       -0.00212      
3.40208       -0.00211      
3.40697       -0.00210      
3.41185       -0.00209      
3.41674       -0.00208      
3.42163       -0.00207      
3.42651       -0.00206      
3.43140       -0.00205      
3.43629       -0.00204      
3.44117       -0.00203      
3.44606       -0.00202      
3.45095       -0.00201      
3.45583       -0.00200      
3.46072       -0.00199      
3.46561       -0.00198      
3.47049       -0.00197      
3.47538       -0.00196      
3.48026       -0.00195      
3.48515       -0.00194      
3.49004       -0.00193      
3.49492       -0.00192      
3.49981       -0.00192      
3.50470       -0.00191      
3.50958       -0.00190      
3.51447       -0.00189      
3.51936       -0.00188      
3.52424       -0.00187      
3.52913       -0.00186      
3.53402       -0.00185      
3.53890       -0.00184      
3.54379       -0.00183      
3.54868       -0.00183      
3.55356       -0.00182      
3.55845       -0.00181      
3.56334       -0.00180      
3.56822       -0.00179      
3.57311       -0.00178      
3.57800       -0.00177      
3.58288       -0.00177      
3.58777       -0.00176      
3.59266       -0.00175      
3.59754       -0.00174      
3.60243       -0.00173      
3.60732       -0.00172      
3.61220       -0.00172      
3.61709       -0.00171      
3.62198       -0.00170      
3.62686       -0.00169      
3.63175       -0.00168      
3.63664       -0.00168      
3.64152       -0.00167      
3.64641       -0.00166      
3.65130       -0.00165      
3.65618       -0.00165      
3.66107       -0.00164      
3.66596       -0.00163      
3.67084       -0.00162      
3.67573       -0.00161      
3.68062       -0.00161      
3.68550       -0.00160      
3.69039       -0.00159      
3.69528       -0.00159      
3.70016       -0.00158      
3.70505       -0.00157      
3.70994       -0.00156      
3.71482       -0.00156      
3.71971       -0.00155      
3.72460       -0.00154      
3.72948       -0.00154      
3.73437       -0.00153      
3.73926       -0.00152      
3.74414       -0.00151      
3.74903       -0.00151      
3.75391       -0.00150      
3.75880       -0.00149      
3.76369       -0.00149      
3.76857       -0.00148      
3.77346       -0.00147      
3.77835       -0.00147      
3.78323       -0.00146      
3.78812       -0.00145      
3.79301       -0.00145      
3.79789       -0.00144      
3.80278       -0.00143      
3.80767       -0.00143      
3.81255       -0.00142      
3.81744       -0.00142      
3.82233       -0.00141      
3.82721       -0.00140      
3.83210       -0.00140      
3.83699       -0.00139      
3.84187       -0.00138      
3.84676       -0.00138      
3.85165       -0.00137      
3.85653       -0.00137      
3.86142       -0.00136      
3.86631       -0.00135      
3.87119       -0.00135      
3.87608       -0.00134      
3.88097       -0.00134      
3.88585       -0.00133      
3.89074       -0.00132      
3.89563       -0.00132      
3.90051       -0.00131      
3.90540       -0.00131      
3.91029       -0.00130      
3.91517       -0.00130      
3.92006       -0.00129      
3.92495       -0.00128      
3.92983       -0.00128      
3.93472       -0.00127      
3.93961       -0.00127      
3.94449       -0.00126      
3.94938       -0.00126      
3.95427       -0.00125      
3.95915       -0.00125      
3.96404       -0.00124      
3.96893       -0.00123      
3.97381       -0.00123      
3.97870       -0.00122      
3.98359       -0.00122      
3.98847       -0.00121      
3.99336       -0.00121      
3.99825       -0.00120      
4.00313       -0.00120      
4.00802       -0.00119      
4.01291       -0.00119      
4.01779       -0.00118      
4.02268       -0.00118      
4.02757       -0.00117      
4.03245       -0.00117      
4.03734       -0.00116      
4.04222       -0.00116      
4.04711       -0.00115      
4.05200       -0.00115      
4.05688       -0.00114      
4.06177       -0.00114      
4.06666       -0.00113      
4.07154       -0.00113      
4.07643       -0.00112      
4.08132       -0.00112      
4.08620       -0.00111      
4.09109       -0.00111      
4.09598       -0.00111      
4.10086       -0.00110      
4.10575       -0.00110      
4.11064       -0.00109      
4.11552       -0.00109      
4.12041       -0.00108      
4.12530       -0.00108      
4.13018       -0.00107      
4.13507       -0.00107      
4.13996       -0.00106      
4.14484       -0.00106      
4.14973       -0.00106      
4.15462       -0.00105      
4.15950       -0.00105      
4.16439       -0.00104      
4.16928       -0.00104      
4.17416       -0.00103      
4.17905       -0.00103      
4.18394       -0.00103      
4.18882       -0.00102      
4.19371       -0.00102      
4.19860       -0.00101      
4.20348       -0.00101      
4.20837       -0.00100      
4.21326       -0.00100      
4.21814       -0.00100      
4.22303       -0.00099      
4.22792       -0.00099      
4.23280       -0.00098      
4.23769       -0.00098      
4.24258       -0.00098      
4.24746       -0.00097      
4.25235       -0.00097      
4.25724       -0.00096      
4.26212       -0.00096      
4.26701       -0.00096      
4.27190       -0.00095      
4.27678       -0.00095      
4.28167       -0.00094      
4.28656       -0.00094      
4.29144       -0.00094      
4.29633       -0.00093      
4.30122       -0.00093      
4.30610       -0.00093      
4.31099       -0.00092      
4.31587       -0.00092      
4.32076       -0.00091      
4.32565       -0.00091      
4.33053       -0.00091      
4.33542       -0.00090      
4.34031       -0.00090      
4.34519       -0.00090      
4.35008       -0.00089      
4.35497       -0.00089      
4.35985       -0.00089      
4.36474       -0.00088      
4.36963       -0.00088      
4.37451       -0.00088      
4.37940       -0.00087      
4.38429       -0.00087      
4.38917       -0.00087      
4.39406       -0.00086      
4.39895       -0.00086      
4.40383       -0.00085      
4.40872       -0.00085      
4.41361       -0.00085      
4.41849       -0.00084      
4.42338       -0.00084      
4.42827       -0.00084      
4.43315       -0.00084      
4.43804       -0.00083      
4.44293       -0.00083      
4.44781       -0.00083      
4.45270       -0.00082      
4.45759       -0.00082      
4.46247       -0.00082      
4.46736       -0.00081      
4.47225       -0.00081      
4.47713       -0.00081      
4.48202       -0.00080      
4.48691       -0.00080      
4.49179       -0.00080      
4.49668       -0.00079      
4.50157       -0.00079      
4.50645       -0.00079      
4.51134       -0.00078      
4.51623       -0.00078      
4.52111       -0.00078      
4.52600       -0.00078      
4.53089       -0.00077      
4.53577       -0.00077      
4.54066       -0.00077      
4.54555       -0.00076      
4.55043       -0.00076      
4.55532       -0.00076      
4.56021       -0.00076      
4.56509       -0.00075      
4.56998       -0.00075      
4.57487       -0.00075      
4.57975       -0.00074      
4.58464       -0.00074      
4.58952       -0.00074      
4.59441       -0.00074      
4.59930       -0.00073      
4.60418       -0.00073      
4.60907       -0.00073      
4.61396       -0.00072      
4.61884       -0.00072      
4.62373       -0.00072      
4.62862       -0.00072      
4.63350       -0.00071      
4.63839       -0.00071      
4.64328       -0.00071      
4.64816       -0.00071      
4.65305       -0.00070      
4.65794       -0.00070      
4.66282       -0.00070      
4.66771       -0.00069      
4.67260       -0.00069      
4.67748       -0.00069      
4.68237       -0.00069      
4.68726       -0.00068      
4.69214       -0.00068      
4.69703       -0.00068      
4.70192       -0.00068      
4.70680       -0.00067      
4.71169       -0.00067      
4.71658       -0.00067      
4.72146       -0.00067      
4.72635       -0.00066      
4.73124       -0.00066      
4.73612       -0.00066      
4.74101       -0.00066      
4.74590       -0.00065      
4.75078       -0.00065      
4.75567       -0.00065      
4.76056       -0.00065      
4.76544       -0.00064      
4.77033       -0.00064      
4.77522       -0.00064      
4.78010       -0.00064      
4.78499       -0.00064      
4.78988       -0.00063      
4.79476       -0.00063      
4.79965       -0.00063      
4.80454       -0.00063      
4.80942       -0.00062      
4.81431       -0.00062      
4.81920       -0.00062      
4.82408       -0.00062      
4.82897       -0.00061      
4.83386       -0.00061      
4.83874       -0.00061      
4.84363       -0.00061      
4.84852       -0.00061      
4.85340       -0.00060      
4.85829       -0.00060      
4.86317       -0.00060      
4.86806       -0.00060      
4.87295       -0.00060      
4.87783       -0.00059      
4.88272       -0.00059      
4.88761       -0.00059      
4.89249       -0.00059      
4.89738       -0.00058      
4.90227       -0.00058      
4.90715       -0.00058      
4.91204       -0.00058      
4.91693       -0.00058      
4.92181       -0.00057      
4.92670       -0.00057      
4.93159       -0.00057      
4.93647       -0.00057      
4.94136       -0.00057      
4.94625       -0.00056      
4.95113       -0.00056      
4.95602       -0.00056      
4.96091       -0.00056      
4.96579       -0.00056      
4.97068       -0.00055      
4.97557       -0.00055      
4.98045       -0.00055      
4.98534       -0.00055      
4.99023       -0.00055      
4.99511       -0.00054      
5.00000       -0.00054      
