0.00100       1000000000006650740080640.00000
0.00589       577588570142784.62500
0.01077       409124583285.54639
0.01566       4597878309.73856
0.02055       176670176.16727
0.02543       13652864.98794
0.03032       1657050.30586 
0.03521       275876.98930  
0.04009       58066.45217   
0.04498       14679.91680   
0.04987       4322.52978    
0.05475       1464.81245    
0.05964       576.40622     
0.06453       270.01776     
0.06941       154.55712     
0.07430       106.19214     
0.07919       84.05831      
0.08407       73.17478      
0.08896       66.79443      
0.09385       62.95251      
0.09873       60.36775      
0.10362       58.44671      
0.10851       57.17613      
0.11339       55.31802      
0.11828       53.64947      
0.12317       52.52605      
0.12805       50.82357      
0.13294       49.72805      
0.13783       48.20810      
0.14271       47.00160      
0.14760       45.14999      
0.15248       42.04527      
0.15737       38.14461      
0.16226       33.18060      
0.16714       28.48270      
0.17203       23.35252      
0.17692       18.70240      
0.18180       14.79962      
0.18669       11.28725      
0.19158       8.24736       
0.19646       5.51187       
0.20135       3.18871       
0.20624       1.12184       
0.21112       -0.50792      
0.21601       -1.91042      
0.22090       -3.12766      
0.22578       -3.99759      
0.23067       -4.81394      
0.23556       -5.57782      
0.24044       -6.23292      
0.24533       -6.81049      
0.25022       -7.55832      
0.25510       -7.90691      
0.25999       -8.41341      
0.26488       -8.76009      
0.26976       -8.90450      
0.27465       -9.16874      
0.27954       -9.21985      
0.28442       -9.28509      
0.28931       -9.21058      
0.29420       -9.15071      
0.29908       -9.08186      
0.30397       -8.74914      
0.30886       -8.46279      
0.31374       -8.22358      
0.31863       -7.91323      
0.32352       -7.57189      
0.32840       -7.25618      
0.33329       -6.98396      
0.33818       -6.57362      
0.34306       -6.24806      
0.34795       -5.91329      
0.35284       -5.60941      
0.35772       -5.24510      
0.36261       -4.94704      
0.36750       -4.78895      
0.37238       -4.50377      
0.37727       -4.31332      
0.38216       -4.14405      
0.38704       -4.11005      
0.39193       -3.87827      
0.39682       -3.82636      
0.40170       -3.98649      
0.40659       -3.89551      
0.41148       -4.07182      
0.41636       -4.24803      
0.42125       -4.33740      
0.42613       -4.34822      
0.43102       -4.35815      
0.43591       -4.34481      
0.44079       -4.21551      
0.44568       -4.14316      
0.45057       -3.98361      
0.45545       -3.69727      
0.46034       -3.55057      
0.46523       -3.31252      
0.47011       -3.01055      
0.47500       -2.88109      
0.47989       -2.77565      
0.48477       -2.51055      
0.48966       -2.29212      
0.49455       -2.30578      
0.49943       -2.12828      
0.50432       -1.89622      
0.50921       -1.91792      
0.51409       -1.87147      
0.51898       -1.75463      
0.52387       -1.64812      
0.52875       -1.60681      
0.53364       -1.52379      
0.53853       -1.50044      
0.54341       -1.48472      
0.54830       -1.45934      
0.55319       -1.42395      
0.55807       -1.41602      
0.56296       -1.43613      
0.56785       -1.36785      
0.57273       -1.38826      
0.57762       -1.36855      
0.58251       -1.22785      
0.58739       -1.27723      
0.59228       -1.32725      
0.59717       -1.27118      
0.60205       -1.22982      
0.60694       -1.27112      
0.61183       -1.23193      
0.61671       -1.18356      
0.62160       -1.15294      
0.62649       -1.23077      
0.63137       -1.24422      
0.63626       -1.15357      
0.64115       -1.11380      
0.64603       -1.12359      
0.65092       -1.09024      
0.65581       -1.06918      
0.66069       -0.99923      
0.66558       -0.93868      
0.67047       -0.90046      
0.67535       -0.95683      
0.68024       -0.93950      
0.68513       -0.82260      
0.69001       -0.85866      
0.69490       -0.70586      
0.69978       -0.76326      
0.70467       -0.80478      
0.70956       -0.74297      
0.71444       -0.59292      
0.71933       -0.55457      
0.72422       -0.67180      
0.72910       -0.63738      
0.73399       -0.37691      
0.73888       -0.49875      
0.74376       -0.55046      
0.74865       -0.41344      
0.75354       -0.36961      
0.75842       -0.48144      
0.76331       -0.48933      
0.76820       -0.42669      
0.77308       -0.38057      
0.77797       -0.43894      
0.78286       -0.44222      
0.78774       -0.42398      
0.79263       -0.47292      
0.79752       -0.44326      
0.80240       -0.34684      
0.80729       -0.35217      
0.81218       -0.42307      
0.81706       -0.42872      
0.82195       -0.38342      
0.82684       -0.35943      
0.83172       -0.44245      
0.83661       -0.38100      
0.84150       -0.28880      
0.84638       -0.42738      
0.85127       -0.44643      
0.85616       -0.36938      
0.86104       -0.37323      
0.86593       -0.35862      
0.87082       -0.37632      
0.87570       -0.39463      
0.88059       -0.34400      
0.88548       -0.28306      
0.89036       -0.30448      
0.89525       -0.35825      
0.90014       -0.35647      
0.90502       -0.24875      
0.90991       -0.23942      
0.91480       -0.35243      
0.91968       -0.32261      
0.92457       -0.23150      
0.92946       -0.30711      
0.93434       -0.38377      
0.93923       -0.28401      
0.94412       -0.22117      
0.94900       -0.33312      
0.95389       -0.34910      
0.95878       -0.24919      
0.96366       -0.26492      
0.96855       -0.32066      
0.97343       -0.28117      
0.97832       -0.19994      
0.98321       -0.27478      
0.98809       -0.32347      
0.99298       -0.21590      
0.99787       -0.20162      
1.00275       -0.31790      
1.00764       -0.31240      
1.01253       -0.20689      
1.01741       -0.19040      
1.02230       -0.30285      
1.02719       -0.27981      
1.03207       -0.17993      
1.03696       -0.17419      
1.04185       -0.19422      
1.04673       -0.09576      
1.05162       -0.07387      
1.05651       -0.16404      
1.06139       -0.17297      
1.06628       -0.12929      
1.07117       -0.11132      
1.07605       -0.14658      
1.08094       -0.22655      
1.08583       -0.15038      
1.09071       -0.07224      
1.09560       -0.14233      
1.10049       -0.13227      
1.10537       -0.09516      
1.11026       -0.09784      
1.11515       -0.10185      
1.12003       -0.13554      
1.12492       -0.11965      
1.12981       -0.06132      
1.13469       -0.15406      
1.13958       -0.16104      
1.14447       -0.07005      
1.14935       -0.11895      
1.15424       -0.14165      
1.15913       -0.08347      
1.16401       -0.06873      
1.16890       -0.09240      
1.17379       -0.04152      
1.17867       -0.03024      
1.18356       -0.06342      
1.18845       -0.06650      
1.19333       -0.07202      
1.19822       -0.05569      
1.20311       -0.01928      
1.20799       -0.09000      
1.21288       -0.14613      
1.21777       -0.05571      
1.22265       0.00004       
1.22754       -0.06474      
1.23243       -0.07074      
1.23731       -0.01407      
1.24220       -0.07135      
1.24709       -0.09752      
1.25197       -0.00226      
1.25686       0.03087       
1.26174       -0.02384      
1.26663       -0.01450      
1.27152       0.09946       
1.27640       0.13079       
1.28129       0.01256       
1.28618       0.09821       
1.29106       0.20619       
1.29595       0.06126       
1.30084       0.00403       
1.30572       0.15780       
1.31061       0.19314       
1.31550       0.08897       
1.32038       0.03511       
1.32527       0.07682       
1.33016       0.11936       
1.33504       0.01101       
1.33993       -0.03995      
1.34482       -0.03591      
1.34970       -0.00343      
1.35459       0.01687       
1.35948       0.05415       
1.36436       0.01540       
1.36925       0.01797       
1.37414       0.06370       
1.37902       0.07786       
1.38391       0.04925       
1.38880       0.03802       
1.39368       0.01212       
1.39857       0.00927       
1.40346       0.11785       
1.40834       0.12827       
1.41323       -0.01424      
1.41812       -0.02198      
1.42300       0.06645       
1.42789       0.03507       
1.43278       -0.02114      
1.43766       -0.01033      
1.44255       -0.00732      
1.44744       -0.05824      
1.45232       0.04995       
1.45721       0.03282       
1.46210       -0.03596      
1.46698       -0.00817      
1.47187       0.03408       
1.47676       0.04778       
1.48164       0.11669       
1.48653       0.05915       
1.49142       0.00523       
1.49630       0.06007       
1.50119       -0.03152      
1.50608       -0.03118      
1.51096       -0.03085      
1.51585       -0.03052      
1.52074       -0.03019      
1.52562       -0.02987      
1.53051       -0.02955      
1.53539       -0.02924      
1.54028       -0.02893      
1.54517       -0.02863      
1.55005       -0.02833      
1.55494       -0.02804      
1.55983       -0.02775      
1.56471       -0.02746      
1.56960       -0.02718      
1.57449       -0.02690      
1.57937       -0.02662      
1.58426       -0.02635      
1.58915       -0.02608      
1.59403       -0.02581      
1.59892       -0.02555      
1.60381       -0.02529      
1.60869       -0.02504      
1.61358       -0.02479      
1.61847       -0.02454      
1.62335       -0.02430      
1.62824       -0.02405      
1.63313       -0.02382      
1.63801       -0.02358      
1.64290       -0.02335      
1.64779       -0.02312      
1.65267       -0.02289      
1.65756       -0.02267      
1.66245       -0.02245      
1.66733       -0.02223      
1.67222       -0.02201      
1.67711       -0.02180      
1.68199       -0.02159      
1.68688       -0.02138      
1.69177       -0.02118      
1.69665       -0.02098      
1.70154       -0.02078      
1.70643       -0.02058      
1.71131       -0.02038      
1.71620       -0.02019      
1.72109       -0.02000      
1.72597       -0.01981      
1.73086       -0.01963      
1.73575       -0.01944      
1.74063       -0.01926      
1.74552       -0.01908      
1.75041       -0.01891      
1.75529       -0.01873      
1.76018       -0.01856      
1.76507       -0.01839      
1.76995       -0.01822      
1.77484       -0.01806      
1.77973       -0.01789      
1.78461       -0.01773      
1.78950       -0.01757      
1.79439       -0.01741      
1.79927       -0.01725      
1.80416       -0.01710      
1.80904       -0.01694      
1.81393       -0.01679      
1.81882       -0.01664      
1.82370       -0.01649      
1.82859       -0.01635      
1.83348       -0.01620      
1.83836       -0.01606      
1.84325       -0.01592      
1.84814       -0.01578      
1.85302       -0.01564      
1.85791       -0.01550      
1.86280       -0.01537      
1.86768       -0.01524      
1.87257       -0.01510      
1.87746       -0.01497      
1.88234       -0.01484      
1.88723       -0.01472      
1.89212       -0.01459      
1.89700       -0.01446      
1.90189       -0.01434      
1.90678       -0.01422      
1.91166       -0.01410      
1.91655       -0.01398      
1.92144       -0.01386      
1.92632       -0.01374      
1.93121       -0.01363      
1.93610       -0.01351      
1.94098       -0.01340      
1.94587       -0.01329      
1.95076       -0.01318      
1.95564       -0.01307      
1.96053       -0.01296      
1.96542       -0.01285      
1.97030       -0.01275      
1.97519       -0.01264      
1.98008       -0.01254      
1.98496       -0.01243      
1.98985       -0.01233      
1.99474       -0.01223      
1.99962       -0.01213      
2.00451       -0.01203      
2.00940       -0.01194      
2.01428       -0.01184      
2.01917       -0.01175      
2.02406       -0.01165      
2.02894       -0.01156      
2.03383       -0.01146      
2.03872       -0.01137      
2.04360       -0.01128      
2.04849       -0.01119      
2.05338       -0.01110      
2.05826       -0.01102      
2.06315       -0.01093      
2.06804       -0.01084      
2.07292       -0.01076      
2.07781       -0.01067      
2.08270       -0.01059      
2.08758       -0.01051      
2.09247       -0.01043      
2.09735       -0.01034      
2.10224       -0.01026      
2.10713       -0.01019      
2.11201       -0.01011      
2.11690       -0.01003      
2.12179       -0.00995      
2.12667       -0.00988      
2.13156       -0.00980      
2.13645       -0.00972      
2.14133       -0.00965      
2.14622       -0.00958      
2.15111       -0.00950      
2.15599       -0.00943      
2.16088       -0.00936      
2.16577       -0.00929      
2.17065       -0.00922      
2.17554       -0.00915      
2.18043       -0.00908      
2.18531       -0.00902      
2.19020       -0.00895      
2.19509       -0.00888      
2.19997       -0.00882      
2.20486       -0.00875      
2.20975       -0.00869      
2.21463       -0.00862      
2.21952       -0.00856      
2.22441       -0.00850      
2.22929       -0.00843      
2.23418       -0.00837      
2.23907       -0.00831      
2.24395       -0.00825      
2.24884       -0.00819      
2.25373       -0.00813      
2.25861       -0.00807      
2.26350       -0.00801      
2.26839       -0.00796      
2.27327       -0.00790      
2.27816       -0.00784      
2.28305       -0.00778      
2.28793       -0.00773      
2.29282       -0.00767      
2.29771       -0.00762      
2.30259       -0.00757      
2.30748       -0.00751      
2.31237       -0.00746      
2.31725       -0.00741      
2.32214       -0.00735      
2.32703       -0.00730      
2.33191       -0.00725      
2.33680       -0.00720      
2.34169       -0.00715      
2.34657       -0.00710      
2.35146       -0.00705      
2.35635       -0.00700      
2.36123       -0.00695      
2.36612       -0.00690      
2.37100       -0.00686      
2.37589       -0.00681      
2.38078       -0.00676      
2.38566       -0.00672      
2.39055       -0.00667      
2.39544       -0.00662      
2.40032       -0.00658      
2.40521       -0.00653      
2.41010       -0.00649      
2.41498       -0.00644      
2.41987       -0.00640      
2.42476       -0.00636      
2.42964       -0.00631      
2.43453       -0.00627      
2.43942       -0.00623      
2.44430       -0.00619      
2.44919       -0.00615      
2.45408       -0.00611      
2.45896       -0.00606      
2.46385       -0.00602      
2.46874       -0.00598      
2.47362       -0.00594      
2.47851       -0.00590      
2.48340       -0.00587      
2.48828       -0.00583      
2.49317       -0.00579      
2.49806       -0.00575      
2.50294       -0.00571      
2.50783       -0.00567      
2.51272       -0.00564      
2.51760       -0.00560      
2.52249       -0.00556      
2.52738       -0.00553      
2.53226       -0.00549      
2.53715       -0.00546      
2.54204       -0.00542      
2.54692       -0.00539      
2.55181       -0.00535      
2.55670       -0.00532      
2.56158       -0.00528      
2.56647       -0.00525      
2.57136       -0.00521      
2.57624       -0.00518      
2.58113       -0.00515      
2.58602       -0.00512      
2.59090       -0.00508      
2.59579       -0.00505      
2.60068       -0.00502      
2.60556       -0.00499      
2.61045       -0.00496      
2.61534       -0.00492      
2.62022       -0.00489      
2.62511       -0.00486      
2.63000       -0.00483      
2.63488       -0.00480      
2.63977       -0.00477      
2.64465       -0.00474      
2.64954       -0.00471      
2.65443       -0.00468      
2.65931       -0.00465      
2.66420       -0.00462      
2.66909       -0.00460      
2.67397       -0.00457      
2.67886       -0.00454      
2.68375       -0.00451      
2.68863       -0.00448      
2.69352       -0.00446      
2.69841       -0.00443      
2.70329       -0.00440      
2.70818       -0.00437      
2.71307       -0.00435      
2.71795       -0.00432      
2.72284       -0.00430      
2.72773       -0.00427      
2.73261       -0.00424      
2.73750       -0.00422      
2.74239       -0.00419      
2.74727       -0.00417      
2.75216       -0.00414      
2.75705       -0.00412      
2.76193       -0.00409      
2.76682       -0.00407      
2.77171       -0.00404      
2.77659       -0.00402      
2.78148       -0.00400      
2.78637       -0.00397      
2.79125       -0.00395      
2.79614       -0.00392      
2.80103       -0.00390      
2.80591       -0.00388      
2.81080       -0.00386      
2.81569       -0.00383      
2.82057       -0.00381      
2.82546       -0.00379      
2.83035       -0.00377      
2.83523       -0.00374      
2.84012       -0.00372      
2.84501       -0.00370      
2.84989       -0.00368      
2.85478       -0.00366      
2.85967       -0.00364      
2.86455       -0.00361      
2.86944       -0.00359      
2.87433       -0.00357      
2.87921       -0.00355      
2.88410       -0.00353      
2.88899       -0.00351      
2.89387       -0.00349      
2.89876       -0.00347      
2.90365       -0.00345      
2.90853       -0.00343      
2.91342       -0.00341      
2.91830       -0.00339      
2.92319       -0.00337      
2.92808       -0.00335      
2.93296       -0.00333      
2.93785       -0.00332      
2.94274       -0.00330      
2.94762       -0.00328      
2.95251       -0.00326      
2.95740       -0.00324      
2.96228       -0.00322      
2.96717       -0.00321      
2.97206       -0.00319      
2.97694       -0.00317      
2.98183       -0.00315      
2.98672       -0.00313      
2.99160       -0.00312      
2.99649       -0.00310      
3.00138       -0.00308      
3.00626       -0.00307      
3.01115       -0.00305      
3.01604       -0.00303      
3.02092       -0.00301      
3.02581       -0.00300      
3.03070       -0.00298      
3.03558       -0.00296      
3.04047       -0.00295      
3.04536       -0.00293      
3.05024       -0.00292      
3.05513       -0.00290      
3.06002       -0.00288      
3.06490       -0.00287      
3.06979       -0.00285      
3.07468       -0.00284      
3.07956       -0.00282      
3.08445       -0.00281      
3.08934       -0.00279      
3.09422       -0.00278      
3.09911       -0.00276      
3.10400       -0.00275      
3.10888       -0.00273      
3.11377       -0.00272      
3.11866       -0.00270      
3.12354       -0.00269      
3.12843       -0.00267      
3.13332       -0.00266      
3.13820       -0.00265      
3.14309       -0.00263      
3.14798       -0.00262      
3.15286       -0.00260      
3.15775       -0.00259      
3.16264       -0.00258      
3.16752       -0.00256      
3.17241       -0.00255      
3.17730       -0.00254      
3.18218       -0.00252      
3.18707       -0.00251      
3.19196       -0.00250      
3.19684       -0.00248      
3.20173       -0.00247      
3.20661       -0.00246      
3.21150       -0.00244      
3.21639       -0.00243      
3.22127       -0.00242      
3.22616       -0.00241      
3.23105       -0.00239      
3.23593       -0.00238      
3.24082       -0.00237      
3.24571       -0.00236      
3.25059       -0.00234      
3.25548       -0.00233      
3.26037       -0.00232      
3.26525       -0.00231      
3.27014       -0.00230      
3.27503       -0.00228      
3.27991       -0.00227      
3.28480       -0.00226      
3.28969       -0.00225      
3.29457       -0.00224      
3.29946       -0.00223      
3.30435       -0.00222      
3.30923       -0.00220      
3.31412       -0.00219      
3.31901       -0.00218      
3.32389       -0.00217      
3.32878       -0.00216      
3.33367       -0.00215      
3.33855       -0.00214      
3.34344       -0.00213      
3.34833       -0.00212      
3.35321       -0.00211      
3.35810       -0.00210      
3.36299       -0.00208      
3.36787       -0.00207      
3.37276       -0.00206      
3.37765       -0.00205      
3.38253       -0.00204      
3.38742       -0.00203      
3.39231       -0.00202      
3.39719       -0.00201      
3.40208       -0.00200      
3.40697       -0.00199      
3.41185       -0.00198      
3.41674       -0.00197      
3.42163       -0.00196      
3.42651       -0.00195      
3.43140       -0.00194      
3.43629       -0.00193      
3.44117       -0.00193      
3.44606       -0.00192      
3.45095       -0.00191      
3.45583       -0.00190      
3.46072       -0.00189      
3.46561       -0.00188      
3.47049       -0.00187      
3.47538       -0.00186      
3.48026       -0.00185      
3.48515       -0.00184      
3.49004       -0.00183      
3.49492       -0.00182      
3.49981       -0.00182      
3.50470       -0.00181      
3.50958       -0.00180      
3.51447       -0.00179      
3.51936       -0.00178      
3.52424       -0.00177      
3.52913       -0.00176      
3.53402       -0.00176      
3.53890       -0.00175      
3.54379       -0.00174      
3.54868       -0.00173      
3.55356       -0.00172      
3.55845       -0.00171      
3.56334       -0.00171      
3.56822       -0.00170      
3.57311       -0.00169      
3.57800       -0.00168      
3.58288       -0.00167      
3.58777       -0.00167      
3.59266       -0.00166      
3.59754       -0.00165      
3.60243       -0.00164      
3.60732       -0.00163      
3.61220       -0.00163      
3.61709       -0.00162      
3.62198       -0.00161      
3.62686       -0.00160      
3.63175       -0.00160      
3.63664       -0.00159      
3.64152       -0.00158      
3.64641       -0.00157      
3.65130       -0.00157      
3.65618       -0.00156      
3.66107       -0.00155      
3.66596       -0.00155      
3.67084       -0.00154      
3.67573       -0.00153      
3.68062       -0.00152      
3.68550       -0.00152      
3.69039       -0.00151      
3.69528       -0.00150      
3.70016       -0.00150      
3.70505       -0.00149      
3.70994       -0.00148      
3.71482       -0.00148      
3.71971       -0.00147      
3.72460       -0.00146      
3.72948       -0.00146      
3.73437       -0.00145      
3.73926       -0.00144      
3.74414       -0.00144      
3.74903       -0.00143      
3.75391       -0.00142      
3.75880       -0.00142      
3.76369       -0.00141      
3.76857       -0.00140      
3.77346       -0.00140      
3.77835       -0.00139      
3.78323       -0.00138      
3.78812       -0.00138      
3.79301       -0.00137      
3.79789       -0.00137      
3.80278       -0.00136      
3.80767       -0.00135      
3.81255       -0.00135      
3.81744       -0.00134      
3.82233       -0.00134      
3.82721       -0.00133      
3.83210       -0.00132      
3.83699       -0.00132      
3.84187       -0.00131      
3.84676       -0.00131      
3.85165       -0.00130      
3.85653       -0.00129      
3.86142       -0.00129      
3.86631       -0.00128      
3.87119       -0.00128      
3.87608       -0.00127      
3.88097       -0.00127      
3.88585       -0.00126      
3.89074       -0.00126      
3.89563       -0.00125      
3.90051       -0.00124      
3.90540       -0.00124      
3.91029       -0.00123      
3.91517       -0.00123      
3.92006       -0.00122      
3.92495       -0.00122      
3.92983       -0.00121      
3.93472       -0.00121      
3.93961       -0.00120      
3.94449       -0.00120      
3.94938       -0.00119      
3.95427       -0.00119      
3.95915       -0.00118      
3.96404       -0.00118      
3.96893       -0.00117      
3.97381       -0.00117      
3.97870       -0.00116      
3.98359       -0.00116      
3.98847       -0.00115      
3.99336       -0.00115      
3.99825       -0.00114      
4.00313       -0.00114      
4.00802       -0.00113      
4.01291       -0.00113      
4.01779       -0.00112      
4.02268       -0.00112      
4.02757       -0.00111      
4.03245       -0.00111      
4.03734       -0.00110      
4.04222       -0.00110      
4.04711       -0.00109      
4.05200       -0.00109      
4.05688       -0.00108      
4.06177       -0.00108      
4.06666       -0.00107      
4.07154       -0.00107      
4.07643       -0.00107      
4.08132       -0.00106      
4.08620       -0.00106      
4.09109       -0.00105      
4.09598       -0.00105      
4.10086       -0.00104      
4.10575       -0.00104      
4.11064       -0.00103      
4.11552       -0.00103      
4.12041       -0.00103      
4.12530       -0.00102      
4.13018       -0.00102      
4.13507       -0.00101      
4.13996       -0.00101      
4.14484       -0.00100      
4.14973       -0.00100      
4.15462       -0.00100      
4.15950       -0.00099      
4.16439       -0.00099      
4.16928       -0.00098      
4.17416       -0.00098      
4.17905       -0.00098      
4.18394       -0.00097      
4.18882       -0.00097      
4.19371       -0.00096      
4.19860       -0.00096      
4.20348       -0.00096      
4.20837       -0.00095      
4.21326       -0.00095      
4.21814       -0.00094      
4.22303       -0.00094      
4.22792       -0.00094      
4.23280       -0.00093      
4.23769       -0.00093      
4.24258       -0.00093      
4.24746       -0.00092      
4.25235       -0.00092      
4.25724       -0.00091      
4.26212       -0.00091      
4.26701       -0.00091      
4.27190       -0.00090      
4.27678       -0.00090      
4.28167       -0.00090      
4.28656       -0.00089      
4.29144       -0.00089      
4.29633       -0.00088      
4.30122       -0.00088      
4.30610       -0.00088      
4.31099       -0.00087      
4.31587       -0.00087      
4.32076       -0.00087      
4.32565       -0.00086      
4.33053       -0.00086      
4.33542       -0.00086      
4.34031       -0.00085      
4.34519       -0.00085      
4.35008       -0.00085      
4.35497       -0.00084      
4.35985       -0.00084      
4.36474       -0.00084      
4.36963       -0.00083      
4.37451       -0.00083      
4.37940       -0.00083      
4.38429       -0.00082      
4.38917       -0.00082      
4.39406       -0.00082      
4.39895       -0.00081      
4.40383       -0.00081      
4.40872       -0.00081      
4.41361       -0.00080      
4.41849       -0.00080      
4.42338       -0.00080      
4.42827       -0.00079      
4.43315       -0.00079      
4.43804       -0.00079      
4.44293       -0.00079      
4.44781       -0.00078      
4.45270       -0.00078      
4.45759       -0.00078      
4.46247       -0.00077      
4.46736       -0.00077      
4.47225       -0.00077      
4.47713       -0.00076      
4.48202       -0.00076      
4.48691       -0.00076      
4.49179       -0.00076      
4.49668       -0.00075      
4.50157       -0.00075      
4.50645       -0.00075      
4.51134       -0.00074      
4.51623       -0.00074      
4.52111       -0.00074      
4.52600       -0.00074      
4.53089       -0.00073      
4.53577       -0.00073      
4.54066       -0.00073      
4.54555       -0.00072      
4.55043       -0.00072      
4.55532       -0.00072      
4.56021       -0.00072      
4.56509       -0.00071      
4.56998       -0.00071      
4.57487       -0.00071      
4.57975       -0.00070      
4.58464       -0.00070      
4.58952       -0.00070      
4.59441       -0.00070      
4.59930       -0.00069      
4.60418       -0.00069      
4.60907       -0.00069      
4.61396       -0.00069      
4.61884       -0.00068      
4.62373       -0.00068      
4.62862       -0.00068      
4.63350       -0.00068      
4.63839       -0.00067      
4.64328       -0.00067      
4.64816       -0.00067      
4.65305       -0.00067      
4.65794       -0.00066      
4.66282       -0.00066      
4.66771       -0.00066      
4.67260       -0.00066      
4.67748       -0.00065      
4.68237       -0.00065      
4.68726       -0.00065      
4.69214       -0.00065      
4.69703       -0.00064      
4.70192       -0.00064      
4.70680       -0.00064      
4.71169       -0.00064      
4.71658       -0.00063      
4.72146       -0.00063      
4.72635       -0.00063      
4.73124       -0.00063      
4.73612       -0.00063      
4.74101       -0.00062      
4.74590       -0.00062      
4.75078       -0.00062      
4.75567       -0.00062      
4.76056       -0.00061      
4.76544       -0.00061      
4.77033       -0.00061      
4.77522       -0.00061      
4.78010       -0.00060      
4.78499       -0.00060      
4.78988       -0.00060      
4.79476       -0.00060      
4.79965       -0.00060      
4.80454       -0.00059      
4.80942       -0.00059      
4.81431       -0.00059      
4.81920       -0.00059      
4.82408       -0.00059      
4.82897       -0.00058      
4.83386       -0.00058      
4.83874       -0.00058      
4.84363       -0.00058      
4.84852       -0.00057      
4.85340       -0.00057      
4.85829       -0.00057      
4.86317       -0.00057      
4.86806       -0.00057      
4.87295       -0.00056      
4.87783       -0.00056      
4.88272       -0.00056      
4.88761       -0.00056      
4.89249       -0.00056      
4.89738       -0.00055      
4.90227       -0.00055      
4.90715       -0.00055      
4.91204       -0.00055      
4.91693       -0.00055      
4.92181       -0.00054      
4.92670       -0.00054      
4.93159       -0.00054      
4.93647       -0.00054      
4.94136       -0.00054      
4.94625       -0.00053      
4.95113       -0.00053      
4.95602       -0.00053      
4.96091       -0.00053      
4.96579       -0.00053      
4.97068       -0.00053      
4.97557       -0.00052      
4.98045       -0.00052      
4.98534       -0.00052      
4.99023       -0.00052      
4.99511       -0.00052      
5.00000       -0.00051      
