0.00100       1000000000006650740080640.00000
0.00589       577588570142784.87500
0.01077       409124583285.82404
0.01566       4597878310.01614
0.02055       176670176.44477
0.02543       13652865.26535
0.03032       1657050.58320 
0.03521       275872.07193  
0.04009       58055.14879   
0.04498       14662.73333   
0.04987       4304.32068    
0.05475       1446.41793    
0.05964       555.82366     
0.06453       247.01040     
0.06941       127.87417     
0.07430       77.17730      
0.07919       52.56624      
0.08407       38.77365      
0.08896       30.26105      
0.09385       24.17200      
0.09873       19.32407      
0.10362       15.70604      
0.10851       12.44958      
0.11339       9.64758       
0.11828       7.26680       
0.12317       5.06807       
0.12805       3.06961       
0.13294       1.68470       
0.13783       0.18801       
0.14271       -0.76741      
0.14760       -1.72916      
0.15248       -2.36271      
0.15737       -3.12217      
0.16226       -3.56394      
0.16714       -3.82931      
0.17203       -4.28006      
0.17692       -4.40552      
0.18180       -4.54826      
0.18669       -4.65864      
0.19158       -4.84301      
0.19646       -5.06396      
0.20135       -5.37157      
0.20624       -5.66912      
0.21112       -6.09108      
0.21601       -6.14169      
0.22090       -6.46559      
0.22578       -6.84715      
0.23067       -7.29989      
0.23556       -7.64303      
0.24044       -8.03700      
0.24533       -8.29609      
0.25022       -8.36602      
0.25510       -8.18098      
0.25999       -8.24823      
0.26488       -8.00604      
0.26976       -7.80183      
0.27465       -7.64198      
0.27954       -7.59433      
0.28442       -7.69081      
0.28931       -8.04642      
0.29420       -8.79223      
0.29908       -9.48972      
0.30397       -9.99513      
0.30886       -10.42688     
0.31374       -10.59934     
0.31863       -10.56053     
0.32352       -10.40826     
0.32840       -10.17823     
0.33329       -9.78830      
0.33818       -9.24257      
0.34306       -8.72587      
0.34795       -8.14861      
0.35284       -7.44459      
0.35772       -6.81071      
0.36261       -6.12521      
0.36750       -5.28258      
0.37238       -4.65498      
0.37727       -4.13502      
0.38216       -3.49459      
0.38704       -3.08576      
0.39193       -2.67141      
0.39682       -2.22428      
0.40170       -1.92451      
0.40659       -1.58006      
0.41148       -1.25271      
0.41636       -1.14691      
0.42125       -0.73915      
0.42613       -0.56641      
0.43102       -0.43212      
0.43591       -0.30971      
0.44079       -0.25634      
0.44568       -0.26027      
0.45057       -0.29443      
0.45545       -0.24861      
0.46034       -0.30033      
0.46523       -0.37450      
0.47011       -0.33880      
0.47500       -0.42637      
0.47989       -0.42728      
0.48477       -0.48636      
0.48966       -0.54392      
0.49455       -0.55795      
0.49943       -0.78706      
0.50432       -0.75052      
0.50921       -0.74231      
0.51409       -0.86345      
0.51898       -0.91642      
0.52387       -0.90575      
0.52875       -1.01046      
0.53364       -1.04423      
0.53853       -0.98190      
0.54341       -1.04043      
0.54830       -1.08951      
0.55319       -1.09277      
0.55807       -1.07760      
0.56296       -1.09547      
0.56785       -1.13052      
0.57273       -1.10567      
0.57762       -1.13387      
0.58251       -1.15077      
0.58739       -1.09416      
0.59228       -1.12085      
0.59717       -1.16907      
0.60205       -1.16952      
0.60694       -1.09378      
0.61183       -1.07901      
0.61671       -1.21048      
0.62160       -1.14323      
0.62649       -1.00167      
0.63137       -1.13278      
0.63626       -1.05107      
0.64115       -1.09515      
0.64603       -1.03556      
0.65092       -0.87597      
0.65581       -0.95599      
0.66069       -1.09175      
0.66558       -0.85556      
0.67047       -0.74368      
0.67535       -0.95411      
0.68024       -0.77780      
0.68513       -0.66596      
0.69001       -0.73489      
0.69490       -0.73343      
0.69978       -0.62945      
0.70467       -0.62106      
0.70956       -0.63123      
0.71444       -0.60163      
0.71933       -0.53087      
0.72422       -0.51273      
0.72910       -0.54564      
0.73399       -0.48372      
0.73888       -0.49428      
0.74376       -0.49124      
0.74865       -0.47229      
0.75354       -0.50779      
0.75842       -0.46910      
0.76331       -0.43815      
0.76820       -0.44574      
0.77308       -0.44067      
0.77797       -0.38406      
0.78286       -0.33417      
0.78774       -0.37667      
0.79263       -0.40935      
0.79752       -0.36398      
0.80240       -0.36030      
0.80729       -0.35358      
0.81218       -0.36785      
0.81706       -0.40820      
0.82195       -0.34540      
0.82684       -0.31919      
0.83172       -0.43518      
0.83661       -0.31965      
0.84150       -0.32577      
0.84638       -0.39459      
0.85127       -0.37612      
0.85616       -0.38502      
0.86104       -0.44263      
0.86593       -0.45050      
0.87082       -0.38293      
0.87570       -0.41810      
0.88059       -0.47483      
0.88548       -0.32783      
0.89036       -0.38736      
0.89525       -0.48851      
0.90014       -0.37637      
0.90502       -0.33558      
0.90991       -0.48349      
0.91480       -0.46587      
0.91968       -0.37188      
0.92457       -0.41337      
0.92946       -0.43499      
0.93434       -0.36515      
0.93923       -0.40272      
0.94412       -0.51742      
0.94900       -0.32095      
0.95389       -0.33043      
0.95878       -0.40433      
0.96366       -0.41124      
0.96855       -0.42428      
0.97343       -0.38375      
0.97832       -0.37399      
0.98321       -0.44354      
0.98809       -0.41849      
0.99298       -0.36989      
0.99787       -0.35958      
1.00275       -0.35685      
1.00764       -0.34393      
1.01253       -0.35562      
1.01741       -0.32822      
1.02230       -0.27037      
1.02719       -0.35051      
1.03207       -0.36145      
1.03696       -0.27781      
1.04185       -0.24965      
1.04673       -0.26292      
1.05162       -0.26336      
1.05651       -0.24077      
1.06139       -0.25286      
1.06628       -0.24634      
1.07117       -0.27100      
1.07605       -0.31228      
1.08094       -0.29731      
1.08583       -0.19639      
1.09071       -0.15161      
1.09560       -0.20304      
1.10049       -0.25537      
1.10537       -0.21202      
1.11026       -0.12891      
1.11515       -0.15133      
1.12003       -0.22820      
1.12492       -0.26070      
1.12981       -0.23776      
1.13469       -0.22330      
1.13958       -0.25200      
1.14447       -0.20601      
1.14935       -0.19173      
1.15424       -0.28225      
1.15913       -0.25273      
1.16401       -0.19221      
1.16890       -0.28961      
1.17379       -0.18347      
1.17867       -0.20488      
1.18356       -0.25761      
1.18845       -0.27273      
1.19333       -0.27567      
1.19822       -0.26579      
1.20311       -0.21530      
1.20799       -0.18717      
1.21288       -0.29406      
1.21777       -0.21226      
1.22265       -0.12606      
1.22754       -0.26083      
1.23243       -0.20242      
1.23731       -0.25232      
1.24220       -0.19255      
1.24709       -0.12369      
1.25197       -0.17856      
1.25686       -0.18813      
1.26174       -0.15112      
1.26663       -0.17828      
1.27152       -0.19817      
1.27640       -0.21112      
1.28129       -0.15154      
1.28618       -0.09736      
1.29106       -0.12237      
1.29595       -0.06398      
1.30084       0.03618       
1.30572       -0.07379      
1.31061       -0.03385      
1.31550       0.00288       
1.32038       0.01930       
1.32527       -0.01030      
1.33016       -0.07610      
1.33504       -0.08043      
1.33993       -0.01020      
1.34482       -0.00597      
1.34970       -0.11494      
1.35459       -0.12453      
1.35948       -0.00010      
1.36436       0.05278       
1.36925       -0.03590      
1.37414       -0.10085      
1.37902       -0.09033      
1.38391       -0.04846      
1.38880       -0.00591      
1.39368       -0.06508      
1.39857       -0.17978      
1.40346       -0.09073      
1.40834       0.04735       
1.41323       -0.10260      
1.41812       0.00195       
1.42300       -0.00835      
1.42789       -0.07028      
1.43278       -0.05273      
1.43766       -0.00633      
1.44255       -0.00147      
1.44744       -0.02425      
1.45232       0.02698       
1.45721       -0.04693      
1.46210       -0.09949      
1.46698       0.04935       
1.47187       0.04977       
1.47676       -0.09869      
1.48164       -0.06890      
1.48653       0.06247       
1.49142       -0.05857      
1.49630       -0.12119      
1.50119       -0.02881      
1.50608       -0.02850      
1.51096       -0.02819      
1.51585       -0.02789      
1.52074       -0.02759      
1.52562       -0.02730      
1.53051       -0.02701      
1.53539       -0.02673      
1.54028       -0.02644      
1.54517       -0.02617      
1.55005       -0.02589      
1.55494       -0.02562      
1.55983       -0.02536      
1.56471       -0.02509      
1.56960       -0.02483      
1.57449       -0.02458      
1.57937       -0.02433      
1.58426       -0.02408      
1.58915       -0.02383      
1.59403       -0.02359      
1.59892       -0.02335      
1.60381       -0.02311      
1.60869       -0.02288      
1.61358       -0.02265      
1.61847       -0.02242      
1.62335       -0.02220      
1.62824       -0.02198      
1.63313       -0.02176      
1.63801       -0.02154      
1.64290       -0.02133      
1.64779       -0.02112      
1.65267       -0.02091      
1.65756       -0.02071      
1.66245       -0.02051      
1.66733       -0.02031      
1.67222       -0.02011      
1.67711       -0.01992      
1.68199       -0.01972      
1.68688       -0.01953      
1.69177       -0.01935      
1.69665       -0.01916      
1.70154       -0.01898      
1.70643       -0.01880      
1.71131       -0.01862      
1.71620       -0.01844      
1.72109       -0.01827      
1.72597       -0.01810      
1.73086       -0.01793      
1.73575       -0.01776      
1.74063       -0.01760      
1.74552       -0.01743      
1.75041       -0.01727      
1.75529       -0.01711      
1.76018       -0.01695      
1.76507       -0.01680      
1.76995       -0.01664      
1.77484       -0.01649      
1.77973       -0.01634      
1.78461       -0.01619      
1.78950       -0.01604      
1.79439       -0.01590      
1.79927       -0.01576      
1.80416       -0.01561      
1.80904       -0.01547      
1.81393       -0.01534      
1.81882       -0.01520      
1.82370       -0.01506      
1.82859       -0.01493      
1.83348       -0.01480      
1.83836       -0.01467      
1.84325       -0.01454      
1.84814       -0.01441      
1.85302       -0.01428      
1.85791       -0.01416      
1.86280       -0.01403      
1.86768       -0.01391      
1.87257       -0.01379      
1.87746       -0.01367      
1.88234       -0.01355      
1.88723       -0.01344      
1.89212       -0.01332      
1.89700       -0.01321      
1.90189       -0.01310      
1.90678       -0.01298      
1.91166       -0.01287      
1.91655       -0.01276      
1.92144       -0.01266      
1.92632       -0.01255      
1.93121       -0.01244      
1.93610       -0.01234      
1.94098       -0.01224      
1.94587       -0.01213      
1.95076       -0.01203      
1.95564       -0.01193      
1.96053       -0.01183      
1.96542       -0.01173      
1.97030       -0.01164      
1.97519       -0.01154      
1.98008       -0.01145      
1.98496       -0.01135      
1.98985       -0.01126      
1.99474       -0.01117      
1.99962       -0.01108      
2.00451       -0.01099      
2.00940       -0.01090      
2.01428       -0.01081      
2.01917       -0.01072      
2.02406       -0.01064      
2.02894       -0.01055      
2.03383       -0.01047      
2.03872       -0.01038      
2.04360       -0.01030      
2.04849       -0.01022      
2.05338       -0.01014      
2.05826       -0.01006      
2.06315       -0.00998      
2.06804       -0.00990      
2.07292       -0.00982      
2.07781       -0.00974      
2.08270       -0.00967      
2.08758       -0.00959      
2.09247       -0.00952      
2.09735       -0.00944      
2.10224       -0.00937      
2.10713       -0.00930      
2.11201       -0.00923      
2.11690       -0.00915      
2.12179       -0.00908      
2.12667       -0.00901      
2.13156       -0.00895      
2.13645       -0.00888      
2.14133       -0.00881      
2.14622       -0.00874      
2.15111       -0.00868      
2.15599       -0.00861      
2.16088       -0.00855      
2.16577       -0.00848      
2.17065       -0.00842      
2.17554       -0.00835      
2.18043       -0.00829      
2.18531       -0.00823      
2.19020       -0.00817      
2.19509       -0.00811      
2.19997       -0.00805      
2.20486       -0.00799      
2.20975       -0.00793      
2.21463       -0.00787      
2.21952       -0.00781      
2.22441       -0.00775      
2.22929       -0.00770      
2.23418       -0.00764      
2.23907       -0.00758      
2.24395       -0.00753      
2.24884       -0.00747      
2.25373       -0.00742      
2.25861       -0.00737      
2.26350       -0.00731      
2.26839       -0.00726      
2.27327       -0.00721      
2.27816       -0.00716      
2.28305       -0.00711      
2.28793       -0.00705      
2.29282       -0.00700      
2.29771       -0.00695      
2.30259       -0.00690      
2.30748       -0.00686      
2.31237       -0.00681      
2.31725       -0.00676      
2.32214       -0.00671      
2.32703       -0.00666      
2.33191       -0.00662      
2.33680       -0.00657      
2.34169       -0.00652      
2.34657       -0.00648      
2.35146       -0.00643      
2.35635       -0.00639      
2.36123       -0.00634      
2.36612       -0.00630      
2.37100       -0.00626      
2.37589       -0.00621      
2.38078       -0.00617      
2.38566       -0.00613      
2.39055       -0.00609      
2.39544       -0.00604      
2.40032       -0.00600      
2.40521       -0.00596      
2.41010       -0.00592      
2.41498       -0.00588      
2.41987       -0.00584      
2.42476       -0.00580      
2.42964       -0.00576      
2.43453       -0.00572      
2.43942       -0.00568      
2.44430       -0.00565      
2.44919       -0.00561      
2.45408       -0.00557      
2.45896       -0.00553      
2.46385       -0.00550      
2.46874       -0.00546      
2.47362       -0.00542      
2.47851       -0.00539      
2.48340       -0.00535      
2.48828       -0.00532      
2.49317       -0.00528      
2.49806       -0.00525      
2.50294       -0.00521      
2.50783       -0.00518      
2.51272       -0.00514      
2.51760       -0.00511      
2.52249       -0.00508      
2.52738       -0.00504      
2.53226       -0.00501      
2.53715       -0.00498      
2.54204       -0.00495      
2.54692       -0.00491      
2.55181       -0.00488      
2.55670       -0.00485      
2.56158       -0.00482      
2.56647       -0.00479      
2.57136       -0.00476      
2.57624       -0.00473      
2.58113       -0.00470      
2.58602       -0.00467      
2.59090       -0.00464      
2.59579       -0.00461      
2.60068       -0.00458      
2.60556       -0.00455      
2.61045       -0.00452      
2.61534       -0.00449      
2.62022       -0.00446      
2.62511       -0.00444      
2.63000       -0.00441      
2.63488       -0.00438      
2.63977       -0.00435      
2.64465       -0.00433      
2.64954       -0.00430      
2.65443       -0.00427      
2.65931       -0.00425      
2.66420       -0.00422      
2.66909       -0.00419      
2.67397       -0.00417      
2.67886       -0.00414      
2.68375       -0.00412      
2.68863       -0.00409      
2.69352       -0.00407      
2.69841       -0.00404      
2.70329       -0.00402      
2.70818       -0.00399      
2.71307       -0.00397      
2.71795       -0.00394      
2.72284       -0.00392      
2.72773       -0.00390      
2.73261       -0.00387      
2.73750       -0.00385      
2.74239       -0.00382      
2.74727       -0.00380      
2.75216       -0.00378      
2.75705       -0.00376      
2.76193       -0.00373      
2.76682       -0.00371      
2.77171       -0.00369      
2.77659       -0.00367      
2.78148       -0.00365      
2.78637       -0.00362      
2.79125       -0.00360      
2.79614       -0.00358      
2.80103       -0.00356      
2.80591       -0.00354      
2.81080       -0.00352      
2.81569       -0.00350      
2.82057       -0.00348      
2.82546       -0.00346      
2.83035       -0.00344      
2.83523       -0.00342      
2.84012       -0.00340      
2.84501       -0.00338      
2.84989       -0.00336      
2.85478       -0.00334      
2.85967       -0.00332      
2.86455       -0.00330      
2.86944       -0.00328      
2.87433       -0.00326      
2.87921       -0.00324      
2.88410       -0.00322      
2.88899       -0.00320      
2.89387       -0.00318      
2.89876       -0.00317      
2.90365       -0.00315      
2.90853       -0.00313      
2.91342       -0.00311      
2.91830       -0.00309      
2.92319       -0.00308      
2.92808       -0.00306      
2.93296       -0.00304      
2.93785       -0.00303      
2.94274       -0.00301      
2.94762       -0.00299      
2.95251       -0.00297      
2.95740       -0.00296      
2.96228       -0.00294      
2.96717       -0.00292      
2.97206       -0.00291      
2.97694       -0.00289      
2.98183       -0.00288      
2.98672       -0.00286      
2.99160       -0.00284      
2.99649       -0.00283      
3.00138       -0.00281      
3.00626       -0.00280      
3.01115       -0.00278      
3.01604       -0.00277      
3.02092       -0.00275      
3.02581       -0.00273      
3.03070       -0.00272      
3.03558       -0.00270      
3.04047       -0.00269      
3.04536       -0.00268      
3.05024       -0.00266      
3.05513       -0.00265      
3.06002       -0.00263      
3.06490       -0.00262      
3.06979       -0.00260      
3.07468       -0.00259      
3.07956       -0.00257      
3.08445       -0.00256      
3.08934       -0.00255      
3.09422       -0.00253      
3.09911       -0.00252      
3.10400       -0.00251      
3.10888       -0.00249      
3.11377       -0.00248      
3.11866       -0.00247      
3.12354       -0.00245      
3.12843       -0.00244      
3.13332       -0.00243      
3.13820       -0.00241      
3.14309       -0.00240      
3.14798       -0.00239      
3.15286       -0.00237      
3.15775       -0.00236      
3.16264       -0.00235      
3.16752       -0.00234      
3.17241       -0.00232      
3.17730       -0.00231      
3.18218       -0.00230      
3.18707       -0.00229      
3.19196       -0.00228      
3.19684       -0.00226      
3.20173       -0.00225      
3.20661       -0.00224      
3.21150       -0.00223      
3.21639       -0.00222      
3.22127       -0.00221      
3.22616       -0.00219      
3.23105       -0.00218      
3.23593       -0.00217      
3.24082       -0.00216      
3.24571       -0.00215      
3.25059       -0.00214      
3.25548       -0.00213      
3.26037       -0.00212      
3.26525       -0.00211      
3.27014       -0.00209      
3.27503       -0.00208      
3.27991       -0.00207      
3.28480       -0.00206      
3.28969       -0.00205      
3.29457       -0.00204      
3.29946       -0.00203      
3.30435       -0.00202      
3.30923       -0.00201      
3.31412       -0.00200      
3.31901       -0.00199      
3.32389       -0.00198      
3.32878       -0.00197      
3.33367       -0.00196      
3.33855       -0.00195      
3.34344       -0.00194      
3.34833       -0.00193      
3.35321       -0.00192      
3.35810       -0.00191      
3.36299       -0.00190      
3.36787       -0.00189      
3.37276       -0.00188      
3.37765       -0.00187      
3.38253       -0.00186      
3.38742       -0.00185      
3.39231       -0.00185      
3.39719       -0.00184      
3.40208       -0.00183      
3.40697       -0.00182      
3.41185       -0.00181      
3.41674       -0.00180      
3.42163       -0.00179      
3.42651       -0.00178      
3.43140       -0.00177      
3.43629       -0.00176      
3.44117       -0.00176      
3.44606       -0.00175      
3.45095       -0.00174      
3.45583       -0.00173      
3.46072       -0.00172      
3.46561       -0.00171      
3.47049       -0.00171      
3.47538       -0.00170      
3.48026       -0.00169      
3.48515       -0.00168      
3.49004       -0.00167      
3.49492       -0.00166      
3.49981       -0.00166      
3.50470       -0.00165      
3.50958       -0.00164      
3.51447       -0.00163      
3.51936       -0.00162      
3.52424       -0.00162      
3.52913       -0.00161      
3.53402       -0.00160      
3.53890       -0.00159      
3.54379       -0.00159      
3.54868       -0.00158      
3.55356       -0.00157      
3.55845       -0.00156      
3.56334       -0.00156      
3.56822       -0.00155      
3.57311       -0.00154      
3.57800       -0.00153      
3.58288       -0.00153      
3.58777       -0.00152      
3.59266       -0.00151      
3.59754       -0.00151      
3.60243       -0.00150      
3.60732       -0.00149      
3.61220       -0.00148      
3.61709       -0.00148      
3.62198       -0.00147      
3.62686       -0.00146      
3.63175       -0.00146      
3.63664       -0.00145      
3.64152       -0.00144      
3.64641       -0.00144      
3.65130       -0.00143      
3.65618       -0.00142      
3.66107       -0.00142      
3.66596       -0.00141      
3.67084       -0.00140      
3.67573       -0.00140      
3.68062       -0.00139      
3.68550       -0.00138      
3.69039       -0.00138      
3.69528       -0.00137      
3.70016       -0.00136      
3.70505       -0.00136      
3.70994       -0.00135      
3.71482       -0.00135      
3.71971       -0.00134      
3.72460       -0.00133      
3.72948       -0.00133      
3.73437       -0.00132      
3.73926       -0.00132      
3.74414       -0.00131      
3.74903       -0.00130      
3.75391       -0.00130      
3.75880       -0.00129      
3.76369       -0.00129      
3.76857       -0.00128      
3.77346       -0.00127      
3.77835       -0.00127      
3.78323       -0.00126      
3.78812       -0.00126      
3.79301       -0.00125      
3.79789       -0.00125      
3.80278       -0.00124      
3.80767       -0.00123      
3.81255       -0.00123      
3.81744       -0.00122      
3.82233       -0.00122      
3.82721       -0.00121      
3.83210       -0.00121      
3.83699       -0.00120      
3.84187       -0.00120      
3.84676       -0.00119      
3.85165       -0.00119      
3.85653       -0.00118      
3.86142       -0.00118      
3.86631       -0.00117      
3.87119       -0.00117      
3.87608       -0.00116      
3.88097       -0.00115      
3.88585       -0.00115      
3.89074       -0.00114      
3.89563       -0.00114      
3.90051       -0.00113      
3.90540       -0.00113      
3.91029       -0.00112      
3.91517       -0.00112      
3.92006       -0.00111      
3.92495       -0.00111      
3.92983       -0.00111      
3.93472       -0.00110      
3.93961       -0.00110      
3.94449       -0.00109      
3.94938       -0.00109      
3.95427       -0.00108      
3.95915       -0.00108      
3.96404       -0.00107      
3.96893       -0.00107      
3.97381       -0.00106      
3.97870       -0.00106      
3.98359       -0.00105      
3.98847       -0.00105      
3.99336       -0.00104      
3.99825       -0.00104      
4.00313       -0.00104      
4.00802       -0.00103      
4.01291       -0.00103      
4.01779       -0.00102      
4.02268       -0.00102      
4.02757       -0.00101      
4.03245       -0.00101      
4.03734       -0.00101      
4.04222       -0.00100      
4.04711       -0.00100      
4.05200       -0.00099      
4.05688       -0.00099      
4.06177       -0.00098      
4.06666       -0.00098      
4.07154       -0.00098      
4.07643       -0.00097      
4.08132       -0.00097      
4.08620       -0.00096      
4.09109       -0.00096      
4.09598       -0.00096      
4.10086       -0.00095      
4.10575       -0.00095      
4.11064       -0.00094      
4.11552       -0.00094      
4.12041       -0.00094      
4.12530       -0.00093      
4.13018       -0.00093      
4.13507       -0.00092      
4.13996       -0.00092      
4.14484       -0.00092      
4.14973       -0.00091      
4.15462       -0.00091      
4.15950       -0.00090      
4.16439       -0.00090      
4.16928       -0.00090      
4.17416       -0.00089      
4.17905       -0.00089      
4.18394       -0.00089      
4.18882       -0.00088      
4.19371       -0.00088      
4.19860       -0.00088      
4.20348       -0.00087      
4.20837       -0.00087      
4.21326       -0.00086      
4.21814       -0.00086      
4.22303       -0.00086      
4.22792       -0.00085      
4.23280       -0.00085      
4.23769       -0.00085      
4.24258       -0.00084      
4.24746       -0.00084      
4.25235       -0.00084      
4.25724       -0.00083      
4.26212       -0.00083      
4.26701       -0.00083      
4.27190       -0.00082      
4.27678       -0.00082      
4.28167       -0.00082      
4.28656       -0.00081      
4.29144       -0.00081      
4.29633       -0.00081      
4.30122       -0.00080      
4.30610       -0.00080      
4.31099       -0.00080      
4.31587       -0.00079      
4.32076       -0.00079      
4.32565       -0.00079      
4.33053       -0.00078      
4.33542       -0.00078      
4.34031       -0.00078      
4.34519       -0.00078      
4.35008       -0.00077      
4.35497       -0.00077      
4.35985       -0.00077      
4.36474       -0.00076      
4.36963       -0.00076      
4.37451       -0.00076      
4.37940       -0.00075      
4.38429       -0.00075      
4.38917       -0.00075      
4.39406       -0.00075      
4.39895       -0.00074      
4.40383       -0.00074      
4.40872       -0.00074      
4.41361       -0.00073      
4.41849       -0.00073      
4.42338       -0.00073      
4.42827       -0.00072      
4.43315       -0.00072      
4.43804       -0.00072      
4.44293       -0.00072      
4.44781       -0.00071      
4.45270       -0.00071      
4.45759       -0.00071      
4.46247       -0.00071      
4.46736       -0.00070      
4.47225       -0.00070      
4.47713       -0.00070      
4.48202       -0.00069      
4.48691       -0.00069      
4.49179       -0.00069      
4.49668       -0.00069      
4.50157       -0.00068      
4.50645       -0.00068      
4.51134       -0.00068      
4.51623       -0.00068      
4.52111       -0.00067      
4.52600       -0.00067      
4.53089       -0.00067      
4.53577       -0.00067      
4.54066       -0.00066      
4.54555       -0.00066      
4.55043       -0.00066      
4.55532       -0.00066      
4.56021       -0.00065      
4.56509       -0.00065      
4.56998       -0.00065      
4.57487       -0.00065      
4.57975       -0.00064      
4.58464       -0.00064      
4.58952       -0.00064      
4.59441       -0.00064      
4.59930       -0.00063      
4.60418       -0.00063      
4.60907       -0.00063      
4.61396       -0.00063      
4.61884       -0.00062      
4.62373       -0.00062      
4.62862       -0.00062      
4.63350       -0.00062      
4.63839       -0.00061      
4.64328       -0.00061      
4.64816       -0.00061      
4.65305       -0.00061      
4.65794       -0.00061      
4.66282       -0.00060      
4.66771       -0.00060      
4.67260       -0.00060      
4.67748       -0.00060      
4.68237       -0.00059      
4.68726       -0.00059      
4.69214       -0.00059      
4.69703       -0.00059      
4.70192       -0.00059      
4.70680       -0.00058      
4.71169       -0.00058      
4.71658       -0.00058      
4.72146       -0.00058      
4.72635       -0.00057      
4.73124       -0.00057      
4.73612       -0.00057      
4.74101       -0.00057      
4.74590       -0.00057      
4.75078       -0.00056      
4.75567       -0.00056      
4.76056       -0.00056      
4.76544       -0.00056      
4.77033       -0.00056      
4.77522       -0.00055      
4.78010       -0.00055      
4.78499       -0.00055      
4.78988       -0.00055      
4.79476       -0.00055      
4.79965       -0.00054      
4.80454       -0.00054      
4.80942       -0.00054      
4.81431       -0.00054      
4.81920       -0.00054      
4.82408       -0.00053      
4.82897       -0.00053      
4.83386       -0.00053      
4.83874       -0.00053      
4.84363       -0.00053      
4.84852       -0.00052      
4.85340       -0.00052      
4.85829       -0.00052      
4.86317       -0.00052      
4.86806       -0.00052      
4.87295       -0.00051      
4.87783       -0.00051      
4.88272       -0.00051      
4.88761       -0.00051      
4.89249       -0.00051      
4.89738       -0.00051      
4.90227       -0.00050      
4.90715       -0.00050      
4.91204       -0.00050      
4.91693       -0.00050      
4.92181       -0.00050      
4.92670       -0.00049      
4.93159       -0.00049      
4.93647       -0.00049      
4.94136       -0.00049      
4.94625       -0.00049      
4.95113       -0.00049      
4.95602       -0.00048      
4.96091       -0.00048      
4.96579       -0.00048      
4.97068       -0.00048      
4.97557       -0.00048      
4.98045       -0.00048      
4.98534       -0.00047      
4.99023       -0.00047      
4.99511       -0.00047      
5.00000       -0.00047      
