0.00100       1000000000006650740080640.00000
0.00589       577588570142760.62500
0.01077       409124583261.62494
0.01566       4597878285.81703
0.02055       176670152.24567
0.02543       13652841.06627
0.03032       1657026.38412 
0.03521       275853.06750  
0.04009       58042.53029   
0.04498       14655.99485   
0.04987       4303.60741    
0.05475       1451.27526    
0.05964       563.36875     
0.06453       255.18149     
0.06941       137.08707     
0.07430       87.25268      
0.07919       63.43871      
0.08407       50.37631      
0.08896       42.54675      
0.09385       36.98123      
0.09873       32.83202      
0.10362       29.72816      
0.10851       26.83427      
0.11339       24.04001      
0.11828       21.24396      
0.12317       18.46246      
0.12805       15.95787      
0.13294       13.85222      
0.13783       11.87982      
0.14271       10.27775      
0.14760       8.58458       
0.15248       7.23432       
0.15737       5.81690       
0.16226       4.64545       
0.16714       3.54037       
0.17203       2.27849       
0.17692       0.98120       
0.18180       -0.33479      
0.18669       -1.68092      
0.19158       -2.95684      
0.19646       -4.13556      
0.20135       -5.17122      
0.20624       -6.06807      
0.21112       -6.92902      
0.21601       -7.41178      
0.22090       -8.01672      
0.22578       -8.52547      
0.23067       -9.03048      
0.23556       -9.37067      
0.24044       -9.70290      
0.24533       -9.84440      
0.25022       -9.85873      
0.25510       -9.65635      
0.25999       -9.56945      
0.26488       -9.27198      
0.26976       -8.96505      
0.27465       -8.71465      
0.27954       -8.51497      
0.28442       -8.40857      
0.28931       -8.49355      
0.29420       -8.85874      
0.29908       -9.22600      
0.30397       -9.55234      
0.30886       -9.80258      
0.31374       -9.90195      
0.31863       -9.84194      
0.32352       -9.68145      
0.32840       -9.45313      
0.33329       -9.11118      
0.33818       -8.61361      
0.34306       -8.18996      
0.34795       -7.67213      
0.35284       -7.07390      
0.35772       -6.53786      
0.36261       -5.95647      
0.36750       -5.29949      
0.37238       -4.78998      
0.37727       -4.31925      
0.38216       -3.82283      
0.38704       -3.45272      
0.39193       -3.07786      
0.39682       -2.68435      
0.40170       -2.42265      
0.40659       -2.08925      
0.41148       -1.77814      
0.41636       -1.63353      
0.42125       -1.28562      
0.42613       -1.09705      
0.43102       -0.91095      
0.43591       -0.81177      
0.44079       -0.72244      
0.44568       -0.64533      
0.45057       -0.66754      
0.45545       -0.63095      
0.46034       -0.64110      
0.46523       -0.67598      
0.47011       -0.66202      
0.47500       -0.73089      
0.47989       -0.74950      
0.48477       -0.76927      
0.48966       -0.81968      
0.49455       -0.82359      
0.49943       -0.96638      
0.50432       -0.95139      
0.50921       -0.94251      
0.51409       -1.02689      
0.51898       -1.04140      
0.52387       -1.04559      
0.52875       -1.10739      
0.53364       -1.13866      
0.53853       -1.11211      
0.54341       -1.11668      
0.54830       -1.14869      
0.55319       -1.14758      
0.55807       -1.11549      
0.56296       -1.12669      
0.56785       -1.13775      
0.57273       -1.09835      
0.57762       -1.09190      
0.58251       -1.10794      
0.58739       -1.08235      
0.59228       -1.07662      
0.59717       -1.08933      
0.60205       -1.09860      
0.60694       -1.04997      
0.61183       -1.00777      
0.61671       -1.08919      
0.62160       -1.05906      
0.62649       -0.94373      
0.63137       -1.00096      
0.63626       -0.96262      
0.64115       -0.96675      
0.64603       -0.91586      
0.65092       -0.78705      
0.65581       -0.82790      
0.66069       -0.89933      
0.66558       -0.71580      
0.67047       -0.69095      
0.67535       -0.79969      
0.68024       -0.65537      
0.68513       -0.59940      
0.69001       -0.60410      
0.69490       -0.61236      
0.69978       -0.54930      
0.70467       -0.52522      
0.70956       -0.51368      
0.71444       -0.49141      
0.71933       -0.45844      
0.72422       -0.43578      
0.72910       -0.43610      
0.73399       -0.38580      
0.73888       -0.39519      
0.74376       -0.39053      
0.74865       -0.34295      
0.75354       -0.35242      
0.75842       -0.33963      
0.76331       -0.33338      
0.76820       -0.32890      
0.77308       -0.32027      
0.77797       -0.29915      
0.78286       -0.24201      
0.78774       -0.24933      
0.79263       -0.29572      
0.79752       -0.27074      
0.80240       -0.27112      
0.80729       -0.25550      
0.81218       -0.26076      
0.81706       -0.28246      
0.82195       -0.24317      
0.82684       -0.24673      
0.83172       -0.30560      
0.83661       -0.21916      
0.84150       -0.22849      
0.84638       -0.29054      
0.85127       -0.30001      
0.85616       -0.32058      
0.86104       -0.33815      
0.86593       -0.35486      
0.87082       -0.32477      
0.87570       -0.33986      
0.88059       -0.36912      
0.88548       -0.27495      
0.89036       -0.32574      
0.89525       -0.39692      
0.90014       -0.31705      
0.90502       -0.28195      
0.90991       -0.38283      
0.91480       -0.37169      
0.91968       -0.29555      
0.92457       -0.32274      
0.92946       -0.35064      
0.93434       -0.30271      
0.93923       -0.34148      
0.94412       -0.39229      
0.94900       -0.26527      
0.95389       -0.30251      
0.95878       -0.32437      
0.96366       -0.34488      
0.96855       -0.33012      
0.97343       -0.30560      
0.97832       -0.30811      
0.98321       -0.34908      
0.98809       -0.32928      
0.99298       -0.29491      
0.99787       -0.29555      
1.00275       -0.27703      
1.00764       -0.26444      
1.01253       -0.30739      
1.01741       -0.28103      
1.02230       -0.22074      
1.02719       -0.27455      
1.03207       -0.29201      
1.03696       -0.23317      
1.04185       -0.21399      
1.04673       -0.23322      
1.05162       -0.24589      
1.05651       -0.19059      
1.06139       -0.19168      
1.06628       -0.22046      
1.07117       -0.26128      
1.07605       -0.22699      
1.08094       -0.25868      
1.08583       -0.15664      
1.09071       -0.17041      
1.09560       -0.17609      
1.10049       -0.18289      
1.10537       -0.16057      
1.11026       -0.11581      
1.11515       -0.13520      
1.12003       -0.17488      
1.12492       -0.20017      
1.12981       -0.18257      
1.13469       -0.16560      
1.13958       -0.19337      
1.14447       -0.13515      
1.14935       -0.13338      
1.15424       -0.22225      
1.15913       -0.19260      
1.16401       -0.14328      
1.16890       -0.21717      
1.17379       -0.15815      
1.17867       -0.16326      
1.18356       -0.17755      
1.18845       -0.19781      
1.19333       -0.21005      
1.19822       -0.19998      
1.20311       -0.16267      
1.20799       -0.15381      
1.21288       -0.23385      
1.21777       -0.14849      
1.22265       -0.09228      
1.22754       -0.21635      
1.23243       -0.17180      
1.23731       -0.18019      
1.24220       -0.13546      
1.24709       -0.10203      
1.25197       -0.12461      
1.25686       -0.11698      
1.26174       -0.10389      
1.26663       -0.12501      
1.27152       -0.12858      
1.27640       -0.14303      
1.28129       -0.11540      
1.28618       -0.08199      
1.29106       -0.09437      
1.29595       -0.04382      
1.30084       0.02308       
1.30572       -0.05570      
1.31061       -0.03813      
1.31550       0.01621       
1.32038       0.02450       
1.32527       -0.01563      
1.33016       -0.04605      
1.33504       -0.05480      
1.33993       -0.02523      
1.34482       -0.00728      
1.34970       -0.07860      
1.35459       -0.09518      
1.35948       -0.01028      
1.36436       0.03193       
1.36925       -0.01945      
1.37414       -0.08611      
1.37902       -0.05544      
1.38391       -0.01298      
1.38880       -0.01762      
1.39368       -0.05941      
1.39857       -0.09569      
1.40346       -0.05850      
1.40834       0.01836       
1.41323       -0.06766      
1.41812       0.01445       
1.42300       -0.01800      
1.42789       -0.08002      
1.43278       -0.02958      
1.43766       -0.00564      
1.44255       0.00195       
1.44744       -0.03142      
1.45232       0.00712       
1.45721       -0.02753      
1.46210       -0.04084      
1.46698       0.03329       
1.47187       0.01402       
1.47676       -0.07732      
1.48164       -0.05923      
1.48653       0.04469       
1.49142       -0.04136      
1.49630       -0.09115      
1.50119       -0.02908      
1.50608       -0.02877      
1.51096       -0.02846      
1.51585       -0.02816      
1.52074       -0.02786      
1.52562       -0.02756      
1.53051       -0.02727      
1.53539       -0.02698      
1.54028       -0.02669      
1.54517       -0.02641      
1.55005       -0.02614      
1.55494       -0.02586      
1.55983       -0.02560      
1.56471       -0.02533      
1.56960       -0.02507      
1.57449       -0.02481      
1.57937       -0.02456      
1.58426       -0.02430      
1.58915       -0.02406      
1.59403       -0.02381      
1.59892       -0.02357      
1.60381       -0.02333      
1.60869       -0.02310      
1.61358       -0.02286      
1.61847       -0.02263      
1.62335       -0.02241      
1.62824       -0.02218      
1.63313       -0.02196      
1.63801       -0.02175      
1.64290       -0.02153      
1.64779       -0.02132      
1.65267       -0.02111      
1.65756       -0.02090      
1.66245       -0.02070      
1.66733       -0.02050      
1.67222       -0.02030      
1.67711       -0.02010      
1.68199       -0.01991      
1.68688       -0.01972      
1.69177       -0.01953      
1.69665       -0.01934      
1.70154       -0.01916      
1.70643       -0.01898      
1.71131       -0.01880      
1.71620       -0.01862      
1.72109       -0.01844      
1.72597       -0.01827      
1.73086       -0.01810      
1.73575       -0.01793      
1.74063       -0.01776      
1.74552       -0.01760      
1.75041       -0.01743      
1.75529       -0.01727      
1.76018       -0.01711      
1.76507       -0.01695      
1.76995       -0.01680      
1.77484       -0.01665      
1.77973       -0.01649      
1.78461       -0.01634      
1.78950       -0.01620      
1.79439       -0.01605      
1.79927       -0.01590      
1.80416       -0.01576      
1.80904       -0.01562      
1.81393       -0.01548      
1.81882       -0.01534      
1.82370       -0.01520      
1.82859       -0.01507      
1.83348       -0.01494      
1.83836       -0.01480      
1.84325       -0.01467      
1.84814       -0.01454      
1.85302       -0.01442      
1.85791       -0.01429      
1.86280       -0.01417      
1.86768       -0.01404      
1.87257       -0.01392      
1.87746       -0.01380      
1.88234       -0.01368      
1.88723       -0.01356      
1.89212       -0.01345      
1.89700       -0.01333      
1.90189       -0.01322      
1.90678       -0.01310      
1.91166       -0.01299      
1.91655       -0.01288      
1.92144       -0.01277      
1.92632       -0.01267      
1.93121       -0.01256      
1.93610       -0.01245      
1.94098       -0.01235      
1.94587       -0.01225      
1.95076       -0.01214      
1.95564       -0.01204      
1.96053       -0.01194      
1.96542       -0.01184      
1.97030       -0.01175      
1.97519       -0.01165      
1.98008       -0.01155      
1.98496       -0.01146      
1.98985       -0.01137      
1.99474       -0.01127      
1.99962       -0.01118      
2.00451       -0.01109      
2.00940       -0.01100      
2.01428       -0.01091      
2.01917       -0.01082      
2.02406       -0.01074      
2.02894       -0.01065      
2.03383       -0.01056      
2.03872       -0.01048      
2.04360       -0.01040      
2.04849       -0.01031      
2.05338       -0.01023      
2.05826       -0.01015      
2.06315       -0.01007      
2.06804       -0.00999      
2.07292       -0.00991      
2.07781       -0.00983      
2.08270       -0.00976      
2.08758       -0.00968      
2.09247       -0.00961      
2.09735       -0.00953      
2.10224       -0.00946      
2.10713       -0.00938      
2.11201       -0.00931      
2.11690       -0.00924      
2.12179       -0.00917      
2.12667       -0.00910      
2.13156       -0.00903      
2.13645       -0.00896      
2.14133       -0.00889      
2.14622       -0.00882      
2.15111       -0.00876      
2.15599       -0.00869      
2.16088       -0.00862      
2.16577       -0.00856      
2.17065       -0.00849      
2.17554       -0.00843      
2.18043       -0.00837      
2.18531       -0.00831      
2.19020       -0.00824      
2.19509       -0.00818      
2.19997       -0.00812      
2.20486       -0.00806      
2.20975       -0.00800      
2.21463       -0.00794      
2.21952       -0.00788      
2.22441       -0.00783      
2.22929       -0.00777      
2.23418       -0.00771      
2.23907       -0.00765      
2.24395       -0.00760      
2.24884       -0.00754      
2.25373       -0.00749      
2.25861       -0.00743      
2.26350       -0.00738      
2.26839       -0.00733      
2.27327       -0.00727      
2.27816       -0.00722      
2.28305       -0.00717      
2.28793       -0.00712      
2.29282       -0.00707      
2.29771       -0.00702      
2.30259       -0.00697      
2.30748       -0.00692      
2.31237       -0.00687      
2.31725       -0.00682      
2.32214       -0.00677      
2.32703       -0.00673      
2.33191       -0.00668      
2.33680       -0.00663      
2.34169       -0.00658      
2.34657       -0.00654      
2.35146       -0.00649      
2.35635       -0.00645      
2.36123       -0.00640      
2.36612       -0.00636      
2.37100       -0.00631      
2.37589       -0.00627      
2.38078       -0.00623      
2.38566       -0.00618      
2.39055       -0.00614      
2.39544       -0.00610      
2.40032       -0.00606      
2.40521       -0.00602      
2.41010       -0.00598      
2.41498       -0.00594      
2.41987       -0.00590      
2.42476       -0.00586      
2.42964       -0.00582      
2.43453       -0.00578      
2.43942       -0.00574      
2.44430       -0.00570      
2.44919       -0.00566      
2.45408       -0.00562      
2.45896       -0.00558      
2.46385       -0.00555      
2.46874       -0.00551      
2.47362       -0.00547      
2.47851       -0.00544      
2.48340       -0.00540      
2.48828       -0.00537      
2.49317       -0.00533      
2.49806       -0.00530      
2.50294       -0.00526      
2.50783       -0.00523      
2.51272       -0.00519      
2.51760       -0.00516      
2.52249       -0.00512      
2.52738       -0.00509      
2.53226       -0.00506      
2.53715       -0.00502      
2.54204       -0.00499      
2.54692       -0.00496      
2.55181       -0.00493      
2.55670       -0.00490      
2.56158       -0.00486      
2.56647       -0.00483      
2.57136       -0.00480      
2.57624       -0.00477      
2.58113       -0.00474      
2.58602       -0.00471      
2.59090       -0.00468      
2.59579       -0.00465      
2.60068       -0.00462      
2.60556       -0.00459      
2.61045       -0.00456      
2.61534       -0.00453      
2.62022       -0.00451      
2.62511       -0.00448      
2.63000       -0.00445      
2.63488       -0.00442      
2.63977       -0.00439      
2.64465       -0.00437      
2.64954       -0.00434      
2.65443       -0.00431      
2.65931       -0.00428      
2.66420       -0.00426      
2.66909       -0.00423      
2.67397       -0.00421      
2.67886       -0.00418      
2.68375       -0.00415      
2.68863       -0.00413      
2.69352       -0.00410      
2.69841       -0.00408      
2.70329       -0.00405      
2.70818       -0.00403      
2.71307       -0.00400      
2.71795       -0.00398      
2.72284       -0.00395      
2.72773       -0.00393      
2.73261       -0.00391      
2.73750       -0.00388      
2.74239       -0.00386      
2.74727       -0.00384      
2.75216       -0.00381      
2.75705       -0.00379      
2.76193       -0.00377      
2.76682       -0.00375      
2.77171       -0.00372      
2.77659       -0.00370      
2.78148       -0.00368      
2.78637       -0.00366      
2.79125       -0.00363      
2.79614       -0.00361      
2.80103       -0.00359      
2.80591       -0.00357      
2.81080       -0.00355      
2.81569       -0.00353      
2.82057       -0.00351      
2.82546       -0.00349      
2.83035       -0.00347      
2.83523       -0.00345      
2.84012       -0.00343      
2.84501       -0.00341      
2.84989       -0.00339      
2.85478       -0.00337      
2.85967       -0.00335      
2.86455       -0.00333      
2.86944       -0.00331      
2.87433       -0.00329      
2.87921       -0.00327      
2.88410       -0.00325      
2.88899       -0.00323      
2.89387       -0.00321      
2.89876       -0.00320      
2.90365       -0.00318      
2.90853       -0.00316      
2.91342       -0.00314      
2.91830       -0.00312      
2.92319       -0.00311      
2.92808       -0.00309      
2.93296       -0.00307      
2.93785       -0.00305      
2.94274       -0.00304      
2.94762       -0.00302      
2.95251       -0.00300      
2.95740       -0.00298      
2.96228       -0.00297      
2.96717       -0.00295      
2.97206       -0.00293      
2.97694       -0.00292      
2.98183       -0.00290      
2.98672       -0.00289      
2.99160       -0.00287      
2.99649       -0.00285      
3.00138       -0.00284      
3.00626       -0.00282      
3.01115       -0.00281      
3.01604       -0.00279      
3.02092       -0.00278      
3.02581       -0.00276      
3.03070       -0.00274      
3.03558       -0.00273      
3.04047       -0.00271      
3.04536       -0.00270      
3.05024       -0.00268      
3.05513       -0.00267      
3.06002       -0.00266      
3.06490       -0.00264      
3.06979       -0.00263      
3.07468       -0.00261      
3.07956       -0.00260      
3.08445       -0.00258      
3.08934       -0.00257      
3.09422       -0.00256      
3.09911       -0.00254      
3.10400       -0.00253      
3.10888       -0.00252      
3.11377       -0.00250      
3.11866       -0.00249      
3.12354       -0.00247      
3.12843       -0.00246      
3.13332       -0.00245      
3.13820       -0.00244      
3.14309       -0.00242      
3.14798       -0.00241      
3.15286       -0.00240      
3.15775       -0.00238      
3.16264       -0.00237      
3.16752       -0.00236      
3.17241       -0.00235      
3.17730       -0.00233      
3.18218       -0.00232      
3.18707       -0.00231      
3.19196       -0.00230      
3.19684       -0.00229      
3.20173       -0.00227      
3.20661       -0.00226      
3.21150       -0.00225      
3.21639       -0.00224      
3.22127       -0.00223      
3.22616       -0.00221      
3.23105       -0.00220      
3.23593       -0.00219      
3.24082       -0.00218      
3.24571       -0.00217      
3.25059       -0.00216      
3.25548       -0.00215      
3.26037       -0.00214      
3.26525       -0.00212      
3.27014       -0.00211      
3.27503       -0.00210      
3.27991       -0.00209      
3.28480       -0.00208      
3.28969       -0.00207      
3.29457       -0.00206      
3.29946       -0.00205      
3.30435       -0.00204      
3.30923       -0.00203      
3.31412       -0.00202      
3.31901       -0.00201      
3.32389       -0.00200      
3.32878       -0.00199      
3.33367       -0.00198      
3.33855       -0.00197      
3.34344       -0.00196      
3.34833       -0.00195      
3.35321       -0.00194      
3.35810       -0.00193      
3.36299       -0.00192      
3.36787       -0.00191      
3.37276       -0.00190      
3.37765       -0.00189      
3.38253       -0.00188      
3.38742       -0.00187      
3.39231       -0.00186      
3.39719       -0.00185      
3.40208       -0.00184      
3.40697       -0.00183      
3.41185       -0.00183      
3.41674       -0.00182      
3.42163       -0.00181      
3.42651       -0.00180      
3.43140       -0.00179      
3.43629       -0.00178      
3.44117       -0.00177      
3.44606       -0.00176      
3.45095       -0.00175      
3.45583       -0.00175      
3.46072       -0.00174      
3.46561       -0.00173      
3.47049       -0.00172      
3.47538       -0.00171      
3.48026       -0.00170      
3.48515       -0.00170      
3.49004       -0.00169      
3.49492       -0.00168      
3.49981       -0.00167      
3.50470       -0.00166      
3.50958       -0.00166      
3.51447       -0.00165      
3.51936       -0.00164      
3.52424       -0.00163      
3.52913       -0.00162      
3.53402       -0.00162      
3.53890       -0.00161      
3.54379       -0.00160      
3.54868       -0.00159      
3.55356       -0.00159      
3.55845       -0.00158      
3.56334       -0.00157      
3.56822       -0.00156      
3.57311       -0.00156      
3.57800       -0.00155      
3.58288       -0.00154      
3.58777       -0.00153      
3.59266       -0.00153      
3.59754       -0.00152      
3.60243       -0.00151      
3.60732       -0.00150      
3.61220       -0.00150      
3.61709       -0.00149      
3.62198       -0.00148      
3.62686       -0.00148      
3.63175       -0.00147      
3.63664       -0.00146      
3.64152       -0.00146      
3.64641       -0.00145      
3.65130       -0.00144      
3.65618       -0.00144      
3.66107       -0.00143      
3.66596       -0.00142      
3.67084       -0.00142      
3.67573       -0.00141      
3.68062       -0.00140      
3.68550       -0.00140      
3.69039       -0.00139      
3.69528       -0.00138      
3.70016       -0.00138      
3.70505       -0.00137      
3.70994       -0.00136      
3.71482       -0.00136      
3.71971       -0.00135      
3.72460       -0.00135      
3.72948       -0.00134      
3.73437       -0.00133      
3.73926       -0.00133      
3.74414       -0.00132      
3.74903       -0.00132      
3.75391       -0.00131      
3.75880       -0.00130      
3.76369       -0.00130      
3.76857       -0.00129      
3.77346       -0.00129      
3.77835       -0.00128      
3.78323       -0.00127      
3.78812       -0.00127      
3.79301       -0.00126      
3.79789       -0.00126      
3.80278       -0.00125      
3.80767       -0.00125      
3.81255       -0.00124      
3.81744       -0.00123      
3.82233       -0.00123      
3.82721       -0.00122      
3.83210       -0.00122      
3.83699       -0.00121      
3.84187       -0.00121      
3.84676       -0.00120      
3.85165       -0.00120      
3.85653       -0.00119      
3.86142       -0.00119      
3.86631       -0.00118      
3.87119       -0.00118      
3.87608       -0.00117      
3.88097       -0.00117      
3.88585       -0.00116      
3.89074       -0.00116      
3.89563       -0.00115      
3.90051       -0.00115      
3.90540       -0.00114      
3.91029       -0.00114      
3.91517       -0.00113      
3.92006       -0.00113      
3.92495       -0.00112      
3.92983       -0.00112      
3.93472       -0.00111      
3.93961       -0.00111      
3.94449       -0.00110      
3.94938       -0.00110      
3.95427       -0.00109      
3.95915       -0.00109      
3.96404       -0.00108      
3.96893       -0.00108      
3.97381       -0.00107      
3.97870       -0.00107      
3.98359       -0.00106      
3.98847       -0.00106      
3.99336       -0.00105      
3.99825       -0.00105      
4.00313       -0.00105      
4.00802       -0.00104      
4.01291       -0.00104      
4.01779       -0.00103      
4.02268       -0.00103      
4.02757       -0.00102      
4.03245       -0.00102      
4.03734       -0.00101      
4.04222       -0.00101      
4.04711       -0.00101      
4.05200       -0.00100      
4.05688       -0.00100      
4.06177       -0.00099      
4.06666       -0.00099      
4.07154       -0.00098      
4.07643       -0.00098      
4.08132       -0.00098      
4.08620       -0.00097      
4.09109       -0.00097      
4.09598       -0.00096      
4.10086       -0.00096      
4.10575       -0.00096      
4.11064       -0.00095      
4.11552       -0.00095      
4.12041       -0.00094      
4.12530       -0.00094      
4.13018       -0.00094      
4.13507       -0.00093      
4.13996       -0.00093      
4.14484       -0.00092      
4.14973       -0.00092      
4.15462       -0.00092      
4.15950       -0.00091      
4.16439       -0.00091      
4.16928       -0.00091      
4.17416       -0.00090      
4.17905       -0.00090      
4.18394       -0.00089      
4.18882       -0.00089      
4.19371       -0.00089      
4.19860       -0.00088      
4.20348       -0.00088      
4.20837       -0.00088      
4.21326       -0.00087      
4.21814       -0.00087      
4.22303       -0.00087      
4.22792       -0.00086      
4.23280       -0.00086      
4.23769       -0.00085      
4.24258       -0.00085      
4.24746       -0.00085      
4.25235       -0.00084      
4.25724       -0.00084      
4.26212       -0.00084      
4.26701       -0.00083      
4.27190       -0.00083      
4.27678       -0.00083      
4.28167       -0.00082      
4.28656       -0.00082      
4.29144       -0.00082      
4.29633       -0.00081      
4.30122       -0.00081      
4.30610       -0.00081      
4.31099       -0.00080      
4.31587       -0.00080      
4.32076       -0.00080      
4.32565       -0.00079      
4.33053       -0.00079      
4.33542       -0.00079      
4.34031       -0.00079      
4.34519       -0.00078      
4.35008       -0.00078      
4.35497       -0.00078      
4.35985       -0.00077      
4.36474       -0.00077      
4.36963       -0.00077      
4.37451       -0.00076      
4.37940       -0.00076      
4.38429       -0.00076      
4.38917       -0.00075      
4.39406       -0.00075      
4.39895       -0.00075      
4.40383       -0.00075      
4.40872       -0.00074      
4.41361       -0.00074      
4.41849       -0.00074      
4.42338       -0.00073      
4.42827       -0.00073      
4.43315       -0.00073      
4.43804       -0.00073      
4.44293       -0.00072      
4.44781       -0.00072      
4.45270       -0.00072      
4.45759       -0.00071      
4.46247       -0.00071      
4.46736       -0.00071      
4.47225       -0.00071      
4.47713       -0.00070      
4.48202       -0.00070      
4.48691       -0.00070      
4.49179       -0.00070      
4.49668       -0.00069      
4.50157       -0.00069      
4.50645       -0.00069      
4.51134       -0.00068      
4.51623       -0.00068      
4.52111       -0.00068      
4.52600       -0.00068      
4.53089       -0.00067      
4.53577       -0.00067      
4.54066       -0.00067      
4.54555       -0.00067      
4.55043       -0.00066      
4.55532       -0.00066      
4.56021       -0.00066      
4.56509       -0.00066      
4.56998       -0.00065      
4.57487       -0.00065      
4.57975       -0.00065      
4.58464       -0.00065      
4.58952       -0.00064      
4.59441       -0.00064      
4.59930       -0.00064      
4.60418       -0.00064      
4.60907       -0.00063      
4.61396       -0.00063      
4.61884       -0.00063      
4.62373       -0.00063      
4.62862       -0.00062      
4.63350       -0.00062      
4.63839       -0.00062      
4.64328       -0.00062      
4.64816       -0.00062      
4.65305       -0.00061      
4.65794       -0.00061      
4.66282       -0.00061      
4.66771       -0.00061      
4.67260       -0.00060      
4.67748       -0.00060      
4.68237       -0.00060      
4.68726       -0.00060      
4.69214       -0.00059      
4.69703       -0.00059      
4.70192       -0.00059      
4.70680       -0.00059      
4.71169       -0.00059      
4.71658       -0.00058      
4.72146       -0.00058      
4.72635       -0.00058      
4.73124       -0.00058      
4.73612       -0.00058      
4.74101       -0.00057      
4.74590       -0.00057      
4.75078       -0.00057      
4.75567       -0.00057      
4.76056       -0.00056      
4.76544       -0.00056      
4.77033       -0.00056      
4.77522       -0.00056      
4.78010       -0.00056      
4.78499       -0.00055      
4.78988       -0.00055      
4.79476       -0.00055      
4.79965       -0.00055      
4.80454       -0.00055      
4.80942       -0.00054      
4.81431       -0.00054      
4.81920       -0.00054      
4.82408       -0.00054      
4.82897       -0.00054      
4.83386       -0.00053      
4.83874       -0.00053      
4.84363       -0.00053      
4.84852       -0.00053      
4.85340       -0.00053      
4.85829       -0.00052      
4.86317       -0.00052      
4.86806       -0.00052      
4.87295       -0.00052      
4.87783       -0.00052      
4.88272       -0.00052      
4.88761       -0.00051      
4.89249       -0.00051      
4.89738       -0.00051      
4.90227       -0.00051      
4.90715       -0.00051      
4.91204       -0.00050      
4.91693       -0.00050      
4.92181       -0.00050      
4.92670       -0.00050      
4.93159       -0.00050      
4.93647       -0.00050      
4.94136       -0.00049      
4.94625       -0.00049      
4.95113       -0.00049      
4.95602       -0.00049      
4.96091       -0.00049      
4.96579       -0.00049      
4.97068       -0.00048      
4.97557       -0.00048      
4.98045       -0.00048      
4.98534       -0.00048      
4.99023       -0.00048      
4.99511       -0.00047      
5.00000       -0.00047      
