0.00100       1000000000006650740080640.00000
0.00589       577588570142784.00000
0.01077       409124583285.03174
0.01566       4597878309.22380
0.02055       176670175.65238
0.02543       13652864.47292
0.03032       1657047.19540 
0.03521       275863.84691  
0.04009       58044.11923   
0.04498       14649.63260   
0.04987       4289.93874    
0.05475       1431.31590    
0.05964       541.20975     
0.06453       233.98512     
0.06941       117.09783     
0.07430       68.03043      
0.07919       45.68626      
0.08407       33.70234      
0.08896       26.61801      
0.09385       21.66328      
0.09873       17.45936      
0.10362       14.35367      
0.10851       12.06976      
0.11339       9.79733       
0.11828       8.34815       
0.12317       7.23294       
0.12805       6.45734       
0.13294       5.92523       
0.13783       5.71117       
0.14271       6.05207       
0.14760       6.20287       
0.15248       6.74284       
0.15737       7.54212       
0.16226       8.11916       
0.16714       8.96471       
0.17203       9.61196       
0.17692       10.01262      
0.18180       9.78158       
0.18669       8.76805       
0.19158       6.67421       
0.19646       3.56454       
0.20135       0.19381       
0.20624       -2.80187      
0.21112       -5.09929      
0.21601       -7.05153      
0.22090       -8.38707      
0.22578       -9.45819      
0.23067       -10.15130     
0.23556       -10.77358     
0.24044       -11.08346     
0.24533       -11.13332     
0.25022       -11.11623     
0.25510       -11.00080     
0.25999       -10.75378     
0.26488       -10.51285     
0.26976       -10.16240     
0.27465       -9.76478      
0.27954       -9.35780      
0.28442       -8.84247      
0.28931       -8.43022      
0.29420       -8.04039      
0.29908       -7.59884      
0.30397       -7.27749      
0.30886       -6.91735      
0.31374       -6.47565      
0.31863       -6.19324      
0.32352       -5.96482      
0.32840       -5.66160      
0.33329       -5.42686      
0.33818       -5.16400      
0.34306       -5.04425      
0.34795       -4.77023      
0.35284       -4.61258      
0.35772       -4.32266      
0.36261       -4.24664      
0.36750       -3.85399      
0.37238       -3.79923      
0.37727       -3.49291      
0.38216       -3.26895      
0.38704       -3.04233      
0.39193       -2.84678      
0.39682       -2.58472      
0.40170       -2.37515      
0.40659       -2.15272      
0.41148       -2.00455      
0.41636       -1.86711      
0.42125       -1.72553      
0.42613       -1.66509      
0.43102       -1.62528      
0.43591       -1.60408      
0.44079       -1.70713      
0.44568       -1.69954      
0.45057       -1.71101      
0.45545       -1.91930      
0.46034       -1.85692      
0.46523       -1.95150      
0.47011       -2.02027      
0.47500       -2.01809      
0.47989       -2.13578      
0.48477       -2.23446      
0.48966       -2.24075      
0.49455       -2.28129      
0.49943       -2.41657      
0.50432       -2.43748      
0.50921       -2.32562      
0.51409       -2.38651      
0.51898       -2.39828      
0.52387       -2.11503      
0.52875       -1.99554      
0.53364       -1.94022      
0.53853       -1.79990      
0.54341       -1.56507      
0.54830       -1.41484      
0.55319       -1.51628      
0.55807       -1.25431      
0.56296       -1.11077      
0.56785       -1.27992      
0.57273       -1.04236      
0.57762       -0.98884      
0.58251       -1.06634      
0.58739       -0.82966      
0.59228       -0.87959      
0.59717       -0.87677      
0.60205       -0.83921      
0.60694       -0.77890      
0.61183       -0.66092      
0.61671       -0.70641      
0.62160       -0.76698      
0.62649       -0.67301      
0.63137       -0.59069      
0.63626       -0.60801      
0.64115       -0.58462      
0.64603       -0.60094      
0.65092       -0.63043      
0.65581       -0.55930      
0.66069       -0.48748      
0.66558       -0.45548      
0.67047       -0.49880      
0.67535       -0.49048      
0.68024       -0.39470      
0.68513       -0.39848      
0.69001       -0.48161      
0.69490       -0.44215      
0.69978       -0.36600      
0.70467       -0.33756      
0.70956       -0.34729      
0.71444       -0.27704      
0.71933       -0.20116      
0.72422       -0.25066      
0.72910       -0.24354      
0.73399       -0.16524      
0.73888       -0.16097      
0.74376       -0.17087      
0.74865       -0.23564      
0.75354       -0.17767      
0.75842       -0.07052      
0.76331       -0.11731      
0.76820       -0.22109      
0.77308       -0.10212      
0.77797       0.01304       
0.78286       -0.08630      
0.78774       -0.18609      
0.79263       -0.04263      
0.79752       0.04244       
0.80240       -0.26205      
0.80729       0.03660       
0.81218       0.01416       
0.81706       -0.07974      
0.82195       -0.15670      
0.82684       -0.06090      
0.83172       -0.00442      
0.83661       -0.11869      
0.84150       -0.07009      
0.84638       -0.04493      
0.85127       -0.07944      
0.85616       -0.05308      
0.86104       -0.02590      
0.86593       -0.00594      
0.87082       -0.00488      
0.87570       -0.08154      
0.88059       -0.05588      
0.88548       -0.00451      
0.89036       -0.00996      
0.89525       -0.01341      
0.90014       -0.04206      
0.90502       -0.03874      
0.90991       -0.07323      
0.91480       -0.02949      
0.91968       0.01447       
0.92457       -0.06036      
0.92946       -0.04267      
0.93434       -0.01586      
0.93923       -0.08728      
0.94412       -0.02069      
0.94900       0.05744       
0.95389       -0.04879      
0.95878       -0.11791      
0.96366       -0.04557      
0.96855       0.05815       
0.97343       0.00614       
0.97832       -0.10819      
0.98321       0.04097       
0.98809       0.10690       
0.99298       0.04403       
0.99787       -0.06047      
1.00275       0.05712       
1.00764       0.10834       
1.01253       0.01303       
1.01741       0.03390       
1.02230       0.13317       
1.02719       0.10810       
1.03207       0.08662       
1.03696       0.23765       
1.04185       0.22576       
1.04673       0.22506       
1.05162       0.27646       
1.05651       0.19465       
1.06139       0.17034       
1.06628       0.26342       
1.07117       0.27426       
1.07605       0.23912       
1.08094       0.19105       
1.08583       0.22434       
1.09071       0.23395       
1.09560       0.19762       
1.10049       0.16464       
1.10537       0.22767       
1.11026       0.17042       
1.11515       0.05522       
1.12003       0.19653       
1.12492       0.27491       
1.12981       0.15700       
1.13469       0.10787       
1.13958       0.21680       
1.14447       0.23940       
1.14935       0.10801       
1.15424       0.10201       
1.15913       0.17180       
1.16401       0.14432       
1.16890       0.13132       
1.17379       0.12400       
1.17867       0.06073       
1.18356       0.06198       
1.18845       0.07914       
1.19333       0.09561       
1.19822       0.13962       
1.20311       0.10744       
1.20799       0.07255       
1.21288       0.13771       
1.21777       0.11112       
1.22265       0.08385       
1.22754       0.14862       
1.23243       0.17106       
1.23731       0.03914       
1.24220       0.04228       
1.24709       0.14596       
1.25197       0.17517       
1.25686       0.08208       
1.26174       0.07177       
1.26663       0.12525       
1.27152       0.11449       
1.27640       0.07412       
1.28129       0.11693       
1.28618       0.13240       
1.29106       0.16035       
1.29595       0.10075       
1.30084       0.10023       
1.30572       0.13098       
1.31061       0.13910       
1.31550       0.10763       
1.32038       0.04082       
1.32527       0.03738       
1.33016       0.03705       
1.33504       0.11495       
1.33993       0.12755       
1.34482       0.05769       
1.34970       0.02611       
1.35459       0.09447       
1.35948       0.07724       
1.36436       0.02908       
1.36925       0.06565       
1.37414       0.01319       
1.37902       -0.02529      
1.38391       0.06506       
1.38880       0.06515       
1.39368       -0.03967      
1.39857       -0.07194      
1.40346       -0.00288      
1.40834       -0.00913      
1.41323       -0.07383      
1.41812       0.03083       
1.42300       -0.03827      
1.42789       -0.05904      
1.43278       0.03916       
1.43766       -0.03921      
1.44255       -0.14805      
1.44744       -0.09091      
1.45232       -0.03779      
1.45721       -0.02028      
1.46210       -0.07339      
1.46698       -0.11176      
1.47187       -0.06704      
1.47676       0.02697       
1.48164       -0.13935      
1.48653       -0.20256      
1.49142       -0.07527      
1.49630       -0.03043      
1.50119       -0.02695      
1.50608       -0.02666      
1.51096       -0.02637      
1.51585       -0.02609      
1.52074       -0.02581      
1.52562       -0.02554      
1.53051       -0.02527      
1.53539       -0.02500      
1.54028       -0.02474      
1.54517       -0.02448      
1.55005       -0.02422      
1.55494       -0.02397      
1.55983       -0.02372      
1.56471       -0.02348      
1.56960       -0.02324      
1.57449       -0.02300      
1.57937       -0.02276      
1.58426       -0.02253      
1.58915       -0.02230      
1.59403       -0.02207      
1.59892       -0.02185      
1.60381       -0.02163      
1.60869       -0.02141      
1.61358       -0.02119      
1.61847       -0.02098      
1.62335       -0.02077      
1.62824       -0.02057      
1.63313       -0.02036      
1.63801       -0.02016      
1.64290       -0.01996      
1.64779       -0.01977      
1.65267       -0.01957      
1.65756       -0.01938      
1.66245       -0.01919      
1.66733       -0.01901      
1.67222       -0.01882      
1.67711       -0.01864      
1.68199       -0.01846      
1.68688       -0.01828      
1.69177       -0.01811      
1.69665       -0.01793      
1.70154       -0.01776      
1.70643       -0.01759      
1.71131       -0.01743      
1.71620       -0.01726      
1.72109       -0.01710      
1.72597       -0.01694      
1.73086       -0.01678      
1.73575       -0.01663      
1.74063       -0.01647      
1.74552       -0.01632      
1.75041       -0.01617      
1.75529       -0.01602      
1.76018       -0.01587      
1.76507       -0.01572      
1.76995       -0.01558      
1.77484       -0.01544      
1.77973       -0.01530      
1.78461       -0.01516      
1.78950       -0.01502      
1.79439       -0.01488      
1.79927       -0.01475      
1.80416       -0.01462      
1.80904       -0.01449      
1.81393       -0.01436      
1.81882       -0.01423      
1.82370       -0.01410      
1.82859       -0.01398      
1.83348       -0.01385      
1.83836       -0.01373      
1.84325       -0.01361      
1.84814       -0.01349      
1.85302       -0.01337      
1.85791       -0.01326      
1.86280       -0.01314      
1.86768       -0.01303      
1.87257       -0.01291      
1.87746       -0.01280      
1.88234       -0.01269      
1.88723       -0.01258      
1.89212       -0.01247      
1.89700       -0.01237      
1.90189       -0.01226      
1.90678       -0.01216      
1.91166       -0.01205      
1.91655       -0.01195      
1.92144       -0.01185      
1.92632       -0.01175      
1.93121       -0.01165      
1.93610       -0.01155      
1.94098       -0.01146      
1.94587       -0.01136      
1.95076       -0.01127      
1.95564       -0.01117      
1.96053       -0.01108      
1.96542       -0.01099      
1.97030       -0.01090      
1.97519       -0.01081      
1.98008       -0.01072      
1.98496       -0.01063      
1.98985       -0.01055      
1.99474       -0.01046      
1.99962       -0.01037      
2.00451       -0.01029      
2.00940       -0.01021      
2.01428       -0.01012      
2.01917       -0.01004      
2.02406       -0.00996      
2.02894       -0.00988      
2.03383       -0.00980      
2.03872       -0.00972      
2.04360       -0.00965      
2.04849       -0.00957      
2.05338       -0.00949      
2.05826       -0.00942      
2.06315       -0.00934      
2.06804       -0.00927      
2.07292       -0.00920      
2.07781       -0.00913      
2.08270       -0.00905      
2.08758       -0.00898      
2.09247       -0.00891      
2.09735       -0.00884      
2.10224       -0.00878      
2.10713       -0.00871      
2.11201       -0.00864      
2.11690       -0.00857      
2.12179       -0.00851      
2.12667       -0.00844      
2.13156       -0.00838      
2.13645       -0.00831      
2.14133       -0.00825      
2.14622       -0.00819      
2.15111       -0.00813      
2.15599       -0.00807      
2.16088       -0.00800      
2.16577       -0.00794      
2.17065       -0.00788      
2.17554       -0.00782      
2.18043       -0.00777      
2.18531       -0.00771      
2.19020       -0.00765      
2.19509       -0.00759      
2.19997       -0.00754      
2.20486       -0.00748      
2.20975       -0.00743      
2.21463       -0.00737      
2.21952       -0.00732      
2.22441       -0.00726      
2.22929       -0.00721      
2.23418       -0.00716      
2.23907       -0.00711      
2.24395       -0.00705      
2.24884       -0.00700      
2.25373       -0.00695      
2.25861       -0.00690      
2.26350       -0.00685      
2.26839       -0.00680      
2.27327       -0.00675      
2.27816       -0.00670      
2.28305       -0.00666      
2.28793       -0.00661      
2.29282       -0.00656      
2.29771       -0.00651      
2.30259       -0.00647      
2.30748       -0.00642      
2.31237       -0.00638      
2.31725       -0.00633      
2.32214       -0.00629      
2.32703       -0.00624      
2.33191       -0.00620      
2.33680       -0.00616      
2.34169       -0.00611      
2.34657       -0.00607      
2.35146       -0.00603      
2.35635       -0.00599      
2.36123       -0.00594      
2.36612       -0.00590      
2.37100       -0.00586      
2.37589       -0.00582      
2.38078       -0.00578      
2.38566       -0.00574      
2.39055       -0.00570      
2.39544       -0.00566      
2.40032       -0.00562      
2.40521       -0.00559      
2.41010       -0.00555      
2.41498       -0.00551      
2.41987       -0.00547      
2.42476       -0.00544      
2.42964       -0.00540      
2.43453       -0.00536      
2.43942       -0.00533      
2.44430       -0.00529      
2.44919       -0.00526      
2.45408       -0.00522      
2.45896       -0.00518      
2.46385       -0.00515      
2.46874       -0.00512      
2.47362       -0.00508      
2.47851       -0.00505      
2.48340       -0.00501      
2.48828       -0.00498      
2.49317       -0.00495      
2.49806       -0.00492      
2.50294       -0.00488      
2.50783       -0.00485      
2.51272       -0.00482      
2.51760       -0.00479      
2.52249       -0.00476      
2.52738       -0.00473      
2.53226       -0.00470      
2.53715       -0.00467      
2.54204       -0.00463      
2.54692       -0.00460      
2.55181       -0.00458      
2.55670       -0.00455      
2.56158       -0.00452      
2.56647       -0.00449      
2.57136       -0.00446      
2.57624       -0.00443      
2.58113       -0.00440      
2.58602       -0.00437      
2.59090       -0.00435      
2.59579       -0.00432      
2.60068       -0.00429      
2.60556       -0.00426      
2.61045       -0.00424      
2.61534       -0.00421      
2.62022       -0.00418      
2.62511       -0.00416      
2.63000       -0.00413      
2.63488       -0.00411      
2.63977       -0.00408      
2.64465       -0.00405      
2.64954       -0.00403      
2.65443       -0.00400      
2.65931       -0.00398      
2.66420       -0.00395      
2.66909       -0.00393      
2.67397       -0.00391      
2.67886       -0.00388      
2.68375       -0.00386      
2.68863       -0.00383      
2.69352       -0.00381      
2.69841       -0.00379      
2.70329       -0.00376      
2.70818       -0.00374      
2.71307       -0.00372      
2.71795       -0.00369      
2.72284       -0.00367      
2.72773       -0.00365      
2.73261       -0.00363      
2.73750       -0.00361      
2.74239       -0.00358      
2.74727       -0.00356      
2.75216       -0.00354      
2.75705       -0.00352      
2.76193       -0.00350      
2.76682       -0.00348      
2.77171       -0.00346      
2.77659       -0.00344      
2.78148       -0.00342      
2.78637       -0.00340      
2.79125       -0.00338      
2.79614       -0.00336      
2.80103       -0.00334      
2.80591       -0.00332      
2.81080       -0.00330      
2.81569       -0.00328      
2.82057       -0.00326      
2.82546       -0.00324      
2.83035       -0.00322      
2.83523       -0.00320      
2.84012       -0.00318      
2.84501       -0.00316      
2.84989       -0.00314      
2.85478       -0.00313      
2.85967       -0.00311      
2.86455       -0.00309      
2.86944       -0.00307      
2.87433       -0.00305      
2.87921       -0.00304      
2.88410       -0.00302      
2.88899       -0.00300      
2.89387       -0.00298      
2.89876       -0.00297      
2.90365       -0.00295      
2.90853       -0.00293      
2.91342       -0.00292      
2.91830       -0.00290      
2.92319       -0.00288      
2.92808       -0.00287      
2.93296       -0.00285      
2.93785       -0.00284      
2.94274       -0.00282      
2.94762       -0.00280      
2.95251       -0.00279      
2.95740       -0.00277      
2.96228       -0.00276      
2.96717       -0.00274      
2.97206       -0.00273      
2.97694       -0.00271      
2.98183       -0.00269      
2.98672       -0.00268      
2.99160       -0.00266      
2.99649       -0.00265      
3.00138       -0.00264      
3.00626       -0.00262      
3.01115       -0.00261      
3.01604       -0.00259      
3.02092       -0.00258      
3.02581       -0.00256      
3.03070       -0.00255      
3.03558       -0.00254      
3.04047       -0.00252      
3.04536       -0.00251      
3.05024       -0.00249      
3.05513       -0.00248      
3.06002       -0.00247      
3.06490       -0.00245      
3.06979       -0.00244      
3.07468       -0.00243      
3.07956       -0.00241      
3.08445       -0.00240      
3.08934       -0.00239      
3.09422       -0.00237      
3.09911       -0.00236      
3.10400       -0.00235      
3.10888       -0.00234      
3.11377       -0.00232      
3.11866       -0.00231      
3.12354       -0.00230      
3.12843       -0.00229      
3.13332       -0.00227      
3.13820       -0.00226      
3.14309       -0.00225      
3.14798       -0.00224      
3.15286       -0.00223      
3.15775       -0.00221      
3.16264       -0.00220      
3.16752       -0.00219      
3.17241       -0.00218      
3.17730       -0.00217      
3.18218       -0.00216      
3.18707       -0.00214      
3.19196       -0.00213      
3.19684       -0.00212      
3.20173       -0.00211      
3.20661       -0.00210      
3.21150       -0.00209      
3.21639       -0.00208      
3.22127       -0.00207      
3.22616       -0.00206      
3.23105       -0.00205      
3.23593       -0.00204      
3.24082       -0.00202      
3.24571       -0.00201      
3.25059       -0.00200      
3.25548       -0.00199      
3.26037       -0.00198      
3.26525       -0.00197      
3.27014       -0.00196      
3.27503       -0.00195      
3.27991       -0.00194      
3.28480       -0.00193      
3.28969       -0.00192      
3.29457       -0.00191      
3.29946       -0.00190      
3.30435       -0.00189      
3.30923       -0.00188      
3.31412       -0.00187      
3.31901       -0.00187      
3.32389       -0.00186      
3.32878       -0.00185      
3.33367       -0.00184      
3.33855       -0.00183      
3.34344       -0.00182      
3.34833       -0.00181      
3.35321       -0.00180      
3.35810       -0.00179      
3.36299       -0.00178      
3.36787       -0.00177      
3.37276       -0.00176      
3.37765       -0.00176      
3.38253       -0.00175      
3.38742       -0.00174      
3.39231       -0.00173      
3.39719       -0.00172      
3.40208       -0.00171      
3.40697       -0.00170      
3.41185       -0.00170      
3.41674       -0.00169      
3.42163       -0.00168      
3.42651       -0.00167      
3.43140       -0.00166      
3.43629       -0.00165      
3.44117       -0.00165      
3.44606       -0.00164      
3.45095       -0.00163      
3.45583       -0.00162      
3.46072       -0.00161      
3.46561       -0.00161      
3.47049       -0.00160      
3.47538       -0.00159      
3.48026       -0.00158      
3.48515       -0.00158      
3.49004       -0.00157      
3.49492       -0.00156      
3.49981       -0.00155      
3.50470       -0.00154      
3.50958       -0.00154      
3.51447       -0.00153      
3.51936       -0.00152      
3.52424       -0.00152      
3.52913       -0.00151      
3.53402       -0.00150      
3.53890       -0.00149      
3.54379       -0.00149      
3.54868       -0.00148      
3.55356       -0.00147      
3.55845       -0.00147      
3.56334       -0.00146      
3.56822       -0.00145      
3.57311       -0.00144      
3.57800       -0.00144      
3.58288       -0.00143      
3.58777       -0.00142      
3.59266       -0.00142      
3.59754       -0.00141      
3.60243       -0.00140      
3.60732       -0.00140      
3.61220       -0.00139      
3.61709       -0.00138      
3.62198       -0.00138      
3.62686       -0.00137      
3.63175       -0.00137      
3.63664       -0.00136      
3.64152       -0.00135      
3.64641       -0.00135      
3.65130       -0.00134      
3.65618       -0.00133      
3.66107       -0.00133      
3.66596       -0.00132      
3.67084       -0.00132      
3.67573       -0.00131      
3.68062       -0.00130      
3.68550       -0.00130      
3.69039       -0.00129      
3.69528       -0.00129      
3.70016       -0.00128      
3.70505       -0.00127      
3.70994       -0.00127      
3.71482       -0.00126      
3.71971       -0.00126      
3.72460       -0.00125      
3.72948       -0.00124      
3.73437       -0.00124      
3.73926       -0.00123      
3.74414       -0.00123      
3.74903       -0.00122      
3.75391       -0.00122      
3.75880       -0.00121      
3.76369       -0.00121      
3.76857       -0.00120      
3.77346       -0.00119      
3.77835       -0.00119      
3.78323       -0.00118      
3.78812       -0.00118      
3.79301       -0.00117      
3.79789       -0.00117      
3.80278       -0.00116      
3.80767       -0.00116      
3.81255       -0.00115      
3.81744       -0.00115      
3.82233       -0.00114      
3.82721       -0.00114      
3.83210       -0.00113      
3.83699       -0.00113      
3.84187       -0.00112      
3.84676       -0.00112      
3.85165       -0.00111      
3.85653       -0.00111      
3.86142       -0.00110      
3.86631       -0.00110      
3.87119       -0.00109      
3.87608       -0.00109      
3.88097       -0.00108      
3.88585       -0.00108      
3.89074       -0.00107      
3.89563       -0.00107      
3.90051       -0.00106      
3.90540       -0.00106      
3.91029       -0.00105      
3.91517       -0.00105      
3.92006       -0.00105      
3.92495       -0.00104      
3.92983       -0.00104      
3.93472       -0.00103      
3.93961       -0.00103      
3.94449       -0.00102      
3.94938       -0.00102      
3.95427       -0.00101      
3.95915       -0.00101      
3.96404       -0.00101      
3.96893       -0.00100      
3.97381       -0.00100      
3.97870       -0.00099      
3.98359       -0.00099      
3.98847       -0.00098      
3.99336       -0.00098      
3.99825       -0.00098      
4.00313       -0.00097      
4.00802       -0.00097      
4.01291       -0.00096      
4.01779       -0.00096      
4.02268       -0.00095      
4.02757       -0.00095      
4.03245       -0.00095      
4.03734       -0.00094      
4.04222       -0.00094      
4.04711       -0.00093      
4.05200       -0.00093      
4.05688       -0.00093      
4.06177       -0.00092      
4.06666       -0.00092      
4.07154       -0.00091      
4.07643       -0.00091      
4.08132       -0.00091      
4.08620       -0.00090      
4.09109       -0.00090      
4.09598       -0.00090      
4.10086       -0.00089      
4.10575       -0.00089      
4.11064       -0.00088      
4.11552       -0.00088      
4.12041       -0.00088      
4.12530       -0.00087      
4.13018       -0.00087      
4.13507       -0.00087      
4.13996       -0.00086      
4.14484       -0.00086      
4.14973       -0.00086      
4.15462       -0.00085      
4.15950       -0.00085      
4.16439       -0.00084      
4.16928       -0.00084      
4.17416       -0.00084      
4.17905       -0.00083      
4.18394       -0.00083      
4.18882       -0.00083      
4.19371       -0.00082      
4.19860       -0.00082      
4.20348       -0.00082      
4.20837       -0.00081      
4.21326       -0.00081      
4.21814       -0.00081      
4.22303       -0.00080      
4.22792       -0.00080      
4.23280       -0.00080      
4.23769       -0.00079      
4.24258       -0.00079      
4.24746       -0.00079      
4.25235       -0.00078      
4.25724       -0.00078      
4.26212       -0.00078      
4.26701       -0.00078      
4.27190       -0.00077      
4.27678       -0.00077      
4.28167       -0.00077      
4.28656       -0.00076      
4.29144       -0.00076      
4.29633       -0.00076      
4.30122       -0.00075      
4.30610       -0.00075      
4.31099       -0.00075      
4.31587       -0.00074      
4.32076       -0.00074      
4.32565       -0.00074      
4.33053       -0.00074      
4.33542       -0.00073      
4.34031       -0.00073      
4.34519       -0.00073      
4.35008       -0.00072      
4.35497       -0.00072      
4.35985       -0.00072      
4.36474       -0.00072      
4.36963       -0.00071      
4.37451       -0.00071      
4.37940       -0.00071      
4.38429       -0.00070      
4.38917       -0.00070      
4.39406       -0.00070      
4.39895       -0.00070      
4.40383       -0.00069      
4.40872       -0.00069      
4.41361       -0.00069      
4.41849       -0.00068      
4.42338       -0.00068      
4.42827       -0.00068      
4.43315       -0.00068      
4.43804       -0.00067      
4.44293       -0.00067      
4.44781       -0.00067      
4.45270       -0.00067      
4.45759       -0.00066      
4.46247       -0.00066      
4.46736       -0.00066      
4.47225       -0.00066      
4.47713       -0.00065      
4.48202       -0.00065      
4.48691       -0.00065      
4.49179       -0.00065      
4.49668       -0.00064      
4.50157       -0.00064      
4.50645       -0.00064      
4.51134       -0.00064      
4.51623       -0.00063      
4.52111       -0.00063      
4.52600       -0.00063      
4.53089       -0.00063      
4.53577       -0.00062      
4.54066       -0.00062      
4.54555       -0.00062      
4.55043       -0.00062      
4.55532       -0.00061      
4.56021       -0.00061      
4.56509       -0.00061      
4.56998       -0.00061      
4.57487       -0.00061      
4.57975       -0.00060      
4.58464       -0.00060      
4.58952       -0.00060      
4.59441       -0.00060      
4.59930       -0.00059      
4.60418       -0.00059      
4.60907       -0.00059      
4.61396       -0.00059      
4.61884       -0.00058      
4.62373       -0.00058      
4.62862       -0.00058      
4.63350       -0.00058      
4.63839       -0.00058      
4.64328       -0.00057      
4.64816       -0.00057      
4.65305       -0.00057      
4.65794       -0.00057      
4.66282       -0.00057      
4.66771       -0.00056      
4.67260       -0.00056      
4.67748       -0.00056      
4.68237       -0.00056      
4.68726       -0.00055      
4.69214       -0.00055      
4.69703       -0.00055      
4.70192       -0.00055      
4.70680       -0.00055      
4.71169       -0.00054      
4.71658       -0.00054      
4.72146       -0.00054      
4.72635       -0.00054      
4.73124       -0.00054      
4.73612       -0.00053      
4.74101       -0.00053      
4.74590       -0.00053      
4.75078       -0.00053      
4.75567       -0.00053      
4.76056       -0.00052      
4.76544       -0.00052      
4.77033       -0.00052      
4.77522       -0.00052      
4.78010       -0.00052      
4.78499       -0.00052      
4.78988       -0.00051      
4.79476       -0.00051      
4.79965       -0.00051      
4.80454       -0.00051      
4.80942       -0.00051      
4.81431       -0.00050      
4.81920       -0.00050      
4.82408       -0.00050      
4.82897       -0.00050      
4.83386       -0.00050      
4.83874       -0.00049      
4.84363       -0.00049      
4.84852       -0.00049      
4.85340       -0.00049      
4.85829       -0.00049      
4.86317       -0.00049      
4.86806       -0.00048      
4.87295       -0.00048      
4.87783       -0.00048      
4.88272       -0.00048      
4.88761       -0.00048      
4.89249       -0.00048      
4.89738       -0.00047      
4.90227       -0.00047      
4.90715       -0.00047      
4.91204       -0.00047      
4.91693       -0.00047      
4.92181       -0.00047      
4.92670       -0.00046      
4.93159       -0.00046      
4.93647       -0.00046      
4.94136       -0.00046      
4.94625       -0.00046      
4.95113       -0.00046      
4.95602       -0.00045      
4.96091       -0.00045      
4.96579       -0.00045      
4.97068       -0.00045      
4.97557       -0.00045      
4.98045       -0.00045      
4.98534       -0.00044      
4.99023       -0.00044      
4.99511       -0.00044      
5.00000       -0.00044      
