0.00100       1000000000006650740080640.00000
0.00589       577588570142727.00000
0.01077       409124583226.40637
0.01566       4597878248.97707
0.02055       176670113.18462
0.02543       13652799.66368
0.03032       1656983.40073 
0.03521       275808.98917  
0.04009       57997.57121   
0.04498       14610.22802   
0.04987       4257.30538    
0.05475       1405.05563    
0.05964       521.58069     
0.06453       219.82362     
0.06941       107.84304     
0.07430       62.88296      
0.07919       44.14071      
0.08407       36.15050      
0.08896       32.36605      
0.09385       30.83613      
0.09873       30.29497      
0.10362       29.34069      
0.10851       27.01120      
0.11339       23.75331      
0.11828       20.78668      
0.12317       17.84985      
0.12805       15.14741      
0.13294       13.08582      
0.13783       11.43910      
0.14271       9.89400       
0.14760       8.13797       
0.15248       6.27511       
0.15737       4.95010       
0.16226       4.18927       
0.16714       3.53076       
0.17203       2.83570       
0.17692       1.96647       
0.18180       1.16347       
0.18669       0.72722       
0.19158       0.33914       
0.19646       -0.40630      
0.20135       -1.23565      
0.20624       -1.92852      
0.21112       -2.52395      
0.21601       -3.05293      
0.22090       -3.41200      
0.22578       -3.50661      
0.23067       -3.53528      
0.23556       -3.66782      
0.24044       -3.40309      
0.24533       -3.03652      
0.25022       -2.96354      
0.25510       -2.79672      
0.25999       -2.46672      
0.26488       -2.16170      
0.26976       -1.91006      
0.27465       -1.73392      
0.27954       -1.65782      
0.28442       -1.52791      
0.28931       -1.19308      
0.29420       -0.84252      
0.29908       -0.72358      
0.30397       -0.60875      
0.30886       -0.33353      
0.31374       -0.23651      
0.31863       -0.28716      
0.32352       -0.03496      
0.32840       0.29698       
0.33329       0.21518       
0.33818       0.02716       
0.34306       0.20844       
0.34795       0.58976       
0.35284       0.84568       
0.35772       0.96932       
0.36261       1.06843       
0.36750       1.18032       
0.37238       1.27018       
0.37727       1.21555       
0.38216       0.99878       
0.38704       0.76229       
0.39193       0.73556       
0.39682       0.83884       
0.40170       0.83628       
0.40659       0.75468       
0.41148       0.75348       
0.41636       0.84509       
0.42125       0.93194       
0.42613       0.96604       
0.43102       0.98990       
0.43591       1.03926       
0.44079       1.10828       
0.44568       1.13864       
0.45057       1.07293       
0.45545       0.93095       
0.46034       0.83294       
0.46523       0.68018       
0.47011       0.51713       
0.47500       0.48735       
0.47989       0.47490       
0.48477       0.32418       
0.48966       0.09495       
0.49455       0.01448       
0.49943       0.19830       
0.50432       0.48724       
0.50921       0.63217       
0.51409       0.54850       
0.51898       0.32977       
0.52387       0.11455       
0.52875       0.03647       
0.53364       0.14421       
0.53853       0.34963       
0.54341       0.53388       
0.54830       0.57695       
0.55319       0.39326       
0.55807       0.11881       
0.56296       0.03380       
0.56785       0.20193       
0.57273       0.44024       
0.57762       0.56207       
0.58251       0.49587       
0.58739       0.32523       
0.59228       0.18255       
0.59717       0.11699       
0.60205       0.14391       
0.60694       0.21464       
0.61183       0.14912       
0.61671       -0.06657      
0.62160       -0.24344      
0.62649       -0.24163      
0.63137       -0.12202      
0.63626       -0.05332      
0.64115       -0.08532      
0.64603       -0.14118      
0.65092       -0.13373      
0.65581       -0.04110      
0.66069       0.11137       
0.66558       0.22262       
0.67047       0.23391       
0.67535       0.23261       
0.68024       0.15107       
0.68513       -0.13532      
0.69001       -0.25657      
0.69490       -0.08368      
0.69978       0.08466       
0.70467       0.19923       
0.70956       0.26393       
0.71444       0.25807       
0.71933       0.29894       
0.72422       0.38743       
0.72910       0.37813       
0.73399       0.33769       
0.73888       0.38333       
0.74376       0.48931       
0.74865       0.54546       
0.75354       0.48354       
0.75842       0.31023       
0.76331       0.05390       
0.76820       -0.24943      
0.77308       -0.53728      
0.77797       -0.72219      
0.78286       -0.72704      
0.78774       -0.56028      
0.79263       -0.37741      
0.79752       -0.33036      
0.80240       -0.42885      
0.80729       -0.53339      
0.81218       -0.53317      
0.81706       -0.44399      
0.82195       -0.32227      
0.82684       -0.21808      
0.83172       -0.16026      
0.83661       -0.13165      
0.84150       -0.10438      
0.84638       -0.10973      
0.85127       -0.29338      
0.85616       -0.52748      
0.86104       -0.45705      
0.86593       -0.27895      
0.87082       -0.29979      
0.87570       -0.43535      
0.88059       -0.50799      
0.88548       -0.46175      
0.89036       -0.36319      
0.89525       -0.25760      
0.90014       -0.19683      
0.90502       -0.21629      
0.90991       -0.29402      
0.91480       -0.34436      
0.91968       -0.30506      
0.92457       -0.19774      
0.92946       -0.09018      
0.93434       -0.00936      
0.93923       0.05291       
0.94412       0.05198       
0.94900       -0.01964      
0.95389       -0.07392      
0.95878       0.01068       
0.96366       0.20198       
0.96855       0.35471       
0.97343       0.39181       
0.97832       0.37158       
0.98321       0.36854       
0.98809       0.34375       
0.99298       0.24580       
0.99787       0.15707       
1.00275       0.10836       
1.00764       -0.02468      
1.01253       -0.21790      
1.01741       -0.26336      
1.02230       -0.10095      
1.02719       0.03783       
1.03207       -0.01131      
1.03696       -0.10098      
1.04185       -0.01923      
1.04673       0.17358       
1.05162       0.34756       
1.05651       0.44533       
1.06139       0.46772       
1.06628       0.45798       
1.07117       0.45087       
1.07605       0.43928       
1.08094       0.41140       
1.08583       0.36505       
1.09071       0.31962       
1.09560       0.29735       
1.10049       0.30350       
1.10537       0.32987       
1.11026       0.35035       
1.11515       0.37892       
1.12003       0.44669       
1.12492       0.53558       
1.12981       0.57548       
1.13469       0.54396       
1.13958       0.49510       
1.14447       0.51593       
1.14935       0.63498       
1.15424       0.81880       
1.15913       0.99703       
1.16401       1.10180       
1.16890       1.07603       
1.17379       0.92758       
1.17867       0.73656       
1.18356       0.58387       
1.18845       0.48671       
1.19333       0.40894       
1.19822       0.35090       
1.20311       0.32410       
1.20799       0.31687       
1.21288       0.28048       
1.21777       0.18038       
1.22265       0.09808       
1.22754       0.12758       
1.23243       0.23315       
1.23731       0.26234       
1.24220       0.14279       
1.24709       -0.02116      
1.25197       -0.06210      
1.25686       0.03592       
1.26174       0.10939       
1.26663       0.03197       
1.27152       -0.12701      
1.27640       -0.23142      
1.28129       -0.23522      
1.28618       -0.20416      
1.29106       -0.22399      
1.29595       -0.33055      
1.30084       -0.46288      
1.30572       -0.51734      
1.31061       -0.46091      
1.31550       -0.36151      
1.32038       -0.32478      
1.32527       -0.38231      
1.33016       -0.54034      
1.33504       -0.70500      
1.33993       -0.68571      
1.34482       -0.56989      
1.34970       -0.45798      
1.35459       -0.34692      
1.35948       -0.24983      
1.36436       -0.14992      
1.36925       -0.07679      
1.37414       -0.12888      
1.37902       -0.32961      
1.38391       -0.51413      
1.38880       -0.48650      
1.39368       -0.20448      
1.39857       0.08867       
1.40346       0.18443       
1.40834       0.12181       
1.41323       -0.00417      
1.41812       -0.07807      
1.42300       -0.08774      
1.42789       -0.07886      
1.43278       -0.05410      
1.43766       0.01344       
1.44255       0.11479       
1.44744       0.15201       
1.45232       0.09270       
1.45721       0.02581       
1.46210       0.03772       
1.46698       0.11124       
1.47187       0.12589       
1.47676       0.00991       
1.48164       -0.14043      
1.48653       -0.17344      
1.49142       -0.10496      
1.49630       -0.06290      
1.50119       -0.02254      
1.50608       -0.02230      
1.51096       -0.02206      
1.51585       -0.02183      
1.52074       -0.02160      
1.52562       -0.02137      
1.53051       -0.02115      
1.53539       -0.02092      
1.54028       -0.02071      
1.54517       -0.02049      
1.55005       -0.02028      
1.55494       -0.02007      
1.55983       -0.01986      
1.56471       -0.01966      
1.56960       -0.01946      
1.57449       -0.01926      
1.57937       -0.01906      
1.58426       -0.01887      
1.58915       -0.01868      
1.59403       -0.01849      
1.59892       -0.01830      
1.60381       -0.01812      
1.60869       -0.01794      
1.61358       -0.01776      
1.61847       -0.01758      
1.62335       -0.01741      
1.62824       -0.01724      
1.63313       -0.01707      
1.63801       -0.01690      
1.64290       -0.01673      
1.64779       -0.01657      
1.65267       -0.01641      
1.65756       -0.01625      
1.66245       -0.01609      
1.66733       -0.01594      
1.67222       -0.01578      
1.67711       -0.01563      
1.68199       -0.01548      
1.68688       -0.01534      
1.69177       -0.01519      
1.69665       -0.01505      
1.70154       -0.01490      
1.70643       -0.01476      
1.71131       -0.01462      
1.71620       -0.01449      
1.72109       -0.01435      
1.72597       -0.01422      
1.73086       -0.01409      
1.73575       -0.01395      
1.74063       -0.01383      
1.74552       -0.01370      
1.75041       -0.01357      
1.75529       -0.01345      
1.76018       -0.01332      
1.76507       -0.01320      
1.76995       -0.01308      
1.77484       -0.01296      
1.77973       -0.01285      
1.78461       -0.01273      
1.78950       -0.01262      
1.79439       -0.01250      
1.79927       -0.01239      
1.80416       -0.01228      
1.80904       -0.01217      
1.81393       -0.01206      
1.81882       -0.01195      
1.82370       -0.01185      
1.82859       -0.01174      
1.83348       -0.01164      
1.83836       -0.01154      
1.84325       -0.01144      
1.84814       -0.01134      
1.85302       -0.01124      
1.85791       -0.01114      
1.86280       -0.01104      
1.86768       -0.01095      
1.87257       -0.01085      
1.87746       -0.01076      
1.88234       -0.01067      
1.88723       -0.01058      
1.89212       -0.01049      
1.89700       -0.01040      
1.90189       -0.01031      
1.90678       -0.01022      
1.91166       -0.01014      
1.91655       -0.01005      
1.92144       -0.00997      
1.92632       -0.00988      
1.93121       -0.00980      
1.93610       -0.00972      
1.94098       -0.00964      
1.94587       -0.00956      
1.95076       -0.00948      
1.95564       -0.00940      
1.96053       -0.00932      
1.96542       -0.00924      
1.97030       -0.00917      
1.97519       -0.00909      
1.98008       -0.00902      
1.98496       -0.00895      
1.98985       -0.00887      
1.99474       -0.00880      
1.99962       -0.00873      
2.00451       -0.00866      
2.00940       -0.00859      
2.01428       -0.00852      
2.01917       -0.00845      
2.02406       -0.00838      
2.02894       -0.00832      
2.03383       -0.00825      
2.03872       -0.00819      
2.04360       -0.00812      
2.04849       -0.00806      
2.05338       -0.00799      
2.05826       -0.00793      
2.06315       -0.00787      
2.06804       -0.00781      
2.07292       -0.00774      
2.07781       -0.00768      
2.08270       -0.00762      
2.08758       -0.00757      
2.09247       -0.00751      
2.09735       -0.00745      
2.10224       -0.00739      
2.10713       -0.00733      
2.11201       -0.00728      
2.11690       -0.00722      
2.12179       -0.00717      
2.12667       -0.00711      
2.13156       -0.00706      
2.13645       -0.00700      
2.14133       -0.00695      
2.14622       -0.00690      
2.15111       -0.00685      
2.15599       -0.00679      
2.16088       -0.00674      
2.16577       -0.00669      
2.17065       -0.00664      
2.17554       -0.00659      
2.18043       -0.00654      
2.18531       -0.00649      
2.19020       -0.00645      
2.19509       -0.00640      
2.19997       -0.00635      
2.20486       -0.00630      
2.20975       -0.00626      
2.21463       -0.00621      
2.21952       -0.00617      
2.22441       -0.00612      
2.22929       -0.00608      
2.23418       -0.00603      
2.23907       -0.00599      
2.24395       -0.00595      
2.24884       -0.00590      
2.25373       -0.00586      
2.25861       -0.00582      
2.26350       -0.00578      
2.26839       -0.00573      
2.27327       -0.00569      
2.27816       -0.00565      
2.28305       -0.00561      
2.28793       -0.00557      
2.29282       -0.00553      
2.29771       -0.00549      
2.30259       -0.00545      
2.30748       -0.00541      
2.31237       -0.00538      
2.31725       -0.00534      
2.32214       -0.00530      
2.32703       -0.00526      
2.33191       -0.00523      
2.33680       -0.00519      
2.34169       -0.00515      
2.34657       -0.00512      
2.35146       -0.00508      
2.35635       -0.00505      
2.36123       -0.00501      
2.36612       -0.00498      
2.37100       -0.00494      
2.37589       -0.00491      
2.38078       -0.00488      
2.38566       -0.00484      
2.39055       -0.00481      
2.39544       -0.00478      
2.40032       -0.00474      
2.40521       -0.00471      
2.41010       -0.00468      
2.41498       -0.00465      
2.41987       -0.00462      
2.42476       -0.00459      
2.42964       -0.00455      
2.43453       -0.00452      
2.43942       -0.00449      
2.44430       -0.00446      
2.44919       -0.00443      
2.45408       -0.00440      
2.45896       -0.00437      
2.46385       -0.00435      
2.46874       -0.00432      
2.47362       -0.00429      
2.47851       -0.00426      
2.48340       -0.00423      
2.48828       -0.00420      
2.49317       -0.00418      
2.49806       -0.00415      
2.50294       -0.00412      
2.50783       -0.00409      
2.51272       -0.00407      
2.51760       -0.00404      
2.52249       -0.00401      
2.52738       -0.00399      
2.53226       -0.00396      
2.53715       -0.00394      
2.54204       -0.00391      
2.54692       -0.00389      
2.55181       -0.00386      
2.55670       -0.00384      
2.56158       -0.00381      
2.56647       -0.00379      
2.57136       -0.00376      
2.57624       -0.00374      
2.58113       -0.00372      
2.58602       -0.00369      
2.59090       -0.00367      
2.59579       -0.00365      
2.60068       -0.00362      
2.60556       -0.00360      
2.61045       -0.00358      
2.61534       -0.00355      
2.62022       -0.00353      
2.62511       -0.00351      
2.63000       -0.00349      
2.63488       -0.00347      
2.63977       -0.00344      
2.64465       -0.00342      
2.64954       -0.00340      
2.65443       -0.00338      
2.65931       -0.00336      
2.66420       -0.00334      
2.66909       -0.00332      
2.67397       -0.00330      
2.67886       -0.00328      
2.68375       -0.00326      
2.68863       -0.00324      
2.69352       -0.00322      
2.69841       -0.00320      
2.70329       -0.00318      
2.70818       -0.00316      
2.71307       -0.00314      
2.71795       -0.00312      
2.72284       -0.00310      
2.72773       -0.00308      
2.73261       -0.00306      
2.73750       -0.00305      
2.74239       -0.00303      
2.74727       -0.00301      
2.75216       -0.00299      
2.75705       -0.00297      
2.76193       -0.00296      
2.76682       -0.00294      
2.77171       -0.00292      
2.77659       -0.00290      
2.78148       -0.00289      
2.78637       -0.00287      
2.79125       -0.00285      
2.79614       -0.00283      
2.80103       -0.00282      
2.80591       -0.00280      
2.81080       -0.00278      
2.81569       -0.00277      
2.82057       -0.00275      
2.82546       -0.00274      
2.83035       -0.00272      
2.83523       -0.00270      
2.84012       -0.00269      
2.84501       -0.00267      
2.84989       -0.00266      
2.85478       -0.00264      
2.85967       -0.00263      
2.86455       -0.00261      
2.86944       -0.00260      
2.87433       -0.00258      
2.87921       -0.00257      
2.88410       -0.00255      
2.88899       -0.00254      
2.89387       -0.00252      
2.89876       -0.00251      
2.90365       -0.00249      
2.90853       -0.00248      
2.91342       -0.00246      
2.91830       -0.00245      
2.92319       -0.00244      
2.92808       -0.00242      
2.93296       -0.00241      
2.93785       -0.00240      
2.94274       -0.00238      
2.94762       -0.00237      
2.95251       -0.00236      
2.95740       -0.00234      
2.96228       -0.00233      
2.96717       -0.00232      
2.97206       -0.00230      
2.97694       -0.00229      
2.98183       -0.00228      
2.98672       -0.00226      
2.99160       -0.00225      
2.99649       -0.00224      
3.00138       -0.00223      
3.00626       -0.00221      
3.01115       -0.00220      
3.01604       -0.00219      
3.02092       -0.00218      
3.02581       -0.00217      
3.03070       -0.00215      
3.03558       -0.00214      
3.04047       -0.00213      
3.04536       -0.00212      
3.05024       -0.00211      
3.05513       -0.00210      
3.06002       -0.00208      
3.06490       -0.00207      
3.06979       -0.00206      
3.07468       -0.00205      
3.07956       -0.00204      
3.08445       -0.00203      
3.08934       -0.00202      
3.09422       -0.00201      
3.09911       -0.00200      
3.10400       -0.00199      
3.10888       -0.00197      
3.11377       -0.00196      
3.11866       -0.00195      
3.12354       -0.00194      
3.12843       -0.00193      
3.13332       -0.00192      
3.13820       -0.00191      
3.14309       -0.00190      
3.14798       -0.00189      
3.15286       -0.00188      
3.15775       -0.00187      
3.16264       -0.00186      
3.16752       -0.00185      
3.17241       -0.00184      
3.17730       -0.00183      
3.18218       -0.00182      
3.18707       -0.00181      
3.19196       -0.00180      
3.19684       -0.00179      
3.20173       -0.00179      
3.20661       -0.00178      
3.21150       -0.00177      
3.21639       -0.00176      
3.22127       -0.00175      
3.22616       -0.00174      
3.23105       -0.00173      
3.23593       -0.00172      
3.24082       -0.00171      
3.24571       -0.00170      
3.25059       -0.00169      
3.25548       -0.00169      
3.26037       -0.00168      
3.26525       -0.00167      
3.27014       -0.00166      
3.27503       -0.00165      
3.27991       -0.00164      
3.28480       -0.00163      
3.28969       -0.00163      
3.29457       -0.00162      
3.29946       -0.00161      
3.30435       -0.00160      
3.30923       -0.00159      
3.31412       -0.00159      
3.31901       -0.00158      
3.32389       -0.00157      
3.32878       -0.00156      
3.33367       -0.00155      
3.33855       -0.00155      
3.34344       -0.00154      
3.34833       -0.00153      
3.35321       -0.00152      
3.35810       -0.00151      
3.36299       -0.00151      
3.36787       -0.00150      
3.37276       -0.00149      
3.37765       -0.00148      
3.38253       -0.00148      
3.38742       -0.00147      
3.39231       -0.00146      
3.39719       -0.00146      
3.40208       -0.00145      
3.40697       -0.00144      
3.41185       -0.00143      
3.41674       -0.00143      
3.42163       -0.00142      
3.42651       -0.00141      
3.43140       -0.00141      
3.43629       -0.00140      
3.44117       -0.00139      
3.44606       -0.00139      
3.45095       -0.00138      
3.45583       -0.00137      
3.46072       -0.00137      
3.46561       -0.00136      
3.47049       -0.00135      
3.47538       -0.00135      
3.48026       -0.00134      
3.48515       -0.00133      
3.49004       -0.00133      
3.49492       -0.00132      
3.49981       -0.00131      
3.50470       -0.00131      
3.50958       -0.00130      
3.51447       -0.00129      
3.51936       -0.00129      
3.52424       -0.00128      
3.52913       -0.00128      
3.53402       -0.00127      
3.53890       -0.00126      
3.54379       -0.00126      
3.54868       -0.00125      
3.55356       -0.00125      
3.55845       -0.00124      
3.56334       -0.00123      
3.56822       -0.00123      
3.57311       -0.00122      
3.57800       -0.00122      
3.58288       -0.00121      
3.58777       -0.00120      
3.59266       -0.00120      
3.59754       -0.00119      
3.60243       -0.00119      
3.60732       -0.00118      
3.61220       -0.00118      
3.61709       -0.00117      
3.62198       -0.00117      
3.62686       -0.00116      
3.63175       -0.00116      
3.63664       -0.00115      
3.64152       -0.00114      
3.64641       -0.00114      
3.65130       -0.00113      
3.65618       -0.00113      
3.66107       -0.00112      
3.66596       -0.00112      
3.67084       -0.00111      
3.67573       -0.00111      
3.68062       -0.00110      
3.68550       -0.00110      
3.69039       -0.00109      
3.69528       -0.00109      
3.70016       -0.00108      
3.70505       -0.00108      
3.70994       -0.00107      
3.71482       -0.00107      
3.71971       -0.00106      
3.72460       -0.00106      
3.72948       -0.00105      
3.73437       -0.00105      
3.73926       -0.00104      
3.74414       -0.00104      
3.74903       -0.00103      
3.75391       -0.00103      
3.75880       -0.00102      
3.76369       -0.00102      
3.76857       -0.00102      
3.77346       -0.00101      
3.77835       -0.00101      
3.78323       -0.00100      
3.78812       -0.00100      
3.79301       -0.00099      
3.79789       -0.00099      
3.80278       -0.00098      
3.80767       -0.00098      
3.81255       -0.00098      
3.81744       -0.00097      
3.82233       -0.00097      
3.82721       -0.00096      
3.83210       -0.00096      
3.83699       -0.00095      
3.84187       -0.00095      
3.84676       -0.00095      
3.85165       -0.00094      
3.85653       -0.00094      
3.86142       -0.00093      
3.86631       -0.00093      
3.87119       -0.00092      
3.87608       -0.00092      
3.88097       -0.00092      
3.88585       -0.00091      
3.89074       -0.00091      
3.89563       -0.00090      
3.90051       -0.00090      
3.90540       -0.00090      
3.91029       -0.00089      
3.91517       -0.00089      
3.92006       -0.00088      
3.92495       -0.00088      
3.92983       -0.00088      
3.93472       -0.00087      
3.93961       -0.00087      
3.94449       -0.00087      
3.94938       -0.00086      
3.95427       -0.00086      
3.95915       -0.00085      
3.96404       -0.00085      
3.96893       -0.00085      
3.97381       -0.00084      
3.97870       -0.00084      
3.98359       -0.00084      
3.98847       -0.00083      
3.99336       -0.00083      
3.99825       -0.00083      
4.00313       -0.00082      
4.00802       -0.00082      
4.01291       -0.00081      
4.01779       -0.00081      
4.02268       -0.00081      
4.02757       -0.00080      
4.03245       -0.00080      
4.03734       -0.00080      
4.04222       -0.00079      
4.04711       -0.00079      
4.05200       -0.00079      
4.05688       -0.00078      
4.06177       -0.00078      
4.06666       -0.00078      
4.07154       -0.00077      
4.07643       -0.00077      
4.08132       -0.00077      
4.08620       -0.00076      
4.09109       -0.00076      
4.09598       -0.00076      
4.10086       -0.00076      
4.10575       -0.00075      
4.11064       -0.00075      
4.11552       -0.00075      
4.12041       -0.00074      
4.12530       -0.00074      
4.13018       -0.00074      
4.13507       -0.00073      
4.13996       -0.00073      
4.14484       -0.00073      
4.14973       -0.00072      
4.15462       -0.00072      
4.15950       -0.00072      
4.16439       -0.00072      
4.16928       -0.00071      
4.17416       -0.00071      
4.17905       -0.00071      
4.18394       -0.00070      
4.18882       -0.00070      
4.19371       -0.00070      
4.19860       -0.00069      
4.20348       -0.00069      
4.20837       -0.00069      
4.21326       -0.00069      
4.21814       -0.00068      
4.22303       -0.00068      
4.22792       -0.00068      
4.23280       -0.00068      
4.23769       -0.00067      
4.24258       -0.00067      
4.24746       -0.00067      
4.25235       -0.00066      
4.25724       -0.00066      
4.26212       -0.00066      
4.26701       -0.00066      
4.27190       -0.00065      
4.27678       -0.00065      
4.28167       -0.00065      
4.28656       -0.00065      
4.29144       -0.00064      
4.29633       -0.00064      
4.30122       -0.00064      
4.30610       -0.00064      
4.31099       -0.00063      
4.31587       -0.00063      
4.32076       -0.00063      
4.32565       -0.00063      
4.33053       -0.00062      
4.33542       -0.00062      
4.34031       -0.00062      
4.34519       -0.00062      
4.35008       -0.00061      
4.35497       -0.00061      
4.35985       -0.00061      
4.36474       -0.00061      
4.36963       -0.00060      
4.37451       -0.00060      
4.37940       -0.00060      
4.38429       -0.00060      
4.38917       -0.00059      
4.39406       -0.00059      
4.39895       -0.00059      
4.40383       -0.00059      
4.40872       -0.00058      
4.41361       -0.00058      
4.41849       -0.00058      
4.42338       -0.00058      
4.42827       -0.00058      
4.43315       -0.00057      
4.43804       -0.00057      
4.44293       -0.00057      
4.44781       -0.00057      
4.45270       -0.00056      
4.45759       -0.00056      
4.46247       -0.00056      
4.46736       -0.00056      
4.47225       -0.00056      
4.47713       -0.00055      
4.48202       -0.00055      
4.48691       -0.00055      
4.49179       -0.00055      
4.49668       -0.00054      
4.50157       -0.00054      
4.50645       -0.00054      
4.51134       -0.00054      
4.51623       -0.00054      
4.52111       -0.00053      
4.52600       -0.00053      
4.53089       -0.00053      
4.53577       -0.00053      
4.54066       -0.00053      
4.54555       -0.00052      
4.55043       -0.00052      
4.55532       -0.00052      
4.56021       -0.00052      
4.56509       -0.00052      
4.56998       -0.00051      
4.57487       -0.00051      
4.57975       -0.00051      
4.58464       -0.00051      
4.58952       -0.00051      
4.59441       -0.00050      
4.59930       -0.00050      
4.60418       -0.00050      
4.60907       -0.00050      
4.61396       -0.00050      
4.61884       -0.00050      
4.62373       -0.00049      
4.62862       -0.00049      
4.63350       -0.00049      
4.63839       -0.00049      
4.64328       -0.00049      
4.64816       -0.00048      
4.65305       -0.00048      
4.65794       -0.00048      
4.66282       -0.00048      
4.66771       -0.00048      
4.67260       -0.00048      
4.67748       -0.00047      
4.68237       -0.00047      
4.68726       -0.00047      
4.69214       -0.00047      
4.69703       -0.00047      
4.70192       -0.00046      
4.70680       -0.00046      
4.71169       -0.00046      
4.71658       -0.00046      
4.72146       -0.00046      
4.72635       -0.00046      
4.73124       -0.00045      
4.73612       -0.00045      
4.74101       -0.00045      
4.74590       -0.00045      
4.75078       -0.00045      
4.75567       -0.00045      
4.76056       -0.00044      
4.76544       -0.00044      
4.77033       -0.00044      
4.77522       -0.00044      
4.78010       -0.00044      
4.78499       -0.00044      
4.78988       -0.00043      
4.79476       -0.00043      
4.79965       -0.00043      
4.80454       -0.00043      
4.80942       -0.00043      
4.81431       -0.00043      
4.81920       -0.00043      
4.82408       -0.00042      
4.82897       -0.00042      
4.83386       -0.00042      
4.83874       -0.00042      
4.84363       -0.00042      
4.84852       -0.00042      
4.85340       -0.00041      
4.85829       -0.00041      
4.86317       -0.00041      
4.86806       -0.00041      
4.87295       -0.00041      
4.87783       -0.00041      
4.88272       -0.00041      
4.88761       -0.00040      
4.89249       -0.00040      
4.89738       -0.00040      
4.90227       -0.00040      
4.90715       -0.00040      
4.91204       -0.00040      
4.91693       -0.00040      
4.92181       -0.00039      
4.92670       -0.00039      
4.93159       -0.00039      
4.93647       -0.00039      
4.94136       -0.00039      
4.94625       -0.00039      
4.95113       -0.00039      
4.95602       -0.00038      
4.96091       -0.00038      
4.96579       -0.00038      
4.97068       -0.00038      
4.97557       -0.00038      
4.98045       -0.00038      
4.98534       -0.00038      
4.99023       -0.00038      
4.99511       -0.00037      
5.00000       -0.00037      
