0.00100       1000000000027966931206144.00000
0.00589       577588570138602.25000
0.01077       409124583285.72772
0.01566       4597878310.72918
0.02055       176670177.15749
0.02543       13652861.35031
0.03032       1657039.20251 
0.03521       275859.25047  
0.04009       58042.92711   
0.04498       14650.65642   
0.04987       4293.54291    
0.05475       1436.75407    
0.05964       548.64747     
0.06453       243.44761     
0.06941       128.14500     
0.07430       80.62332      
0.07919       59.42024      
0.08407       48.87573      
0.08896       42.98817      
0.09385       39.64478      
0.09873       37.79666      
0.10362       36.11884      
0.10851       35.64982      
0.11339       34.55476      
0.11828       34.35503      
0.12317       33.50364      
0.12805       32.95798      
0.13294       32.59434      
0.13783       31.60782      
0.14271       29.54119      
0.14760       25.86341      
0.15248       21.56409      
0.15737       17.45609      
0.16226       13.34594      
0.16714       9.91490       
0.17203       6.35803       
0.17692       3.80346       
0.18180       1.18894       
0.18669       -1.06125      
0.19158       -2.79083      
0.19646       -4.39804      
0.20135       -5.71721      
0.20624       -6.68845      
0.21112       -7.56691      
0.21601       -8.20947      
0.22090       -8.56655      
0.22578       -8.82317      
0.23067       -8.99349      
0.23556       -8.92032      
0.24044       -8.67216      
0.24533       -8.53738      
0.25022       -8.27657      
0.25510       -7.76548      
0.25999       -7.38096      
0.26488       -7.00692      
0.26976       -6.46781      
0.27465       -5.96734      
0.27954       -5.43400      
0.28442       -4.98607      
0.28931       -4.53176      
0.29420       -4.11078      
0.29908       -3.82003      
0.30397       -3.60856      
0.30886       -3.23572      
0.31374       -3.07738      
0.31863       -2.97204      
0.32352       -2.64094      
0.32840       -2.38863      
0.33329       -2.18227      
0.33818       -1.93721      
0.34306       -1.62250      
0.34795       -1.40447      
0.35284       -1.08159      
0.35772       -0.80914      
0.36261       -0.61995      
0.36750       -0.31586      
0.37238       -0.18319      
0.37727       0.02269       
0.38216       0.17999       
0.38704       0.27558       
0.39193       0.27971       
0.39682       0.25346       
0.40170       0.16721       
0.40659       0.09625       
0.41148       0.02263       
0.41636       -0.15387      
0.42125       -0.13921      
0.42613       -0.11941      
0.43102       -0.24801      
0.43591       -0.29751      
0.44079       -0.26651      
0.44568       -0.25348      
0.45057       -0.32976      
0.45545       -0.33372      
0.46034       -0.28003      
0.46523       -0.31609      
0.47011       -0.33860      
0.47500       -0.34236      
0.47989       -0.35455      
0.48477       -0.27256      
0.48966       -0.32381      
0.49455       -0.44236      
0.49943       -0.34765      
0.50432       -0.27854      
0.50921       -0.37484      
0.51409       -0.39936      
0.51898       -0.38471      
0.52387       -0.44551      
0.52875       -0.43946      
0.53364       -0.48499      
0.53853       -0.57859      
0.54341       -0.54104      
0.54830       -0.59567      
0.55319       -0.60177      
0.55807       -0.56647      
0.56296       -0.60994      
0.56785       -0.64933      
0.57273       -0.64276      
0.57762       -0.57683      
0.58251       -0.57799      
0.58739       -0.65101      
0.59228       -0.57642      
0.59717       -0.52757      
0.60205       -0.66098      
0.60694       -0.61126      
0.61183       -0.54962      
0.61671       -0.51527      
0.62160       -0.56745      
0.62649       -0.56656      
0.63137       -0.50118      
0.63626       -0.55209      
0.64115       -0.54409      
0.64603       -0.42049      
0.65092       -0.41122      
0.65581       -0.43012      
0.66069       -0.34529      
0.66558       -0.33674      
0.67047       -0.32704      
0.67535       -0.22411      
0.68024       -0.30540      
0.68513       -0.31213      
0.69001       -0.19978      
0.69490       -0.10893      
0.69978       -0.17730      
0.70467       -0.23246      
0.70956       -0.10227      
0.71444       -0.05651      
0.71933       -0.18475      
0.72422       -0.13533      
0.72910       -0.01271      
0.73399       -0.03863      
0.73888       -0.07428      
0.74376       -0.02339      
0.74865       0.02044       
0.75354       -0.04059      
0.75842       -0.06378      
0.76331       0.01682       
0.76820       0.02363       
0.77308       -0.05372      
0.77797       -0.13271      
0.78286       -0.03446      
0.78774       0.02073       
0.79263       -0.04477      
0.79752       -0.08152      
0.80240       -0.08325      
0.80729       -0.09681      
0.81218       -0.08432      
0.81706       -0.13298      
0.82195       -0.13336      
0.82684       -0.02268      
0.83172       -0.12008      
0.83661       -0.24438      
0.84150       -0.13649      
0.84638       0.01477       
0.85127       -0.19461      
0.85616       -0.19048      
0.86104       -0.17928      
0.86593       -0.25095      
0.87082       -0.19637      
0.87570       -0.20214      
0.88059       -0.18290      
0.88548       -0.18836      
0.89036       -0.25007      
0.89525       -0.24842      
0.90014       -0.17676      
0.90502       -0.13429      
0.90991       -0.18908      
0.91480       -0.25724      
0.91968       -0.24927      
0.92457       -0.21763      
0.92946       -0.18520      
0.93434       -0.16953      
0.93923       -0.20314      
0.94412       -0.26124      
0.94900       -0.26109      
0.95389       -0.13314      
0.95878       -0.10388      
0.96366       -0.28124      
0.96855       -0.31919      
0.97343       -0.13411      
0.97832       -0.11657      
0.98321       -0.20127      
0.98809       -0.16445      
0.99298       -0.16082      
0.99787       -0.21398      
1.00275       -0.17657      
1.00764       -0.14824      
1.01253       -0.12752      
1.01741       -0.17343      
1.02230       -0.18321      
1.02719       -0.13709      
1.03207       -0.16416      
1.03696       -0.19488      
1.04185       -0.14456      
1.04673       -0.08409      
1.05162       -0.10005      
1.05651       -0.14551      
1.06139       -0.15346      
1.06628       -0.11173      
1.07117       -0.11204      
1.07605       -0.17111      
1.08094       -0.09983      
1.08583       -0.05697      
1.09071       -0.16133      
1.09560       -0.17855      
1.10049       -0.14202      
1.10537       -0.10848      
1.11026       -0.08956      
1.11515       -0.09444      
1.12003       -0.06090      
1.12492       -0.08465      
1.12981       -0.12524      
1.13469       -0.07375      
1.13958       -0.02567      
1.14447       -0.07522      
1.14935       -0.13138      
1.15424       -0.09895      
1.15913       -0.05950      
1.16401       -0.10243      
1.16890       -0.13397      
1.17379       -0.12200      
1.17867       -0.12934      
1.18356       -0.15621      
1.18845       -0.14311      
1.19333       -0.13236      
1.19822       -0.15224      
1.20311       -0.15492      
1.20799       -0.09154      
1.21288       -0.07621      
1.21777       -0.16967      
1.22265       -0.13888      
1.22754       -0.08183      
1.23243       -0.08673      
1.23731       -0.08305      
1.24220       -0.07467      
1.24709       -0.13219      
1.25197       -0.15506      
1.25686       -0.10840      
1.26174       -0.10174      
1.26663       -0.13075      
1.27152       -0.14564      
1.27640       -0.13744      
1.28129       -0.10933      
1.28618       -0.06966      
1.29106       -0.05052      
1.29595       -0.05088      
1.30084       -0.06177      
1.30572       -0.04914      
1.31061       -0.04470      
1.31550       -0.07174      
1.32038       -0.13694      
1.32527       -0.16287      
1.33016       -0.09338      
1.33504       -0.08157      
1.33993       -0.13331      
1.34482       -0.13191      
1.34970       -0.10829      
1.35459       -0.07005      
1.35948       -0.05239      
1.36436       -0.06941      
1.36925       -0.02599      
1.37414       -0.03276      
1.37902       -0.10577      
1.38391       -0.02422      
1.38880       0.05325       
1.39368       -0.20215      
1.39857       0.11842       
1.40346       -0.14091      
1.40834       -0.06906      
1.41323       0.03485       
1.41812       -0.05781      
1.42300       -0.07084      
1.42789       -0.03499      
1.43278       0.00800       
1.43766       -0.03024      
1.44255       -0.13101      
1.44744       -0.10439      
1.45232       -0.03922      
1.45721       -0.04145      
1.46210       -0.09422      
1.46698       -0.10422      
1.47187       -0.05264      
1.47676       -0.02475      
1.48164       -0.01813      
1.48653       0.00694       
1.49142       0.00574       
1.49630       -0.03321      
1.50119       -0.01195      
1.50608       -0.01183      
1.51096       -0.01171      
1.51585       -0.01159      
1.52074       -0.01148      
1.52562       -0.01136      
1.53051       -0.01125      
1.53539       -0.01113      
1.54028       -0.01102      
1.54517       -0.01091      
1.55005       -0.01080      
1.55494       -0.01070      
1.55983       -0.01059      
1.56471       -0.01049      
1.56960       -0.01038      
1.57449       -0.01028      
1.57937       -0.01018      
1.58426       -0.01008      
1.58915       -0.00999      
1.59403       -0.00989      
1.59892       -0.00980      
1.60381       -0.00970      
1.60869       -0.00961      
1.61358       -0.00952      
1.61847       -0.00943      
1.62335       -0.00934      
1.62824       -0.00925      
1.63313       -0.00916      
1.63801       -0.00908      
1.64290       -0.00899      
1.64779       -0.00891      
1.65267       -0.00883      
1.65756       -0.00874      
1.66245       -0.00866      
1.66733       -0.00858      
1.67222       -0.00851      
1.67711       -0.00843      
1.68199       -0.00835      
1.68688       -0.00828      
1.69177       -0.00820      
1.69665       -0.00813      
1.70154       -0.00805      
1.70643       -0.00798      
1.71131       -0.00791      
1.71620       -0.00784      
1.72109       -0.00777      
1.72597       -0.00770      
1.73086       -0.00763      
1.73575       -0.00757      
1.74063       -0.00750      
1.74552       -0.00743      
1.75041       -0.00737      
1.75529       -0.00730      
1.76018       -0.00724      
1.76507       -0.00718      
1.76995       -0.00712      
1.77484       -0.00705      
1.77973       -0.00699      
1.78461       -0.00693      
1.78950       -0.00687      
1.79439       -0.00682      
1.79927       -0.00676      
1.80416       -0.00670      
1.80904       -0.00664      
1.81393       -0.00659      
1.81882       -0.00653      
1.82370       -0.00648      
1.82859       -0.00642      
1.83348       -0.00637      
1.83836       -0.00632      
1.84325       -0.00627      
1.84814       -0.00621      
1.85302       -0.00616      
1.85791       -0.00611      
1.86280       -0.00606      
1.86768       -0.00601      
1.87257       -0.00596      
1.87746       -0.00592      
1.88234       -0.00587      
1.88723       -0.00582      
1.89212       -0.00577      
1.89700       -0.00573      
1.90189       -0.00568      
1.90678       -0.00564      
1.91166       -0.00559      
1.91655       -0.00555      
1.92144       -0.00550      
1.92632       -0.00546      
1.93121       -0.00541      
1.93610       -0.00537      
1.94098       -0.00533      
1.94587       -0.00529      
1.95076       -0.00525      
1.95564       -0.00521      
1.96053       -0.00517      
1.96542       -0.00513      
1.97030       -0.00509      
1.97519       -0.00505      
1.98008       -0.00501      
1.98496       -0.00497      
1.98985       -0.00493      
1.99474       -0.00489      
1.99962       -0.00486      
2.00451       -0.00482      
2.00940       -0.00478      
2.01428       -0.00475      
2.01917       -0.00471      
2.02406       -0.00468      
2.02894       -0.00464      
2.03383       -0.00461      
2.03872       -0.00457      
2.04360       -0.00454      
2.04849       -0.00450      
2.05338       -0.00447      
2.05826       -0.00444      
2.06315       -0.00440      
2.06804       -0.00437      
2.07292       -0.00434      
2.07781       -0.00431      
2.08270       -0.00428      
2.08758       -0.00425      
2.09247       -0.00421      
2.09735       -0.00418      
2.10224       -0.00415      
2.10713       -0.00412      
2.11201       -0.00409      
2.11690       -0.00406      
2.12179       -0.00404      
2.12667       -0.00401      
2.13156       -0.00398      
2.13645       -0.00395      
2.14133       -0.00392      
2.14622       -0.00389      
2.15111       -0.00387      
2.15599       -0.00384      
2.16088       -0.00381      
2.16577       -0.00379      
2.17065       -0.00376      
2.17554       -0.00373      
2.18043       -0.00371      
2.18531       -0.00368      
2.19020       -0.00365      
2.19509       -0.00363      
2.19997       -0.00360      
2.20486       -0.00358      
2.20975       -0.00356      
2.21463       -0.00353      
2.21952       -0.00351      
2.22441       -0.00348      
2.22929       -0.00346      
2.23418       -0.00344      
2.23907       -0.00341      
2.24395       -0.00339      
2.24884       -0.00337      
2.25373       -0.00334      
2.25861       -0.00332      
2.26350       -0.00330      
2.26839       -0.00328      
2.27327       -0.00325      
2.27816       -0.00323      
2.28305       -0.00321      
2.28793       -0.00319      
2.29282       -0.00317      
2.29771       -0.00315      
2.30259       -0.00313      
2.30748       -0.00311      
2.31237       -0.00309      
2.31725       -0.00307      
2.32214       -0.00305      
2.32703       -0.00303      
2.33191       -0.00301      
2.33680       -0.00299      
2.34169       -0.00297      
2.34657       -0.00295      
2.35146       -0.00293      
2.35635       -0.00291      
2.36123       -0.00289      
2.36612       -0.00287      
2.37100       -0.00285      
2.37589       -0.00284      
2.38078       -0.00282      
2.38566       -0.00280      
2.39055       -0.00278      
2.39544       -0.00276      
2.40032       -0.00275      
2.40521       -0.00273      
2.41010       -0.00271      
2.41498       -0.00270      
2.41987       -0.00268      
2.42476       -0.00266      
2.42964       -0.00264      
2.43453       -0.00263      
2.43942       -0.00261      
2.44430       -0.00260      
2.44919       -0.00258      
2.45408       -0.00256      
2.45896       -0.00255      
2.46385       -0.00253      
2.46874       -0.00252      
2.47362       -0.00250      
2.47851       -0.00249      
2.48340       -0.00247      
2.48828       -0.00246      
2.49317       -0.00244      
2.49806       -0.00243      
2.50294       -0.00241      
2.50783       -0.00240      
2.51272       -0.00238      
2.51760       -0.00237      
2.52249       -0.00235      
2.52738       -0.00234      
2.53226       -0.00233      
2.53715       -0.00231      
2.54204       -0.00230      
2.54692       -0.00228      
2.55181       -0.00227      
2.55670       -0.00226      
2.56158       -0.00224      
2.56647       -0.00223      
2.57136       -0.00222      
2.57624       -0.00220      
2.58113       -0.00219      
2.58602       -0.00218      
2.59090       -0.00217      
2.59579       -0.00215      
2.60068       -0.00214      
2.60556       -0.00213      
2.61045       -0.00211      
2.61534       -0.00210      
2.62022       -0.00209      
2.62511       -0.00208      
2.63000       -0.00207      
2.63488       -0.00205      
2.63977       -0.00204      
2.64465       -0.00203      
2.64954       -0.00202      
2.65443       -0.00201      
2.65931       -0.00200      
2.66420       -0.00198      
2.66909       -0.00197      
2.67397       -0.00196      
2.67886       -0.00195      
2.68375       -0.00194      
2.68863       -0.00193      
2.69352       -0.00192      
2.69841       -0.00191      
2.70329       -0.00190      
2.70818       -0.00189      
2.71307       -0.00188      
2.71795       -0.00187      
2.72284       -0.00185      
2.72773       -0.00184      
2.73261       -0.00183      
2.73750       -0.00182      
2.74239       -0.00181      
2.74727       -0.00180      
2.75216       -0.00179      
2.75705       -0.00178      
2.76193       -0.00177      
2.76682       -0.00176      
2.77171       -0.00175      
2.77659       -0.00175      
2.78148       -0.00174      
2.78637       -0.00173      
2.79125       -0.00172      
2.79614       -0.00171      
2.80103       -0.00170      
2.80591       -0.00169      
2.81080       -0.00168      
2.81569       -0.00167      
2.82057       -0.00166      
2.82546       -0.00165      
2.83035       -0.00164      
2.83523       -0.00164      
2.84012       -0.00163      
2.84501       -0.00162      
2.84989       -0.00161      
2.85478       -0.00160      
2.85967       -0.00159      
2.86455       -0.00158      
2.86944       -0.00158      
2.87433       -0.00157      
2.87921       -0.00156      
2.88410       -0.00155      
2.88899       -0.00154      
2.89387       -0.00153      
2.89876       -0.00153      
2.90365       -0.00152      
2.90853       -0.00151      
2.91342       -0.00150      
2.91830       -0.00149      
2.92319       -0.00149      
2.92808       -0.00148      
2.93296       -0.00147      
2.93785       -0.00146      
2.94274       -0.00146      
2.94762       -0.00145      
2.95251       -0.00144      
2.95740       -0.00143      
2.96228       -0.00143      
2.96717       -0.00142      
2.97206       -0.00141      
2.97694       -0.00140      
2.98183       -0.00140      
2.98672       -0.00139      
2.99160       -0.00138      
2.99649       -0.00138      
3.00138       -0.00137      
3.00626       -0.00136      
3.01115       -0.00136      
3.01604       -0.00135      
3.02092       -0.00134      
3.02581       -0.00134      
3.03070       -0.00133      
3.03558       -0.00132      
3.04047       -0.00132      
3.04536       -0.00131      
3.05024       -0.00130      
3.05513       -0.00130      
3.06002       -0.00129      
3.06490       -0.00128      
3.06979       -0.00128      
3.07468       -0.00127      
3.07956       -0.00126      
3.08445       -0.00126      
3.08934       -0.00125      
3.09422       -0.00125      
3.09911       -0.00124      
3.10400       -0.00123      
3.10888       -0.00123      
3.11377       -0.00122      
3.11866       -0.00122      
3.12354       -0.00121      
3.12843       -0.00120      
3.13332       -0.00120      
3.13820       -0.00119      
3.14309       -0.00119      
3.14798       -0.00118      
3.15286       -0.00117      
3.15775       -0.00117      
3.16264       -0.00116      
3.16752       -0.00116      
3.17241       -0.00115      
3.17730       -0.00115      
3.18218       -0.00114      
3.18707       -0.00114      
3.19196       -0.00113      
3.19684       -0.00112      
3.20173       -0.00112      
3.20661       -0.00111      
3.21150       -0.00111      
3.21639       -0.00110      
3.22127       -0.00110      
3.22616       -0.00109      
3.23105       -0.00109      
3.23593       -0.00108      
3.24082       -0.00108      
3.24571       -0.00107      
3.25059       -0.00107      
3.25548       -0.00106      
3.26037       -0.00106      
3.26525       -0.00105      
3.27014       -0.00105      
3.27503       -0.00104      
3.27991       -0.00104      
3.28480       -0.00103      
3.28969       -0.00103      
3.29457       -0.00102      
3.29946       -0.00102      
3.30435       -0.00101      
3.30923       -0.00101      
3.31412       -0.00101      
3.31901       -0.00100      
3.32389       -0.00100      
3.32878       -0.00099      
3.33367       -0.00099      
3.33855       -0.00098      
3.34344       -0.00098      
3.34833       -0.00097      
3.35321       -0.00097      
3.35810       -0.00096      
3.36299       -0.00096      
3.36787       -0.00096      
3.37276       -0.00095      
3.37765       -0.00095      
3.38253       -0.00094      
3.38742       -0.00094      
3.39231       -0.00093      
3.39719       -0.00093      
3.40208       -0.00093      
3.40697       -0.00092      
3.41185       -0.00092      
3.41674       -0.00091      
3.42163       -0.00091      
3.42651       -0.00091      
3.43140       -0.00090      
3.43629       -0.00090      
3.44117       -0.00089      
3.44606       -0.00089      
3.45095       -0.00089      
3.45583       -0.00088      
3.46072       -0.00088      
3.46561       -0.00087      
3.47049       -0.00087      
3.47538       -0.00087      
3.48026       -0.00086      
3.48515       -0.00086      
3.49004       -0.00086      
3.49492       -0.00085      
3.49981       -0.00085      
3.50470       -0.00084      
3.50958       -0.00084      
3.51447       -0.00084      
3.51936       -0.00083      
3.52424       -0.00083      
3.52913       -0.00083      
3.53402       -0.00082      
3.53890       -0.00082      
3.54379       -0.00082      
3.54868       -0.00081      
3.55356       -0.00081      
3.55845       -0.00081      
3.56334       -0.00080      
3.56822       -0.00080      
3.57311       -0.00079      
3.57800       -0.00079      
3.58288       -0.00079      
3.58777       -0.00078      
3.59266       -0.00078      
3.59754       -0.00078      
3.60243       -0.00077      
3.60732       -0.00077      
3.61220       -0.00077      
3.61709       -0.00076      
3.62198       -0.00076      
3.62686       -0.00076      
3.63175       -0.00076      
3.63664       -0.00075      
3.64152       -0.00075      
3.64641       -0.00075      
3.65130       -0.00074      
3.65618       -0.00074      
3.66107       -0.00074      
3.66596       -0.00073      
3.67084       -0.00073      
3.67573       -0.00073      
3.68062       -0.00072      
3.68550       -0.00072      
3.69039       -0.00072      
3.69528       -0.00072      
3.70016       -0.00071      
3.70505       -0.00071      
3.70994       -0.00071      
3.71482       -0.00070      
3.71971       -0.00070      
3.72460       -0.00070      
3.72948       -0.00070      
3.73437       -0.00069      
3.73926       -0.00069      
3.74414       -0.00069      
3.74903       -0.00068      
3.75391       -0.00068      
3.75880       -0.00068      
3.76369       -0.00068      
3.76857       -0.00067      
3.77346       -0.00067      
3.77835       -0.00067      
3.78323       -0.00066      
3.78812       -0.00066      
3.79301       -0.00066      
3.79789       -0.00066      
3.80278       -0.00065      
3.80767       -0.00065      
3.81255       -0.00065      
3.81744       -0.00065      
3.82233       -0.00064      
3.82721       -0.00064      
3.83210       -0.00064      
3.83699       -0.00064      
3.84187       -0.00063      
3.84676       -0.00063      
3.85165       -0.00063      
3.85653       -0.00063      
3.86142       -0.00062      
3.86631       -0.00062      
3.87119       -0.00062      
3.87608       -0.00062      
3.88097       -0.00061      
3.88585       -0.00061      
3.89074       -0.00061      
3.89563       -0.00061      
3.90051       -0.00060      
3.90540       -0.00060      
3.91029       -0.00060      
3.91517       -0.00060      
3.92006       -0.00059      
3.92495       -0.00059      
3.92983       -0.00059      
3.93472       -0.00059      
3.93961       -0.00059      
3.94449       -0.00058      
3.94938       -0.00058      
3.95427       -0.00058      
3.95915       -0.00058      
3.96404       -0.00057      
3.96893       -0.00057      
3.97381       -0.00057      
3.97870       -0.00057      
3.98359       -0.00057      
3.98847       -0.00056      
3.99336       -0.00056      
3.99825       -0.00056      
4.00313       -0.00056      
4.00802       -0.00055      
4.01291       -0.00055      
4.01779       -0.00055      
4.02268       -0.00055      
4.02757       -0.00055      
4.03245       -0.00054      
4.03734       -0.00054      
4.04222       -0.00054      
4.04711       -0.00054      
4.05200       -0.00054      
4.05688       -0.00053      
4.06177       -0.00053      
4.06666       -0.00053      
4.07154       -0.00053      
4.07643       -0.00053      
4.08132       -0.00052      
4.08620       -0.00052      
4.09109       -0.00052      
4.09598       -0.00052      
4.10086       -0.00052      
4.10575       -0.00051      
4.11064       -0.00051      
4.11552       -0.00051      
4.12041       -0.00051      
4.12530       -0.00051      
4.13018       -0.00051      
4.13507       -0.00050      
4.13996       -0.00050      
4.14484       -0.00050      
4.14973       -0.00050      
4.15462       -0.00050      
4.15950       -0.00049      
4.16439       -0.00049      
4.16928       -0.00049      
4.17416       -0.00049      
4.17905       -0.00049      
4.18394       -0.00048      
4.18882       -0.00048      
4.19371       -0.00048      
4.19860       -0.00048      
4.20348       -0.00048      
4.20837       -0.00048      
4.21326       -0.00047      
4.21814       -0.00047      
4.22303       -0.00047      
4.22792       -0.00047      
4.23280       -0.00047      
4.23769       -0.00047      
4.24258       -0.00046      
4.24746       -0.00046      
4.25235       -0.00046      
4.25724       -0.00046      
4.26212       -0.00046      
4.26701       -0.00046      
4.27190       -0.00045      
4.27678       -0.00045      
4.28167       -0.00045      
4.28656       -0.00045      
4.29144       -0.00045      
4.29633       -0.00045      
4.30122       -0.00044      
4.30610       -0.00044      
4.31099       -0.00044      
4.31587       -0.00044      
4.32076       -0.00044      
4.32565       -0.00044      
4.33053       -0.00044      
4.33542       -0.00043      
4.34031       -0.00043      
4.34519       -0.00043      
4.35008       -0.00043      
4.35497       -0.00043      
4.35985       -0.00043      
4.36474       -0.00042      
4.36963       -0.00042      
4.37451       -0.00042      
4.37940       -0.00042      
4.38429       -0.00042      
4.38917       -0.00042      
4.39406       -0.00042      
4.39895       -0.00041      
4.40383       -0.00041      
4.40872       -0.00041      
4.41361       -0.00041      
4.41849       -0.00041      
4.42338       -0.00041      
4.42827       -0.00041      
4.43315       -0.00040      
4.43804       -0.00040      
4.44293       -0.00040      
4.44781       -0.00040      
4.45270       -0.00040      
4.45759       -0.00040      
4.46247       -0.00040      
4.46736       -0.00039      
4.47225       -0.00039      
4.47713       -0.00039      
4.48202       -0.00039      
4.48691       -0.00039      
4.49179       -0.00039      
4.49668       -0.00039      
4.50157       -0.00039      
4.50645       -0.00038      
4.51134       -0.00038      
4.51623       -0.00038      
4.52111       -0.00038      
4.52600       -0.00038      
4.53089       -0.00038      
4.53577       -0.00038      
4.54066       -0.00038      
4.54555       -0.00037      
4.55043       -0.00037      
4.55532       -0.00037      
4.56021       -0.00037      
4.56509       -0.00037      
4.56998       -0.00037      
4.57487       -0.00037      
4.57975       -0.00037      
4.58464       -0.00036      
4.58952       -0.00036      
4.59441       -0.00036      
4.59930       -0.00036      
4.60418       -0.00036      
4.60907       -0.00036      
4.61396       -0.00036      
4.61884       -0.00036      
4.62373       -0.00035      
4.62862       -0.00035      
4.63350       -0.00035      
4.63839       -0.00035      
4.64328       -0.00035      
4.64816       -0.00035      
4.65305       -0.00035      
4.65794       -0.00035      
4.66282       -0.00035      
4.66771       -0.00034      
4.67260       -0.00034      
4.67748       -0.00034      
4.68237       -0.00034      
4.68726       -0.00034      
4.69214       -0.00034      
4.69703       -0.00034      
4.70192       -0.00034      
4.70680       -0.00034      
4.71169       -0.00033      
4.71658       -0.00033      
4.72146       -0.00033      
4.72635       -0.00033      
4.73124       -0.00033      
4.73612       -0.00033      
4.74101       -0.00033      
4.74590       -0.00033      
4.75078       -0.00033      
4.75567       -0.00032      
4.76056       -0.00032      
4.76544       -0.00032      
4.77033       -0.00032      
4.77522       -0.00032      
4.78010       -0.00032      
4.78499       -0.00032      
4.78988       -0.00032      
4.79476       -0.00032      
4.79965       -0.00032      
4.80454       -0.00031      
4.80942       -0.00031      
4.81431       -0.00031      
4.81920       -0.00031      
4.82408       -0.00031      
4.82897       -0.00031      
4.83386       -0.00031      
4.83874       -0.00031      
4.84363       -0.00031      
4.84852       -0.00031      
4.85340       -0.00030      
4.85829       -0.00030      
4.86317       -0.00030      
4.86806       -0.00030      
4.87295       -0.00030      
4.87783       -0.00030      
4.88272       -0.00030      
4.88761       -0.00030      
4.89249       -0.00030      
4.89738       -0.00030      
4.90227       -0.00029      
4.90715       -0.00029      
4.91204       -0.00029      
4.91693       -0.00029      
4.92181       -0.00029      
4.92670       -0.00029      
4.93159       -0.00029      
4.93647       -0.00029      
4.94136       -0.00029      
4.94625       -0.00029      
4.95113       -0.00029      
4.95602       -0.00028      
4.96091       -0.00028      
4.96579       -0.00028      
4.97068       -0.00028      
4.97557       -0.00028      
4.98045       -0.00028      
4.98534       -0.00028      
4.99023       -0.00028      
4.99511       -0.00028      
5.00000       -0.00028      
