0.00100       1000000000027966931206144.00000
0.00589       577588570138620.75000
0.01077       409124583304.00189
0.01566       4597878328.88401
0.02055       176670195.19369
0.02543       13652883.89573
0.03032       1657069.09592 
0.03521       275895.66240  
0.04009       58085.00903   
0.04498       14698.35817   
0.04987       4345.85603    
0.05475       1493.40991    
0.05964       609.52781     
0.06453       307.50041     
0.06941       188.72158     
0.07430       133.25063     
0.07919       104.33395     
0.08407       86.86359      
0.08896       75.05692      
0.09385       65.10049      
0.09873       57.31307      
0.10362       50.62370      
0.10851       44.77253      
0.11339       39.92883      
0.11828       34.88377      
0.12317       31.37699      
0.12805       27.44821      
0.13294       24.33259      
0.13783       21.82414      
0.14271       19.52653      
0.14760       17.54793      
0.15248       16.32673      
0.15737       14.82872      
0.16226       14.25947      
0.16714       13.44136      
0.17203       12.97058      
0.17692       12.44491      
0.18180       11.98710      
0.18669       11.07301      
0.19158       9.47252       
0.19646       6.37399       
0.20135       2.86882       
0.20624       -0.80757      
0.21112       -3.69609      
0.21601       -5.96948      
0.22090       -7.77828      
0.22578       -9.10164      
0.23067       -10.08558     
0.23556       -10.66612     
0.24044       -11.04016     
0.24533       -11.03029     
0.25022       -10.74511     
0.25510       -10.43637     
0.25999       -9.84435      
0.26488       -9.03302      
0.26976       -8.22542      
0.27465       -7.29415      
0.27954       -6.32863      
0.28442       -5.39658      
0.28931       -4.53284      
0.29420       -3.75083      
0.29908       -3.24187      
0.30397       -2.82951      
0.30886       -2.59714      
0.31374       -2.38137      
0.31863       -2.15657      
0.32352       -2.04879      
0.32840       -1.83375      
0.33329       -1.71310      
0.33818       -1.54571      
0.34306       -1.43971      
0.34795       -1.17598      
0.35284       -0.96682      
0.35772       -0.75944      
0.36261       -0.53318      
0.36750       -0.38856      
0.37238       -0.13871      
0.37727       -0.01418      
0.38216       0.18612       
0.38704       0.40897       
0.39193       0.50091       
0.39682       0.70046       
0.40170       0.92382       
0.40659       1.20740       
0.41148       1.40014       
0.41636       1.75865       
0.42125       1.95070       
0.42613       2.25546       
0.43102       2.75013       
0.43591       2.89137       
0.44079       3.25527       
0.44568       3.62216       
0.45057       3.89990       
0.45545       4.28105       
0.46034       4.41823       
0.46523       4.69621       
0.47011       5.09006       
0.47500       5.16629       
0.47989       5.41203       
0.48477       5.42709       
0.48966       5.81022       
0.49455       5.86896       
0.49943       6.01765       
0.50432       6.15299       
0.50921       6.37960       
0.51409       6.37284       
0.51898       6.45969       
0.52387       6.60718       
0.52875       6.68751       
0.53364       6.67063       
0.53853       6.69464       
0.54341       6.76165       
0.54830       6.84173       
0.55319       6.77320       
0.55807       6.82504       
0.56296       6.91936       
0.56785       6.82216       
0.57273       6.96137       
0.57762       6.86681       
0.58251       6.86478       
0.58739       6.97340       
0.59228       6.85334       
0.59717       6.87703       
0.60205       6.95975       
0.60694       6.86085       
0.61183       6.94217       
0.61671       6.92701       
0.62160       6.82339       
0.62649       6.92718       
0.63137       6.80791       
0.63626       6.90723       
0.64115       6.78995       
0.64603       6.81580       
0.65092       6.91462       
0.65581       6.76136       
0.66069       6.64740       
0.66558       6.89106       
0.67047       6.72889       
0.67535       6.63944       
0.68024       6.79149       
0.68513       6.71152       
0.69001       6.67067       
0.69490       6.61947       
0.69978       6.58911       
0.70467       6.55037       
0.70956       6.46772       
0.71444       6.44967       
0.71933       6.41126       
0.72422       6.42174       
0.72910       6.44781       
0.73399       6.41689       
0.73888       6.26517       
0.74376       6.25475       
0.74865       6.25487       
0.75354       6.18518       
0.75842       6.15331       
0.76331       6.03707       
0.76820       6.09615       
0.77308       6.09703       
0.77797       6.06640       
0.78286       6.06238       
0.78774       6.05962       
0.79263       5.94580       
0.79752       5.92916       
0.80240       6.06883       
0.80729       5.68244       
0.81218       5.95582       
0.81706       5.77423       
0.82195       5.72523       
0.82684       5.84779       
0.83172       5.67260       
0.83661       5.58509       
0.84150       5.61837       
0.84638       5.69774       
0.85127       5.56036       
0.85616       5.49089       
0.86104       5.48802       
0.86593       5.50585       
0.87082       5.43780       
0.87570       5.32755       
0.88059       5.33517       
0.88548       5.35672       
0.89036       5.24220       
0.89525       5.21476       
0.90014       5.20199       
0.90502       5.15964       
0.90991       5.18821       
0.91480       5.14680       
0.91968       5.05525       
0.92457       5.12006       
0.92946       5.13829       
0.93434       5.10173       
0.93923       5.05754       
0.94412       4.97935       
0.94900       5.01192       
0.95389       5.07444       
0.95878       4.87629       
0.96366       4.82944       
0.96855       4.91442       
0.97343       4.86183       
0.97832       4.82957       
0.98321       4.76843       
0.98809       4.67622       
0.99298       4.79038       
0.99787       4.67064       
1.00275       4.58473       
1.00764       4.64560       
1.01253       4.58652       
1.01741       4.51624       
1.02230       4.45587       
1.02719       4.49517       
1.03207       4.57844       
1.03696       4.43160       
1.04185       4.48423       
1.04673       4.50766       
1.05162       4.42625       
1.05651       4.36150       
1.06139       4.38540       
1.06628       4.17314       
1.07117       4.32641       
1.07605       4.31402       
1.08094       4.17906       
1.08583       4.23810       
1.09071       4.20736       
1.09560       4.22538       
1.10049       4.16966       
1.10537       4.09007       
1.11026       4.18829       
1.11515       4.07716       
1.12003       3.91414       
1.12492       3.95646       
1.12981       4.09037       
1.13469       3.86669       
1.13958       3.87432       
1.14447       3.92050       
1.14935       3.83702       
1.15424       3.88293       
1.15913       3.71493       
1.16401       3.81534       
1.16890       3.89813       
1.17379       3.65201       
1.17867       3.59972       
1.18356       3.67570       
1.18845       3.68829       
1.19333       3.57357       
1.19822       3.53134       
1.20311       3.46806       
1.20799       3.58012       
1.21288       3.45245       
1.21777       3.32338       
1.22265       3.48986       
1.22754       3.42904       
1.23243       3.41475       
1.23731       3.34668       
1.24220       3.45420       
1.24709       3.43566       
1.25197       3.40119       
1.25686       3.42688       
1.26174       3.42162       
1.26663       3.35813       
1.27152       3.40755       
1.27640       3.46920       
1.28129       3.33201       
1.28618       3.15105       
1.29106       3.21002       
1.29595       3.32318       
1.30084       3.17879       
1.30572       3.14846       
1.31061       3.17621       
1.31550       3.14981       
1.32038       3.21002       
1.32527       3.17965       
1.33016       3.03167       
1.33504       3.11097       
1.33993       3.26205       
1.34482       3.13020       
1.34970       3.09357       
1.35459       3.20640       
1.35948       3.12149       
1.36436       3.15118       
1.36925       3.11629       
1.37414       3.03685       
1.37902       3.06637       
1.38391       3.08726       
1.38880       3.08112       
1.39368       2.99874       
1.39857       2.91842       
1.40346       3.00011       
1.40834       2.91238       
1.41323       2.95314       
1.41812       3.07944       
1.42300       2.91430       
1.42789       2.93449       
1.43278       2.98790       
1.43766       2.90875       
1.44255       2.85872       
1.44744       2.90897       
1.45232       2.81072       
1.45721       2.82106       
1.46210       2.80852       
1.46698       2.75512       
1.47187       2.61205       
1.47676       2.72358       
1.48164       2.73125       
1.48653       2.70270       
1.49142       2.75618       
1.49630       2.74504       
1.50119       2.72660       
1.50608       2.70961       
1.51096       2.69273       
1.51585       2.67594       
1.52074       2.65926       
1.52562       2.64269       
1.53051       2.62621       
1.53539       2.60983       
1.54028       2.59355       
1.54517       2.57738       
1.55005       2.56130       
1.55494       2.54532       
1.55983       2.52944       
1.56471       2.51365       
1.56960       2.49796       
1.57449       2.48237       
1.57937       2.46687       
1.58426       2.45147       
1.58915       2.43616       
1.59403       2.42095       
1.59892       2.40583       
1.60381       2.39080       
1.60869       2.37587       
1.61358       2.36102       
1.61847       2.34627       
1.62335       2.33161       
1.62824       2.31704       
1.63313       2.30255       
1.63801       2.28816       
1.64290       2.27386       
1.64779       2.25964       
1.65267       2.24551       
1.65756       2.23147       
1.66245       2.21752       
1.66733       2.20365       
1.67222       2.18986       
1.67711       2.17616       
1.68199       2.16255       
1.68688       2.14902       
1.69177       2.13557       
1.69665       2.12221       
1.70154       2.10893       
1.70643       2.09573       
1.71131       2.08261       
1.71620       2.06958       
1.72109       2.05662       
1.72597       2.04374       
1.73086       2.03095       
1.73575       2.01823       
1.74063       2.00559       
1.74552       1.99303       
1.75041       1.98055       
1.75529       1.96814       
1.76018       1.95582       
1.76507       1.94356       
1.76995       1.93139       
1.77484       1.91929       
1.77973       1.90726       
1.78461       1.89531       
1.78950       1.88343       
1.79439       1.87163       
1.79927       1.85990       
1.80416       1.84824       
1.80904       1.83666       
1.81393       1.82514       
1.81882       1.81370       
1.82370       1.80233       
1.82859       1.79103       
1.83348       1.77980       
1.83836       1.76864       
1.84325       1.75755       
1.84814       1.74653       
1.85302       1.73557       
1.85791       1.72469       
1.86280       1.71387       
1.86768       1.70312       
1.87257       1.69243       
1.87746       1.68182       
1.88234       1.67127       
1.88723       1.66078       
1.89212       1.65036       
1.89700       1.64000       
1.90189       1.62971       
1.90678       1.61949       
1.91166       1.60932       
1.91655       1.59922       
1.92144       1.58918       
1.92632       1.57921       
1.93121       1.56930       
1.93610       1.55945       
1.94098       1.54966       
1.94587       1.53993       
1.95076       1.53026       
1.95564       1.52065       
1.96053       1.51110       
1.96542       1.50161       
1.97030       1.49219       
1.97519       1.48281       
1.98008       1.47350       
1.98496       1.46425       
1.98985       1.45505       
1.99474       1.44591       
1.99962       1.43683       
2.00451       1.42781       
2.00940       1.41884       
2.01428       1.40992       
2.01917       1.40107       
2.02406       1.39226       
2.02894       1.38352       
2.03383       1.37482       
2.03872       1.36619       
2.04360       1.35760       
2.04849       1.34907       
2.05338       1.34059       
2.05826       1.33217       
2.06315       1.32380       
2.06804       1.31548       
2.07292       1.30721       
2.07781       1.29899       
2.08270       1.29083       
2.08758       1.28272       
2.09247       1.27465       
2.09735       1.26664       
2.10224       1.25868       
2.10713       1.25076       
2.11201       1.24290       
2.11690       1.23509       
2.12179       1.22732       
2.12667       1.21960       
2.13156       1.21194       
2.13645       1.20432       
2.14133       1.19674       
2.14622       1.18922       
2.15111       1.18174       
2.15599       1.17431       
2.16088       1.16692       
2.16577       1.15958       
2.17065       1.15229       
2.17554       1.14504       
2.18043       1.13784       
2.18531       1.13068       
2.19020       1.12357       
2.19509       1.11650       
2.19997       1.10948       
2.20486       1.10250       
2.20975       1.09556       
2.21463       1.08867       
2.21952       1.08182       
2.22441       1.07502       
2.22929       1.06825       
2.23418       1.06153       
2.23907       1.05485       
2.24395       1.04821       
2.24884       1.04162       
2.25373       1.03506       
2.25861       1.02855       
2.26350       1.02208       
2.26839       1.01565       
2.27327       1.00925       
2.27816       1.00290       
2.28305       0.99659       
2.28793       0.99032       
2.29282       0.98408       
2.29771       0.97789       
2.30259       0.97173       
2.30748       0.96562       
2.31237       0.95954       
2.31725       0.95350       
2.32214       0.94750       
2.32703       0.94153       
2.33191       0.93560       
2.33680       0.92971       
2.34169       0.92386       
2.34657       0.91804       
2.35146       0.91226       
2.35635       0.90652       
2.36123       0.90081       
2.36612       0.89514       
2.37100       0.88950       
2.37589       0.88390       
2.38078       0.87834       
2.38566       0.87280       
2.39055       0.86731       
2.39544       0.86185       
2.40032       0.85642       
2.40521       0.85103       
2.41010       0.84567       
2.41498       0.84034       
2.41987       0.83505       
2.42476       0.82979       
2.42964       0.82456       
2.43453       0.81937       
2.43942       0.81421       
2.44430       0.80908       
2.44919       0.80398       
2.45408       0.79892       
2.45896       0.79388       
2.46385       0.78888       
2.46874       0.78391       
2.47362       0.77897       
2.47851       0.77406       
2.48340       0.76919       
2.48828       0.76434       
2.49317       0.75953       
2.49806       0.75474       
2.50294       0.74998       
2.50783       0.74526       
2.51272       0.74056       
2.51760       0.73590       
2.52249       0.73126       
2.52738       0.72665       
2.53226       0.72207       
2.53715       0.71752       
2.54204       0.71300       
2.54692       0.70851       
2.55181       0.70404       
2.55670       0.69960       
2.56158       0.69519       
2.56647       0.69081       
2.57136       0.68646       
2.57624       0.68213       
2.58113       0.67783       
2.58602       0.67356       
2.59090       0.66931       
2.59579       0.66509       
2.60068       0.66090       
2.60556       0.65674       
2.61045       0.65260       
2.61534       0.64848       
2.62022       0.64439       
2.62511       0.64033       
2.63000       0.63629       
2.63488       0.63228       
2.63977       0.62830       
2.64465       0.62434       
2.64954       0.62040       
2.65443       0.61649       
2.65931       0.61260       
2.66420       0.60874       
2.66909       0.60490       
2.67397       0.60108       
2.67886       0.59729       
2.68375       0.59353       
2.68863       0.58978       
2.69352       0.58607       
2.69841       0.58237       
2.70329       0.57870       
2.70818       0.57505       
2.71307       0.57142       
2.71795       0.56782       
2.72284       0.56424       
2.72773       0.56068       
2.73261       0.55714       
2.73750       0.55363       
2.74239       0.55013       
2.74727       0.54666       
2.75216       0.54322       
2.75705       0.53979       
2.76193       0.53638       
2.76682       0.53300       
2.77171       0.52964       
2.77659       0.52630       
2.78148       0.52298       
2.78637       0.51968       
2.79125       0.51640       
2.79614       0.51314       
2.80103       0.50990       
2.80591       0.50669       
2.81080       0.50349       
2.81569       0.50031       
2.82057       0.49716       
2.82546       0.49402       
2.83035       0.49090       
2.83523       0.48781       
2.84012       0.48473       
2.84501       0.48167       
2.84989       0.47863       
2.85478       0.47561       
2.85967       0.47261       
2.86455       0.46963       
2.86944       0.46666       
2.87433       0.46372       
2.87921       0.46079       
2.88410       0.45788       
2.88899       0.45499       
2.89387       0.45212       
2.89876       0.44927       
2.90365       0.44643       
2.90853       0.44361       
2.91342       0.44081       
2.91830       0.43803       
2.92319       0.43527       
2.92808       0.43252       
2.93296       0.42979       
2.93785       0.42708       
2.94274       0.42438       
2.94762       0.42170       
2.95251       0.41904       
2.95740       0.41639       
2.96228       0.41376       
2.96717       0.41115       
2.97206       0.40856       
2.97694       0.40598       
2.98183       0.40341       
2.98672       0.40087       
2.99160       0.39834       
2.99649       0.39582       
3.00138       0.39332       
3.00626       0.39084       
3.01115       0.38837       
3.01604       0.38592       
3.02092       0.38348       
3.02581       0.38106       
3.03070       0.37865       
3.03558       0.37626       
3.04047       0.37389       
3.04536       0.37152       
3.05024       0.36918       
3.05513       0.36685       
3.06002       0.36453       
3.06490       0.36223       
3.06979       0.35994       
3.07468       0.35767       
3.07956       0.35541       
3.08445       0.35316       
3.08934       0.35093       
3.09422       0.34872       
3.09911       0.34651       
3.10400       0.34432       
3.10888       0.34215       
3.11377       0.33999       
3.11866       0.33784       
3.12354       0.33571       
3.12843       0.33358       
3.13332       0.33148       
3.13820       0.32938       
3.14309       0.32730       
3.14798       0.32523       
3.15286       0.32318       
3.15775       0.32114       
3.16264       0.31911       
3.16752       0.31709       
3.17241       0.31509       
3.17730       0.31310       
3.18218       0.31112       
3.18707       0.30915       
3.19196       0.30720       
3.19684       0.30526       
3.20173       0.30333       
3.20661       0.30141       
3.21150       0.29951       
3.21639       0.29761       
3.22127       0.29573       
3.22616       0.29387       
3.23105       0.29201       
3.23593       0.29016       
3.24082       0.28833       
3.24571       0.28651       
3.25059       0.28470       
3.25548       0.28290       
3.26037       0.28111       
3.26525       0.27933       
3.27014       0.27756       
3.27503       0.27581       
3.27991       0.27407       
3.28480       0.27233       
3.28969       0.27061       
3.29457       0.26890       
3.29946       0.26720       
3.30435       0.26551       
3.30923       0.26383       
3.31412       0.26217       
3.31901       0.26051       
3.32389       0.25886       
3.32878       0.25722       
3.33367       0.25560       
3.33855       0.25398       
3.34344       0.25238       
3.34833       0.25078       
3.35321       0.24919       
3.35810       0.24762       
3.36299       0.24605       
3.36787       0.24450       
3.37276       0.24295       
3.37765       0.24141       
3.38253       0.23989       
3.38742       0.23837       
3.39231       0.23686       
3.39719       0.23536       
3.40208       0.23388       
3.40697       0.23240       
3.41185       0.23093       
3.41674       0.22947       
3.42163       0.22801       
3.42651       0.22657       
3.43140       0.22514       
3.43629       0.22371       
3.44117       0.22230       
3.44606       0.22089       
3.45095       0.21950       
3.45583       0.21811       
3.46072       0.21673       
3.46561       0.21536       
3.47049       0.21399       
3.47538       0.21264       
3.48026       0.21129       
3.48515       0.20996       
3.49004       0.20863       
3.49492       0.20731       
3.49981       0.20600       
3.50470       0.20469       
3.50958       0.20340       
3.51447       0.20211       
3.51936       0.20083       
3.52424       0.19956       
3.52913       0.19830       
3.53402       0.19704       
3.53890       0.19580       
3.54379       0.19456       
3.54868       0.19332       
3.55356       0.19210       
3.55845       0.19089       
3.56334       0.18968       
3.56822       0.18848       
3.57311       0.18728       
3.57800       0.18610       
3.58288       0.18492       
3.58777       0.18375       
3.59266       0.18259       
3.59754       0.18143       
3.60243       0.18028       
3.60732       0.17914       
3.61220       0.17801       
3.61709       0.17688       
3.62198       0.17576       
3.62686       0.17465       
3.63175       0.17354       
3.63664       0.17244       
3.64152       0.17135       
3.64641       0.17026       
3.65130       0.16919       
3.65618       0.16811       
3.66107       0.16705       
3.66596       0.16599       
3.67084       0.16494       
3.67573       0.16390       
3.68062       0.16286       
3.68550       0.16183       
3.69039       0.16080       
3.69528       0.15978       
3.70016       0.15877       
3.70505       0.15776       
3.70994       0.15676       
3.71482       0.15577       
3.71971       0.15479       
3.72460       0.15380       
3.72948       0.15283       
3.73437       0.15186       
3.73926       0.15090       
3.74414       0.14994       
3.74903       0.14899       
3.75391       0.14805       
3.75880       0.14711       
3.76369       0.14618       
3.76857       0.14525       
3.77346       0.14433       
3.77835       0.14342       
3.78323       0.14251       
3.78812       0.14161       
3.79301       0.14071       
3.79789       0.13982       
3.80278       0.13893       
3.80767       0.13805       
3.81255       0.13717       
3.81744       0.13630       
3.82233       0.13544       
3.82721       0.13458       
3.83210       0.13373       
3.83699       0.13288       
3.84187       0.13204       
3.84676       0.13120       
3.85165       0.13037       
3.85653       0.12954       
3.86142       0.12872       
3.86631       0.12791       
3.87119       0.12710       
3.87608       0.12629       
3.88097       0.12549       
3.88585       0.12469       
3.89074       0.12390       
3.89563       0.12312       
3.90051       0.12234       
3.90540       0.12156       
3.91029       0.12079       
3.91517       0.12002       
3.92006       0.11926       
3.92495       0.11850       
3.92983       0.11775       
3.93472       0.11701       
3.93961       0.11626       
3.94449       0.11553       
3.94938       0.11479       
3.95427       0.11407       
3.95915       0.11334       
3.96404       0.11262       
3.96893       0.11191       
3.97381       0.11120       
3.97870       0.11049       
3.98359       0.10979       
3.98847       0.10909       
3.99336       0.10840       
3.99825       0.10771       
4.00313       0.10703       
4.00802       0.10635       
4.01291       0.10568       
4.01779       0.10501       
4.02268       0.10434       
4.02757       0.10368       
4.03245       0.10302       
4.03734       0.10236       
4.04222       0.10171       
4.04711       0.10107       
4.05200       0.10043       
4.05688       0.09979       
4.06177       0.09916       
4.06666       0.09853       
4.07154       0.09790       
4.07643       0.09728       
4.08132       0.09666       
4.08620       0.09605       
4.09109       0.09544       
4.09598       0.09483       
4.10086       0.09423       
4.10575       0.09363       
4.11064       0.09304       
4.11552       0.09245       
4.12041       0.09186       
4.12530       0.09128       
4.13018       0.09070       
4.13507       0.09012       
4.13996       0.08955       
4.14484       0.08898       
4.14973       0.08841       
4.15462       0.08785       
4.15950       0.08729       
4.16439       0.08674       
4.16928       0.08619       
4.17416       0.08564       
4.17905       0.08510       
4.18394       0.08455       
4.18882       0.08402       
4.19371       0.08348       
4.19860       0.08295       
4.20348       0.08243       
4.20837       0.08190       
4.21326       0.08138       
4.21814       0.08086       
4.22303       0.08035       
4.22792       0.07984       
4.23280       0.07933       
4.23769       0.07883       
4.24258       0.07833       
4.24746       0.07783       
4.25235       0.07733       
4.25724       0.07684       
4.26212       0.07635       
4.26701       0.07587       
4.27190       0.07538       
4.27678       0.07491       
4.28167       0.07443       
4.28656       0.07396       
4.29144       0.07349       
4.29633       0.07302       
4.30122       0.07255       
4.30610       0.07209       
4.31099       0.07163       
4.31587       0.07118       
4.32076       0.07072       
4.32565       0.07027       
4.33053       0.06983       
4.33542       0.06938       
4.34031       0.06894       
4.34519       0.06850       
4.35008       0.06807       
4.35497       0.06763       
4.35985       0.06720       
4.36474       0.06678       
4.36963       0.06635       
4.37451       0.06593       
4.37940       0.06551       
4.38429       0.06509       
4.38917       0.06468       
4.39406       0.06427       
4.39895       0.06386       
4.40383       0.06345       
4.40872       0.06305       
4.41361       0.06264       
4.41849       0.06225       
4.42338       0.06185       
4.42827       0.06146       
4.43315       0.06106       
4.43804       0.06067       
4.44293       0.06029       
4.44781       0.05990       
4.45270       0.05952       
4.45759       0.05914       
4.46247       0.05877       
4.46736       0.05839       
4.47225       0.05802       
4.47713       0.05765       
4.48202       0.05728       
4.48691       0.05692       
4.49179       0.05656       
4.49668       0.05620       
4.50157       0.05584       
4.50645       0.05548       
4.51134       0.05513       
4.51623       0.05478       
4.52111       0.05443       
4.52600       0.05408       
4.53089       0.05374       
4.53577       0.05339       
4.54066       0.05305       
4.54555       0.05271       
4.55043       0.05238       
4.55532       0.05204       
4.56021       0.05171       
4.56509       0.05138       
4.56998       0.05105       
4.57487       0.05073       
4.57975       0.05041       
4.58464       0.05008       
4.58952       0.04976       
4.59441       0.04945       
4.59930       0.04913       
4.60418       0.04882       
4.60907       0.04851       
4.61396       0.04820       
4.61884       0.04789       
4.62373       0.04758       
4.62862       0.04728       
4.63350       0.04698       
4.63839       0.04668       
4.64328       0.04638       
4.64816       0.04608       
4.65305       0.04579       
4.65794       0.04550       
4.66282       0.04521       
4.66771       0.04492       
4.67260       0.04463       
4.67748       0.04435       
4.68237       0.04406       
4.68726       0.04378       
4.69214       0.04350       
4.69703       0.04323       
4.70192       0.04295       
4.70680       0.04267       
4.71169       0.04240       
4.71658       0.04213       
4.72146       0.04186       
4.72635       0.04159       
4.73124       0.04133       
4.73612       0.04106       
4.74101       0.04080       
4.74590       0.04054       
4.75078       0.04028       
4.75567       0.04002       
4.76056       0.03977       
4.76544       0.03951       
4.77033       0.03926       
4.77522       0.03901       
4.78010       0.03876       
4.78499       0.03851       
4.78988       0.03827       
4.79476       0.03802       
4.79965       0.03778       
4.80454       0.03754       
4.80942       0.03730       
4.81431       0.03706       
4.81920       0.03682       
4.82408       0.03659       
4.82897       0.03635       
4.83386       0.03612       
4.83874       0.03589       
4.84363       0.03566       
4.84852       0.03543       
4.85340       0.03520       
4.85829       0.03498       
4.86317       0.03475       
4.86806       0.03453       
4.87295       0.03431       
4.87783       0.03409       
4.88272       0.03387       
4.88761       0.03366       
4.89249       0.03344       
4.89738       0.03323       
4.90227       0.03301       
4.90715       0.03280       
4.91204       0.03259       
4.91693       0.03238       
4.92181       0.03218       
4.92670       0.03197       
4.93159       0.03177       
4.93647       0.03156       
4.94136       0.03136       
4.94625       0.03116       
4.95113       0.03096       
4.95602       0.03076       
4.96091       0.03056       
4.96579       0.03037       
4.97068       0.03017       
4.97557       0.02998       
4.98045       0.02979       
4.98534       0.02960       
4.99023       0.02941       
4.99511       0.02922       
5.00000       0.02903       
