0.00100       1000000000027966931206144.00000
0.00589       577588570138581.25000
0.01077       409124583264.94067
0.01566       4597878290.06233
0.02055       176670156.25652
0.02543       13652836.13383
0.03032       1657012.91243 
0.03521       275831.98816  
0.04009       58013.73802   
0.04498       14620.08109   
0.04987       4261.70045    
0.05475       1403.23291    
0.05964       514.04805     
0.06453       207.34400     
0.06941       91.09557      
0.07430       42.72011      
0.07919       20.62046      
0.08407       9.13906       
0.08896       2.59428       
0.09385       -1.44106      
0.09873       -4.61554      
0.10362       -6.10843      
0.10851       -7.27742      
0.11339       -8.60983      
0.11828       -9.56119      
0.12317       -10.06168     
0.12805       -10.62797     
0.13294       -11.24991     
0.13783       -11.47957     
0.14271       -11.60323     
0.14760       -11.87445     
0.15248       -11.92750     
0.15737       -11.98016     
0.16226       -11.98558     
0.16714       -12.30334     
0.17203       -12.47339     
0.17692       -12.67393     
0.18180       -13.07205     
0.18669       -13.29114     
0.19158       -13.47669     
0.19646       -13.95593     
0.20135       -14.30940     
0.20624       -14.39657     
0.21112       -14.96779     
0.21601       -15.32248     
0.22090       -15.71418     
0.22578       -16.16613     
0.23067       -16.35893     
0.23556       -16.54305     
0.24044       -16.87327     
0.24533       -17.21627     
0.25022       -17.63493     
0.25510       -18.06270     
0.25999       -18.36487     
0.26488       -18.50913     
0.26976       -18.64999     
0.27465       -18.76462     
0.27954       -18.47405     
0.28442       -18.37455     
0.28931       -18.24009     
0.29420       -17.91448     
0.29908       -17.71378     
0.30397       -17.37015     
0.30886       -16.94565     
0.31374       -16.87349     
0.31863       -16.31394     
0.32352       -15.85219     
0.32840       -15.64345     
0.33329       -15.26514     
0.33818       -14.87765     
0.34306       -14.69795     
0.34795       -14.69475     
0.35284       -14.65024     
0.35772       -14.74915     
0.36261       -14.97793     
0.36750       -15.13639     
0.37238       -15.26581     
0.37727       -15.42679     
0.38216       -15.49314     
0.38704       -15.37097     
0.39193       -15.38043     
0.39682       -15.43489     
0.40170       -15.38061     
0.40659       -15.20009     
0.41148       -15.05174     
0.41636       -14.76821     
0.42125       -14.67463     
0.42613       -14.19515     
0.43102       -13.93469     
0.43591       -13.66179     
0.44079       -13.41482     
0.44568       -13.12997     
0.45057       -12.90665     
0.45545       -12.83143     
0.46034       -12.67992     
0.46523       -12.52908     
0.47011       -12.35038     
0.47500       -12.13771     
0.47989       -12.06974     
0.48477       -11.91362     
0.48966       -11.67340     
0.49455       -11.63792     
0.49943       -11.60848     
0.50432       -11.44045     
0.50921       -11.29832     
0.51409       -11.31439     
0.51898       -11.28206     
0.52387       -11.06302     
0.52875       -10.89531     
0.53364       -11.07214     
0.53853       -10.92167     
0.54341       -10.69332     
0.54830       -10.79354     
0.55319       -10.67930     
0.55807       -10.43623     
0.56296       -10.49404     
0.56785       -10.38033     
0.57273       -10.27622     
0.57762       -10.23658     
0.58251       -10.13629     
0.58739       -9.98959      
0.59228       -9.91503      
0.59717       -9.88090      
0.60205       -9.79788      
0.60694       -9.70269      
0.61183       -9.60170      
0.61671       -9.54108      
0.62160       -9.53580      
0.62649       -9.45238      
0.63137       -9.32302      
0.63626       -9.25127      
0.64115       -9.25048      
0.64603       -9.19435      
0.65092       -8.96013      
0.65581       -8.83931      
0.66069       -8.82432      
0.66558       -8.72239      
0.67047       -8.58839      
0.67535       -8.44535      
0.68024       -8.40296      
0.68513       -8.38722      
0.69001       -8.26768      
0.69490       -8.11939      
0.69978       -7.94944      
0.70467       -8.06144      
0.70956       -8.04051      
0.71444       -7.68335      
0.71933       -7.85157      
0.72422       -7.84739      
0.72910       -7.68621      
0.73399       -7.68342      
0.73888       -7.65021      
0.74376       -7.57498      
0.74865       -7.54434      
0.75354       -7.50170      
0.75842       -7.37828      
0.76331       -7.25311      
0.76820       -7.34020      
0.77308       -7.35593      
0.77797       -7.16731      
0.78286       -7.07042      
0.78774       -7.12311      
0.79263       -7.13244      
0.79752       -6.95800      
0.80240       -6.85283      
0.80729       -6.94706      
0.81218       -6.95349      
0.81706       -6.79533      
0.82195       -6.78252      
0.82684       -6.84039      
0.83172       -6.74350      
0.83661       -6.63006      
0.84150       -6.60682      
0.84638       -6.61638      
0.85127       -6.60173      
0.85616       -6.52979      
0.86104       -6.43099      
0.86593       -6.41272      
0.87082       -6.46481      
0.87570       -6.29856      
0.88059       -6.21754      
0.88548       -6.28228      
0.89036       -6.23647      
0.89525       -6.11609      
0.90014       -6.10349      
0.90502       -6.08010      
0.90991       -6.03898      
0.91480       -5.95221      
0.91968       -5.93288      
0.92457       -6.06705      
0.92946       -6.01251      
0.93434       -5.78567      
0.93923       -5.76001      
0.94412       -5.82531      
0.94900       -5.72878      
0.95389       -5.54499      
0.95878       -5.53295      
0.96366       -5.64947      
0.96855       -5.51431      
0.97343       -5.40853      
0.97832       -5.44813      
0.98321       -5.39946      
0.98809       -5.44824      
0.99298       -5.43713      
0.99787       -5.26262      
1.00275       -5.25797      
1.00764       -5.29928      
1.01253       -5.23943      
1.01741       -5.21627      
1.02230       -5.22774      
1.02719       -5.24622      
1.03207       -5.24949      
1.03696       -5.18944      
1.04185       -5.04590      
1.04673       -5.10541      
1.05162       -5.06751      
1.05651       -4.94154      
1.06139       -4.99486      
1.06628       -4.96274      
1.07117       -4.88193      
1.07605       -4.80842      
1.08094       -4.87288      
1.08583       -4.92768      
1.09071       -4.76175      
1.09560       -4.69726      
1.10049       -4.74829      
1.10537       -4.64247      
1.11026       -4.58586      
1.11515       -4.66853      
1.12003       -4.54021      
1.12492       -4.43438      
1.12981       -4.53770      
1.13469       -4.56588      
1.13958       -4.40219      
1.14447       -4.33213      
1.14935       -4.36023      
1.15424       -4.32856      
1.15913       -4.30037      
1.16401       -4.34694      
1.16890       -4.25859      
1.17379       -4.20064      
1.17867       -4.20816      
1.18356       -4.19930      
1.18845       -4.19160      
1.19333       -4.17477      
1.19822       -4.10556      
1.20311       -4.03982      
1.20799       -4.04456      
1.21288       -4.05756      
1.21777       -3.95408      
1.22265       -3.87174      
1.22754       -3.91976      
1.23243       -3.96906      
1.23731       -3.91309      
1.24220       -3.89774      
1.24709       -3.88732      
1.25197       -3.79413      
1.25686       -3.77122      
1.26174       -3.77774      
1.26663       -3.75068      
1.27152       -3.76204      
1.27640       -3.73589      
1.28129       -3.66209      
1.28618       -3.61412      
1.29106       -3.62281      
1.29595       -3.61491      
1.30084       -3.56012      
1.30572       -3.54273      
1.31061       -3.54715      
1.31550       -3.46788      
1.32038       -3.44334      
1.32527       -3.53473      
1.33016       -3.54561      
1.33504       -3.44284      
1.33993       -3.42613      
1.34482       -3.43117      
1.34970       -3.36536      
1.35459       -3.31461      
1.35948       -3.24400      
1.36436       -3.25992      
1.36925       -3.30003      
1.37414       -3.27163      
1.37902       -3.28229      
1.38391       -3.09175      
1.38880       -3.20232      
1.39368       -3.22243      
1.39857       -3.12080      
1.40346       -3.12343      
1.40834       -3.14265      
1.41323       -3.11078      
1.41812       -2.96611      
1.42300       -3.01460      
1.42789       -3.08071      
1.43278       -2.94213      
1.43766       -2.96577      
1.44255       -3.02960      
1.44744       -2.95009      
1.45232       -2.93353      
1.45721       -2.94395      
1.46210       -2.91628      
1.46698       -2.87450      
1.47187       -2.83401      
1.47676       -2.84687      
1.48164       -2.86444      
1.48653       -2.79933      
1.49142       -2.80542      
1.49630       -2.84493      
1.50119       -2.78414      
1.50608       -2.76657      
1.51096       -2.74910      
1.51585       -2.73174      
1.52074       -2.71449      
1.52562       -2.69736      
1.53051       -2.68033      
1.53539       -2.66341      
1.54028       -2.64659      
1.54517       -2.62989      
1.55005       -2.61328      
1.55494       -2.59679      
1.55983       -2.58040      
1.56471       -2.56411      
1.56960       -2.54793      
1.57449       -2.53184      
1.57937       -2.51586      
1.58426       -2.49999      
1.58915       -2.48421      
1.59403       -2.46853      
1.59892       -2.45295      
1.60381       -2.43747      
1.60869       -2.42209      
1.61358       -2.40681      
1.61847       -2.39162      
1.62335       -2.37653      
1.62824       -2.36153      
1.63313       -2.34663      
1.63801       -2.33182      
1.64290       -2.31711      
1.64779       -2.30249      
1.65267       -2.28796      
1.65756       -2.27353      
1.66245       -2.25918      
1.66733       -2.24493      
1.67222       -2.23077      
1.67711       -2.21670      
1.68199       -2.20271      
1.68688       -2.18882      
1.69177       -2.17501      
1.69665       -2.16129      
1.70154       -2.14765      
1.70643       -2.13411      
1.71131       -2.12064      
1.71620       -2.10727      
1.72109       -2.09398      
1.72597       -2.08077      
1.73086       -2.06764      
1.73575       -2.05460      
1.74063       -2.04164      
1.74552       -2.02877      
1.75041       -2.01597      
1.75529       -2.00326      
1.76018       -1.99062      
1.76507       -1.97807      
1.76995       -1.96559      
1.77484       -1.95320      
1.77973       -1.94088      
1.78461       -1.92864      
1.78950       -1.91648      
1.79439       -1.90439      
1.79927       -1.89238      
1.80416       -1.88045      
1.80904       -1.86859      
1.81393       -1.85681      
1.81882       -1.84510      
1.82370       -1.83347      
1.82859       -1.82191      
1.83348       -1.81042      
1.83836       -1.79900      
1.84325       -1.78766      
1.84814       -1.77639      
1.85302       -1.76519      
1.85791       -1.75406      
1.86280       -1.74300      
1.86768       -1.73201      
1.87257       -1.72109      
1.87746       -1.71024      
1.88234       -1.69946      
1.88723       -1.68875      
1.89212       -1.67810      
1.89700       -1.66752      
1.90189       -1.65701      
1.90678       -1.64656      
1.91166       -1.63618      
1.91655       -1.62587      
1.92144       -1.61562      
1.92632       -1.60543      
1.93121       -1.59531      
1.93610       -1.58526      
1.94098       -1.57526      
1.94587       -1.56533      
1.95076       -1.55547      
1.95564       -1.54566      
1.96053       -1.53592      
1.96542       -1.52624      
1.97030       -1.51662      
1.97519       -1.50706      
1.98008       -1.49756      
1.98496       -1.48812      
1.98985       -1.47874      
1.99474       -1.46942      
1.99962       -1.46016      
2.00451       -1.45096      
2.00940       -1.44181      
2.01428       -1.43273      
2.01917       -1.42370      
2.02406       -1.41472      
2.02894       -1.40581      
2.03383       -1.39695      
2.03872       -1.38814      
2.04360       -1.37940      
2.04849       -1.37070      
2.05338       -1.36206      
2.05826       -1.35348      
2.06315       -1.34495      
2.06804       -1.33648      
2.07292       -1.32805      
2.07781       -1.31968      
2.08270       -1.31137      
2.08758       -1.30310      
2.09247       -1.29489      
2.09735       -1.28673      
2.10224       -1.27862      
2.10713       -1.27057      
2.11201       -1.26256      
2.11690       -1.25461      
2.12179       -1.24670      
2.12667       -1.23884      
2.13156       -1.23104      
2.13645       -1.22328      
2.14133       -1.21557      
2.14622       -1.20791      
2.15111       -1.20030      
2.15599       -1.19274      
2.16088       -1.18523      
2.16577       -1.17776      
2.17065       -1.17034      
2.17554       -1.16296      
2.18043       -1.15564      
2.18531       -1.14836      
2.19020       -1.14112      
2.19509       -1.13393      
2.19997       -1.12679      
2.20486       -1.11969      
2.20975       -1.11263      
2.21463       -1.10562      
2.21952       -1.09866      
2.22441       -1.09174      
2.22929       -1.08486      
2.23418       -1.07802      
2.23907       -1.07123      
2.24395       -1.06448      
2.24884       -1.05778      
2.25373       -1.05111      
2.25861       -1.04449      
2.26350       -1.03791      
2.26839       -1.03137      
2.27327       -1.02488      
2.27816       -1.01842      
2.28305       -1.01201      
2.28793       -1.00563      
2.29282       -0.99930      
2.29771       -0.99300      
2.30259       -0.98675      
2.30748       -0.98053      
2.31237       -0.97435      
2.31725       -0.96822      
2.32214       -0.96212      
2.32703       -0.95606      
2.33191       -0.95003      
2.33680       -0.94405      
2.34169       -0.93810      
2.34657       -0.93219      
2.35146       -0.92632      
2.35635       -0.92049      
2.36123       -0.91469      
2.36612       -0.90893      
2.37100       -0.90320      
2.37589       -0.89751      
2.38078       -0.89186      
2.38566       -0.88624      
2.39055       -0.88066      
2.39544       -0.87512      
2.40032       -0.86960      
2.40521       -0.86413      
2.41010       -0.85868      
2.41498       -0.85328      
2.41987       -0.84790      
2.42476       -0.84256      
2.42964       -0.83725      
2.43453       -0.83198      
2.43942       -0.82674      
2.44430       -0.82154      
2.44919       -0.81636      
2.45408       -0.81122      
2.45896       -0.80611      
2.46385       -0.80103      
2.46874       -0.79599      
2.47362       -0.79098      
2.47851       -0.78599      
2.48340       -0.78105      
2.48828       -0.77613      
2.49317       -0.77124      
2.49806       -0.76638      
2.50294       -0.76156      
2.50783       -0.75676      
2.51272       -0.75199      
2.51760       -0.74726      
2.52249       -0.74255      
2.52738       -0.73788      
2.53226       -0.73323      
2.53715       -0.72861      
2.54204       -0.72402      
2.54692       -0.71947      
2.55181       -0.71493      
2.55670       -0.71043      
2.56158       -0.70596      
2.56647       -0.70151      
2.57136       -0.69710      
2.57624       -0.69271      
2.58113       -0.68834      
2.58602       -0.68401      
2.59090       -0.67970      
2.59579       -0.67542      
2.60068       -0.67117      
2.60556       -0.66694      
2.61045       -0.66274      
2.61534       -0.65857      
2.62022       -0.65442      
2.62511       -0.65030      
2.63000       -0.64621      
2.63488       -0.64214      
2.63977       -0.63810      
2.64465       -0.63408      
2.64954       -0.63009      
2.65443       -0.62612      
2.65931       -0.62218      
2.66420       -0.61826      
2.66909       -0.61437      
2.67397       -0.61050      
2.67886       -0.60666      
2.68375       -0.60284      
2.68863       -0.59904      
2.69352       -0.59527      
2.69841       -0.59152      
2.70329       -0.58780      
2.70818       -0.58410      
2.71307       -0.58042      
2.71795       -0.57677      
2.72284       -0.57313      
2.72773       -0.56953      
2.73261       -0.56594      
2.73750       -0.56238      
2.74239       -0.55884      
2.74727       -0.55532      
2.75216       -0.55182      
2.75705       -0.54835      
2.76193       -0.54490      
2.76682       -0.54147      
2.77171       -0.53806      
2.77659       -0.53467      
2.78148       -0.53130      
2.78637       -0.52796      
2.79125       -0.52464      
2.79614       -0.52133      
2.80103       -0.51805      
2.80591       -0.51479      
2.81080       -0.51155      
2.81569       -0.50833      
2.82057       -0.50513      
2.82546       -0.50195      
2.83035       -0.49879      
2.83523       -0.49565      
2.84012       -0.49253      
2.84501       -0.48943      
2.84989       -0.48635      
2.85478       -0.48329      
2.85967       -0.48025      
2.86455       -0.47722      
2.86944       -0.47422      
2.87433       -0.47123      
2.87921       -0.46827      
2.88410       -0.46532      
2.88899       -0.46239      
2.89387       -0.45948      
2.89876       -0.45659      
2.90365       -0.45371      
2.90853       -0.45086      
2.91342       -0.44802      
2.91830       -0.44520      
2.92319       -0.44240      
2.92808       -0.43961      
2.93296       -0.43685      
2.93785       -0.43410      
2.94274       -0.43136      
2.94762       -0.42865      
2.95251       -0.42595      
2.95740       -0.42327      
2.96228       -0.42061      
2.96717       -0.41796      
2.97206       -0.41533      
2.97694       -0.41271      
2.98183       -0.41012      
2.98672       -0.40754      
2.99160       -0.40497      
2.99649       -0.40242      
3.00138       -0.39989      
3.00626       -0.39737      
3.01115       -0.39487      
3.01604       -0.39239      
3.02092       -0.38992      
3.02581       -0.38746      
3.03070       -0.38502      
3.03558       -0.38260      
3.04047       -0.38019      
3.04536       -0.37780      
3.05024       -0.37542      
3.05513       -0.37306      
3.06002       -0.37071      
3.06490       -0.36838      
3.06979       -0.36606      
3.07468       -0.36376      
3.07956       -0.36147      
3.08445       -0.35919      
3.08934       -0.35693      
3.09422       -0.35469      
3.09911       -0.35246      
3.10400       -0.35024      
3.10888       -0.34803      
3.11377       -0.34584      
3.11866       -0.34367      
3.12354       -0.34150      
3.12843       -0.33936      
3.13332       -0.33722      
3.13820       -0.33510      
3.14309       -0.33299      
3.14798       -0.33089      
3.15286       -0.32881      
3.15775       -0.32674      
3.16264       -0.32469      
3.16752       -0.32264      
3.17241       -0.32061      
3.17730       -0.31860      
3.18218       -0.31659      
3.18707       -0.31460      
3.19196       -0.31262      
3.19684       -0.31065      
3.20173       -0.30870      
3.20661       -0.30676      
3.21150       -0.30483      
3.21639       -0.30291      
3.22127       -0.30100      
3.22616       -0.29911      
3.23105       -0.29723      
3.23593       -0.29536      
3.24082       -0.29350      
3.24571       -0.29165      
3.25059       -0.28982      
3.25548       -0.28799      
3.26037       -0.28618      
3.26525       -0.28438      
3.27014       -0.28259      
3.27503       -0.28081      
3.27991       -0.27905      
3.28480       -0.27729      
3.28969       -0.27555      
3.29457       -0.27381      
3.29946       -0.27209      
3.30435       -0.27038      
3.30923       -0.26868      
3.31412       -0.26699      
3.31901       -0.26531      
3.32389       -0.26364      
3.32878       -0.26198      
3.33367       -0.26033      
3.33855       -0.25869      
3.34344       -0.25707      
3.34833       -0.25545      
3.35321       -0.25384      
3.35810       -0.25224      
3.36299       -0.25066      
3.36787       -0.24908      
3.37276       -0.24751      
3.37765       -0.24596      
3.38253       -0.24441      
3.38742       -0.24287      
3.39231       -0.24134      
3.39719       -0.23983      
3.40208       -0.23832      
3.40697       -0.23682      
3.41185       -0.23533      
3.41674       -0.23385      
3.42163       -0.23238      
3.42651       -0.23092      
3.43140       -0.22946      
3.43629       -0.22802      
3.44117       -0.22659      
3.44606       -0.22516      
3.45095       -0.22374      
3.45583       -0.22234      
3.46072       -0.22094      
3.46561       -0.21955      
3.47049       -0.21817      
3.47538       -0.21680      
3.48026       -0.21543      
3.48515       -0.21408      
3.49004       -0.21273      
3.49492       -0.21139      
3.49981       -0.21006      
3.50470       -0.20874      
3.50958       -0.20743      
3.51447       -0.20612      
3.51936       -0.20483      
3.52424       -0.20354      
3.52913       -0.20226      
3.53402       -0.20099      
3.53890       -0.19972      
3.54379       -0.19847      
3.54868       -0.19722      
3.55356       -0.19598      
3.55845       -0.19475      
3.56334       -0.19352      
3.56822       -0.19230      
3.57311       -0.19109      
3.57800       -0.18989      
3.58288       -0.18870      
3.58777       -0.18751      
3.59266       -0.18633      
3.59754       -0.18516      
3.60243       -0.18400      
3.60732       -0.18284      
3.61220       -0.18169      
3.61709       -0.18055      
3.62198       -0.17941      
3.62686       -0.17828      
3.63175       -0.17716      
3.63664       -0.17605      
3.64152       -0.17494      
3.64641       -0.17384      
3.65130       -0.17275      
3.65618       -0.17166      
3.66107       -0.17058      
3.66596       -0.16951      
3.67084       -0.16844      
3.67573       -0.16738      
3.68062       -0.16633      
3.68550       -0.16529      
3.69039       -0.16425      
3.69528       -0.16321      
3.70016       -0.16219      
3.70505       -0.16117      
3.70994       -0.16015      
3.71482       -0.15915      
3.71971       -0.15815      
3.72460       -0.15715      
3.72948       -0.15616      
3.73437       -0.15518      
3.73926       -0.15421      
3.74414       -0.15324      
3.74903       -0.15227      
3.75391       -0.15132      
3.75880       -0.15036      
3.76369       -0.14942      
3.76857       -0.14848      
3.77346       -0.14755      
3.77835       -0.14662      
3.78323       -0.14570      
3.78812       -0.14478      
3.79301       -0.14387      
3.79789       -0.14297      
3.80278       -0.14207      
3.80767       -0.14117      
3.81255       -0.14029      
3.81744       -0.13940      
3.82233       -0.13853      
3.82721       -0.13766      
3.83210       -0.13679      
3.83699       -0.13593      
3.84187       -0.13508      
3.84676       -0.13423      
3.85165       -0.13338      
3.85653       -0.13255      
3.86142       -0.13171      
3.86631       -0.13088      
3.87119       -0.13006      
3.87608       -0.12924      
3.88097       -0.12843      
3.88585       -0.12762      
3.89074       -0.12682      
3.89563       -0.12602      
3.90051       -0.12523      
3.90540       -0.12444      
3.91029       -0.12366      
3.91517       -0.12289      
3.92006       -0.12211      
3.92495       -0.12135      
3.92983       -0.12058      
3.93472       -0.11982      
3.93961       -0.11907      
3.94449       -0.11832      
3.94938       -0.11758      
3.95427       -0.11684      
3.95915       -0.11611      
3.96404       -0.11538      
3.96893       -0.11465      
3.97381       -0.11393      
3.97870       -0.11321      
3.98359       -0.11250      
3.98847       -0.11180      
3.99336       -0.11109      
3.99825       -0.11039      
4.00313       -0.10970      
4.00802       -0.10901      
4.01291       -0.10833      
4.01779       -0.10765      
4.02268       -0.10697      
4.02757       -0.10630      
4.03245       -0.10563      
4.03734       -0.10497      
4.04222       -0.10431      
4.04711       -0.10365      
4.05200       -0.10300      
4.05688       -0.10235      
4.06177       -0.10171      
4.06666       -0.10107      
4.07154       -0.10043      
4.07643       -0.09980      
4.08132       -0.09918      
4.08620       -0.09855      
4.09109       -0.09793      
4.09598       -0.09732      
4.10086       -0.09671      
4.10575       -0.09610      
4.11064       -0.09549      
4.11552       -0.09489      
4.12041       -0.09430      
4.12530       -0.09371      
4.13018       -0.09312      
4.13507       -0.09253      
4.13996       -0.09195      
4.14484       -0.09137      
4.14973       -0.09080      
4.15462       -0.09023      
4.15950       -0.08966      
4.16439       -0.08910      
4.16928       -0.08854      
4.17416       -0.08798      
4.17905       -0.08743      
4.18394       -0.08688      
4.18882       -0.08633      
4.19371       -0.08579      
4.19860       -0.08525      
4.20348       -0.08472      
4.20837       -0.08418      
4.21326       -0.08366      
4.21814       -0.08313      
4.22303       -0.08261      
4.22792       -0.08209      
4.23280       -0.08157      
4.23769       -0.08106      
4.24258       -0.08055      
4.24746       -0.08005      
4.25235       -0.07954      
4.25724       -0.07904      
4.26212       -0.07855      
4.26701       -0.07805      
4.27190       -0.07756      
4.27678       -0.07708      
4.28167       -0.07659      
4.28656       -0.07611      
4.29144       -0.07563      
4.29633       -0.07516      
4.30122       -0.07469      
4.30610       -0.07422      
4.31099       -0.07375      
4.31587       -0.07329      
4.32076       -0.07283      
4.32565       -0.07237      
4.33053       -0.07191      
4.33542       -0.07146      
4.34031       -0.07101      
4.34519       -0.07057      
4.35008       -0.07012      
4.35497       -0.06968      
4.35985       -0.06925      
4.36474       -0.06881      
4.36963       -0.06838      
4.37451       -0.06795      
4.37940       -0.06752      
4.38429       -0.06710      
4.38917       -0.06668      
4.39406       -0.06626      
4.39895       -0.06584      
4.40383       -0.06543      
4.40872       -0.06502      
4.41361       -0.06461      
4.41849       -0.06420      
4.42338       -0.06380      
4.42827       -0.06340      
4.43315       -0.06300      
4.43804       -0.06261      
4.44293       -0.06221      
4.44781       -0.06182      
4.45270       -0.06144      
4.45759       -0.06105      
4.46247       -0.06067      
4.46736       -0.06029      
4.47225       -0.05991      
4.47713       -0.05953      
4.48202       -0.05916      
4.48691       -0.05879      
4.49179       -0.05842      
4.49668       -0.05805      
4.50157       -0.05769      
4.50645       -0.05732      
4.51134       -0.05696      
4.51623       -0.05661      
4.52111       -0.05625      
4.52600       -0.05590      
4.53089       -0.05555      
4.53577       -0.05520      
4.54066       -0.05485      
4.54555       -0.05451      
4.55043       -0.05416      
4.55532       -0.05382      
4.56021       -0.05349      
4.56509       -0.05315      
4.56998       -0.05282      
4.57487       -0.05249      
4.57975       -0.05216      
4.58464       -0.05183      
4.58952       -0.05150      
4.59441       -0.05118      
4.59930       -0.05086      
4.60418       -0.05054      
4.60907       -0.05022      
4.61396       -0.04991      
4.61884       -0.04959      
4.62373       -0.04928      
4.62862       -0.04897      
4.63350       -0.04867      
4.63839       -0.04836      
4.64328       -0.04806      
4.64816       -0.04776      
4.65305       -0.04746      
4.65794       -0.04716      
4.66282       -0.04686      
4.66771       -0.04657      
4.67260       -0.04628      
4.67748       -0.04599      
4.68237       -0.04570      
4.68726       -0.04541      
4.69214       -0.04512      
4.69703       -0.04484      
4.70192       -0.04456      
4.70680       -0.04428      
4.71169       -0.04400      
4.71658       -0.04373      
4.72146       -0.04345      
4.72635       -0.04318      
4.73124       -0.04291      
4.73612       -0.04264      
4.74101       -0.04237      
4.74590       -0.04211      
4.75078       -0.04184      
4.75567       -0.04158      
4.76056       -0.04132      
4.76544       -0.04106      
4.77033       -0.04080      
4.77522       -0.04055      
4.78010       -0.04029      
4.78499       -0.04004      
4.78988       -0.03979      
4.79476       -0.03954      
4.79965       -0.03929      
4.80454       -0.03904      
4.80942       -0.03880      
4.81431       -0.03856      
4.81920       -0.03831      
4.82408       -0.03807      
4.82897       -0.03783      
4.83386       -0.03760      
4.83874       -0.03736      
4.84363       -0.03713      
4.84852       -0.03689      
4.85340       -0.03666      
4.85829       -0.03643      
4.86317       -0.03620      
4.86806       -0.03598      
4.87295       -0.03575      
4.87783       -0.03553      
4.88272       -0.03530      
4.88761       -0.03508      
4.89249       -0.03486      
4.89738       -0.03464      
4.90227       -0.03443      
4.90715       -0.03421      
4.91204       -0.03400      
4.91693       -0.03378      
4.92181       -0.03357      
4.92670       -0.03336      
4.93159       -0.03315      
4.93647       -0.03294      
4.94136       -0.03274      
4.94625       -0.03253      
4.95113       -0.03233      
4.95602       -0.03213      
4.96091       -0.03192      
4.96579       -0.03172      
4.97068       -0.03152      
4.97557       -0.03133      
4.98045       -0.03113      
4.98534       -0.03094      
4.99023       -0.03074      
4.99511       -0.03055      
5.00000       -0.03036      
