0.00100       1000000000027966931206144.00000
0.00589       577588570138581.25000
0.01077       409124583264.86926
0.01566       4597878289.99154
0.02055       176670154.63152
0.02543       13652837.01275
0.03032       1657016.49478 
0.03521       275837.70344  
0.04009       58021.52032   
0.04498       14630.06505   
0.04987       4272.63548    
0.05475       1415.69444    
0.05964       527.41122     
0.06453       221.13871     
0.06941       104.99312     
0.07430       56.82256      
0.07919       34.23815      
0.08407       22.34160      
0.08896       15.46292      
0.09385       10.80319      
0.09873       7.15132       
0.10362       4.85439       
0.10851       3.14958       
0.11339       1.11212       
0.11828       -0.27755      
0.12317       -1.38062      
0.12805       -2.44295      
0.13294       -3.18981      
0.13783       -3.77718      
0.14271       -4.27465      
0.14760       -4.54646      
0.15248       -4.84678      
0.15737       -4.95338      
0.16226       -5.17388      
0.16714       -5.61742      
0.17203       -6.29671      
0.17692       -7.40347      
0.18180       -8.57459      
0.18669       -10.18210     
0.19158       -11.61517     
0.19646       -13.15413     
0.20135       -14.75879     
0.20624       -15.95029     
0.21112       -16.90291     
0.21601       -17.88592     
0.22090       -18.43426     
0.22578       -18.72419     
0.23067       -19.12704     
0.23556       -19.38661     
0.24044       -19.56919     
0.24533       -19.81217     
0.25022       -20.17434     
0.25510       -20.72117     
0.25999       -21.41054     
0.26488       -22.05554     
0.26976       -22.56835     
0.27465       -23.11805     
0.27954       -23.31801     
0.28442       -23.29186     
0.28931       -23.38859     
0.29420       -23.28370     
0.29908       -23.04529     
0.30397       -22.77992     
0.30886       -22.47668     
0.31374       -22.23960     
0.31863       -21.88508     
0.32352       -21.33340     
0.32840       -20.99722     
0.33329       -20.79291     
0.33818       -20.26347     
0.34306       -19.81522     
0.34795       -19.52324     
0.35284       -19.13188     
0.35772       -18.65977     
0.36261       -18.23865     
0.36750       -17.86531     
0.37238       -17.46333     
0.37727       -17.06742     
0.38216       -16.81331     
0.38704       -16.56596     
0.39193       -16.32585     
0.39682       -16.19420     
0.40170       -16.02376     
0.40659       -15.82050     
0.41148       -15.62225     
0.41636       -15.43971     
0.42125       -15.24382     
0.42613       -15.00645     
0.43102       -14.80358     
0.43591       -14.59437     
0.44079       -14.36395     
0.44568       -14.22159     
0.45057       -14.06750     
0.45545       -13.90158     
0.46034       -13.75586     
0.46523       -13.58795     
0.47011       -13.40566     
0.47500       -13.24913     
0.47989       -13.09646     
0.48477       -12.93535     
0.48966       -12.76989     
0.49455       -12.62753     
0.49943       -12.49308     
0.50432       -12.35456     
0.50921       -12.19316     
0.51409       -12.08203     
0.51898       -12.05046     
0.52387       -11.94491     
0.52875       -11.77412     
0.53364       -11.68415     
0.53853       -11.63611     
0.54341       -11.57852     
0.54830       -11.49476     
0.55319       -11.45134     
0.55807       -11.41357     
0.56296       -11.36102     
0.56785       -11.25588     
0.57273       -11.19131     
0.57762       -11.14289     
0.58251       -11.11808     
0.58739       -11.02440     
0.59228       -10.87472     
0.59717       -10.84799     
0.60205       -10.82538     
0.60694       -10.69647     
0.61183       -10.57762     
0.61671       -10.49861     
0.62160       -10.38341     
0.62649       -10.26097     
0.63137       -10.15775     
0.63626       -10.07892     
0.64115       -9.97748      
0.64603       -9.84961      
0.65092       -9.70142      
0.65581       -9.60934      
0.66069       -9.55280      
0.66558       -9.42699      
0.67047       -9.27907      
0.67535       -9.19278      
0.68024       -9.15379      
0.68513       -9.05011      
0.69001       -8.90840      
0.69490       -8.83812      
0.69978       -8.76343      
0.70467       -8.63153      
0.70956       -8.61185      
0.71444       -8.61008      
0.71933       -8.50055      
0.72422       -8.31519      
0.72910       -8.25049      
0.73399       -8.36002      
0.73888       -8.24367      
0.74376       -8.07277      
0.74865       -8.08376      
0.75354       -8.04511      
0.75842       -7.94639      
0.76331       -7.91244      
0.76820       -7.87587      
0.77308       -7.81675      
0.77797       -7.78574      
0.78286       -7.69142      
0.78774       -7.59134      
0.79263       -7.60640      
0.79752       -7.62317      
0.80240       -7.53421      
0.80729       -7.43274      
0.81218       -7.35635      
0.81706       -7.31704      
0.82195       -7.30656      
0.82684       -7.28483      
0.83172       -7.20869      
0.83661       -7.14561      
0.84150       -7.14364      
0.84638       -7.11736      
0.85127       -7.03029      
0.85616       -6.98662      
0.86104       -6.92552      
0.86593       -6.86661      
0.87082       -6.87422      
0.87570       -6.82755      
0.88059       -6.67566      
0.88548       -6.63019      
0.89036       -6.66636      
0.89525       -6.58208      
0.90014       -6.51608      
0.90502       -6.48538      
0.90991       -6.44264      
0.91480       -6.38353      
0.91968       -6.31105      
0.92457       -6.27502      
0.92946       -6.26102      
0.93434       -6.24558      
0.93923       -6.20547      
0.94412       -6.12181      
0.94900       -6.05686      
0.95389       -6.04692      
0.95878       -6.02921      
0.96366       -6.00013      
0.96855       -5.99156      
0.97343       -5.95865      
0.97832       -5.89947      
0.98321       -5.86359      
0.98809       -5.80914      
0.99298       -5.74925      
0.99787       -5.75413      
1.00275       -5.74037      
1.00764       -5.62152      
1.01253       -5.54419      
1.01741       -5.59210      
1.02230       -5.54777      
1.02719       -5.48275      
1.03207       -5.45714      
1.03696       -5.40957      
1.04185       -5.36813      
1.04673       -5.32280      
1.05162       -5.32654      
1.05651       -5.33799      
1.06139       -5.23890      
1.06628       -5.16777      
1.07117       -5.19182      
1.07605       -5.17268      
1.08094       -5.06957      
1.08583       -5.02093      
1.09071       -5.05913      
1.09560       -5.02228      
1.10049       -4.90617      
1.10537       -4.89266      
1.11026       -4.93387      
1.11515       -4.89466      
1.12003       -4.81918      
1.12492       -4.78874      
1.12981       -4.78640      
1.13469       -4.79358      
1.13958       -4.76515      
1.14447       -4.68495      
1.14935       -4.65020      
1.15424       -4.67313      
1.15913       -4.65899      
1.16401       -4.60497      
1.16890       -4.59218      
1.17379       -4.62219      
1.17867       -4.54832      
1.18356       -4.48297      
1.18845       -4.48747      
1.19333       -4.47837      
1.19822       -4.43321      
1.20311       -4.40592      
1.20799       -4.40823      
1.21288       -4.36444      
1.21777       -4.26692      
1.22265       -4.29273      
1.22754       -4.24406      
1.23243       -4.15930      
1.23731       -4.22338      
1.24220       -4.19707      
1.24709       -4.09923      
1.25197       -4.09803      
1.25686       -4.11593      
1.26174       -4.04800      
1.26663       -3.97123      
1.27152       -3.97843      
1.27640       -4.03460      
1.28129       -4.03309      
1.28618       -3.93677      
1.29106       -3.81685      
1.29595       -3.75559      
1.30084       -3.80936      
1.30572       -3.91300      
1.31061       -3.86409      
1.31550       -3.69351      
1.32038       -3.67534      
1.32527       -3.73805      
1.33016       -3.73227      
1.33504       -3.69421      
1.33993       -3.65221      
1.34482       -3.61770      
1.34970       -3.58562      
1.35459       -3.54885      
1.35948       -3.51531      
1.36436       -3.50144      
1.36925       -3.50557      
1.37414       -3.44588      
1.37902       -3.37719      
1.38391       -3.42067      
1.38880       -3.47040      
1.39368       -3.41772      
1.39857       -3.35204      
1.40346       -3.33931      
1.40834       -3.32409      
1.41323       -3.26377      
1.41812       -3.23983      
1.42300       -3.25728      
1.42789       -3.22868      
1.43278       -3.18174      
1.43766       -3.19829      
1.44255       -3.19247      
1.44744       -3.10028      
1.45232       -3.10321      
1.45721       -3.24965      
1.46210       -3.16845      
1.46698       -2.98164      
1.47187       -2.99404      
1.47676       -3.02664      
1.48164       -2.97645      
1.48653       -2.92308      
1.49142       -2.88825      
1.49630       -2.84823      
1.50119       -2.81277      
1.50608       -2.79490      
1.51096       -2.77715      
1.51585       -2.75950      
1.52074       -2.74198      
1.52562       -2.72456      
1.53051       -2.70726      
1.53539       -2.69007      
1.54028       -2.67299      
1.54517       -2.65602      
1.55005       -2.63916      
1.55494       -2.62241      
1.55983       -2.60577      
1.56471       -2.58923      
1.56960       -2.57280      
1.57449       -2.55648      
1.57937       -2.54026      
1.58426       -2.52414      
1.58915       -2.50813      
1.59403       -2.49222      
1.59892       -2.47642      
1.60381       -2.46071      
1.60869       -2.44511      
1.61358       -2.42961      
1.61847       -2.41420      
1.62335       -2.39890      
1.62824       -2.38369      
1.63313       -2.36859      
1.63801       -2.35357      
1.64290       -2.33866      
1.64779       -2.32384      
1.65267       -2.30911      
1.65756       -2.29448      
1.66245       -2.27995      
1.66733       -2.26550      
1.67222       -2.25115      
1.67711       -2.23689      
1.68199       -2.22272      
1.68688       -2.20865      
1.69177       -2.19466      
1.69665       -2.18076      
1.70154       -2.16695      
1.70643       -2.15323      
1.71131       -2.13960      
1.71620       -2.12606      
1.72109       -2.11260      
1.72597       -2.09922      
1.73086       -2.08594      
1.73575       -2.07273      
1.74063       -2.05962      
1.74552       -2.04658      
1.75041       -2.03363      
1.75529       -2.02076      
1.76018       -2.00798      
1.76507       -1.99527      
1.76995       -1.98265      
1.77484       -1.97011      
1.77973       -1.95765      
1.78461       -1.94526      
1.78950       -1.93296      
1.79439       -1.92073      
1.79927       -1.90858      
1.80416       -1.89651      
1.80904       -1.88452      
1.81393       -1.87260      
1.81882       -1.86076      
1.82370       -1.84900      
1.82859       -1.83731      
1.83348       -1.82569      
1.83836       -1.81415      
1.84325       -1.80268      
1.84814       -1.79129      
1.85302       -1.77996      
1.85791       -1.76871      
1.86280       -1.75753      
1.86768       -1.74643      
1.87257       -1.73539      
1.87746       -1.72442      
1.88234       -1.71353      
1.88723       -1.70270      
1.89212       -1.69194      
1.89700       -1.68125      
1.90189       -1.67063      
1.90678       -1.66007      
1.91166       -1.64958      
1.91655       -1.63916      
1.92144       -1.62881      
1.92632       -1.61852      
1.93121       -1.60830      
1.93610       -1.59814      
1.94098       -1.58805      
1.94587       -1.57802      
1.95076       -1.56805      
1.95564       -1.55815      
1.96053       -1.54831      
1.96542       -1.53853      
1.97030       -1.52882      
1.97519       -1.51916      
1.98008       -1.50957      
1.98496       -1.50004      
1.98985       -1.49057      
1.99474       -1.48116      
1.99962       -1.47181      
2.00451       -1.46252      
2.00940       -1.45328      
2.01428       -1.44411      
2.01917       -1.43499      
2.02406       -1.42594      
2.02894       -1.41694      
2.03383       -1.40799      
2.03872       -1.39911      
2.04360       -1.39028      
2.04849       -1.38150      
2.05338       -1.37279      
2.05826       -1.36412      
2.06315       -1.35551      
2.06804       -1.34696      
2.07292       -1.33846      
2.07781       -1.33002      
2.08270       -1.32163      
2.08758       -1.31329      
2.09247       -1.30500      
2.09735       -1.29677      
2.10224       -1.28859      
2.10713       -1.28046      
2.11201       -1.27238      
2.11690       -1.26436      
2.12179       -1.25638      
2.12667       -1.24846      
2.13156       -1.24058      
2.13645       -1.23276      
2.14133       -1.22498      
2.14622       -1.21725      
2.15111       -1.20958      
2.15599       -1.20195      
2.16088       -1.19437      
2.16577       -1.18684      
2.17065       -1.17935      
2.17554       -1.17192      
2.18043       -1.16453      
2.18531       -1.15718      
2.19020       -1.14989      
2.19509       -1.14264      
2.19997       -1.13543      
2.20486       -1.12828      
2.20975       -1.12116      
2.21463       -1.11409      
2.21952       -1.10707      
2.22441       -1.10009      
2.22929       -1.09316      
2.23418       -1.08627      
2.23907       -1.07942      
2.24395       -1.07261      
2.24884       -1.06585      
2.25373       -1.05913      
2.25861       -1.05246      
2.26350       -1.04583      
2.26839       -1.03923      
2.27327       -1.03268      
2.27816       -1.02618      
2.28305       -1.01971      
2.28793       -1.01328      
2.29282       -1.00690      
2.29771       -1.00055      
2.30259       -0.99425      
2.30748       -0.98798      
2.31237       -0.98176      
2.31725       -0.97557      
2.32214       -0.96942      
2.32703       -0.96332      
2.33191       -0.95725      
2.33680       -0.95121      
2.34169       -0.94522      
2.34657       -0.93927      
2.35146       -0.93335      
2.35635       -0.92747      
2.36123       -0.92163      
2.36612       -0.91582      
2.37100       -0.91005      
2.37589       -0.90432      
2.38078       -0.89862      
2.38566       -0.89296      
2.39055       -0.88734      
2.39544       -0.88175      
2.40032       -0.87619      
2.40521       -0.87068      
2.41010       -0.86519      
2.41498       -0.85974      
2.41987       -0.85433      
2.42476       -0.84895      
2.42964       -0.84360      
2.43453       -0.83829      
2.43942       -0.83301      
2.44430       -0.82776      
2.44919       -0.82255      
2.45408       -0.81737      
2.45896       -0.81222      
2.46385       -0.80711      
2.46874       -0.80203      
2.47362       -0.79698      
2.47851       -0.79196      
2.48340       -0.78697      
2.48828       -0.78202      
2.49317       -0.77710      
2.49806       -0.77220      
2.50294       -0.76734      
2.50783       -0.76251      
2.51272       -0.75771      
2.51760       -0.75294      
2.52249       -0.74820      
2.52738       -0.74349      
2.53226       -0.73881      
2.53715       -0.73416      
2.54204       -0.72954      
2.54692       -0.72495      
2.55181       -0.72038      
2.55670       -0.71585      
2.56158       -0.71134      
2.56647       -0.70686      
2.57136       -0.70242      
2.57624       -0.69800      
2.58113       -0.69360      
2.58602       -0.68924      
2.59090       -0.68490      
2.59579       -0.68059      
2.60068       -0.67631      
2.60556       -0.67205      
2.61045       -0.66782      
2.61534       -0.66362      
2.62022       -0.65944      
2.62511       -0.65529      
2.63000       -0.65117      
2.63488       -0.64707      
2.63977       -0.64300      
2.64465       -0.63895      
2.64954       -0.63493      
2.65443       -0.63094      
2.65931       -0.62697      
2.66420       -0.62302      
2.66909       -0.61910      
2.67397       -0.61521      
2.67886       -0.61134      
2.68375       -0.60749      
2.68863       -0.60367      
2.69352       -0.59987      
2.69841       -0.59610      
2.70329       -0.59235      
2.70818       -0.58862      
2.71307       -0.58492      
2.71795       -0.58124      
2.72284       -0.57759      
2.72773       -0.57395      
2.73261       -0.57034      
2.73750       -0.56676      
2.74239       -0.56319      
2.74727       -0.55965      
2.75216       -0.55613      
2.75705       -0.55263      
2.76193       -0.54915      
2.76682       -0.54570      
2.77171       -0.54227      
2.77659       -0.53886      
2.78148       -0.53547      
2.78637       -0.53210      
2.79125       -0.52876      
2.79614       -0.52543      
2.80103       -0.52213      
2.80591       -0.51884      
2.81080       -0.51558      
2.81569       -0.51234      
2.82057       -0.50912      
2.82546       -0.50592      
2.83035       -0.50274      
2.83523       -0.49957      
2.84012       -0.49643      
2.84501       -0.49331      
2.84989       -0.49021      
2.85478       -0.48713      
2.85967       -0.48407      
2.86455       -0.48102      
2.86944       -0.47800      
2.87433       -0.47499      
2.87921       -0.47201      
2.88410       -0.46904      
2.88899       -0.46609      
2.89387       -0.46316      
2.89876       -0.46025      
2.90365       -0.45736      
2.90853       -0.45448      
2.91342       -0.45163      
2.91830       -0.44879      
2.92319       -0.44597      
2.92808       -0.44316      
2.93296       -0.44038      
2.93785       -0.43761      
2.94274       -0.43486      
2.94762       -0.43213      
2.95251       -0.42941      
2.95740       -0.42671      
2.96228       -0.42403      
2.96717       -0.42137      
2.97206       -0.41872      
2.97694       -0.41609      
2.98183       -0.41347      
2.98672       -0.41087      
2.99160       -0.40829      
2.99649       -0.40573      
3.00138       -0.40318      
3.00626       -0.40064      
3.01115       -0.39813      
3.01604       -0.39562      
3.02092       -0.39314      
3.02581       -0.39067      
3.03070       -0.38821      
3.03558       -0.38577      
3.04047       -0.38335      
3.04536       -0.38094      
3.05024       -0.37855      
3.05513       -0.37617      
3.06002       -0.37381      
3.06490       -0.37146      
3.06979       -0.36913      
3.07468       -0.36681      
3.07956       -0.36450      
3.08445       -0.36221      
3.08934       -0.35994      
3.09422       -0.35768      
3.09911       -0.35543      
3.10400       -0.35320      
3.10888       -0.35098      
3.11377       -0.34877      
3.11866       -0.34658      
3.12354       -0.34441      
3.12843       -0.34224      
3.13332       -0.34009      
3.13820       -0.33796      
3.14309       -0.33584      
3.14798       -0.33373      
3.15286       -0.33163      
3.15775       -0.32955      
3.16264       -0.32748      
3.16752       -0.32542      
3.17241       -0.32338      
3.17730       -0.32135      
3.18218       -0.31933      
3.18707       -0.31733      
3.19196       -0.31533      
3.19684       -0.31335      
3.20173       -0.31139      
3.20661       -0.30943      
3.21150       -0.30749      
3.21639       -0.30556      
3.22127       -0.30364      
3.22616       -0.30173      
3.23105       -0.29984      
3.23593       -0.29796      
3.24082       -0.29609      
3.24571       -0.29423      
3.25059       -0.29238      
3.25548       -0.29054      
3.26037       -0.28872      
3.26525       -0.28691      
3.27014       -0.28511      
3.27503       -0.28332      
3.27991       -0.28154      
3.28480       -0.27977      
3.28969       -0.27802      
3.29457       -0.27627      
3.29946       -0.27454      
3.30435       -0.27281      
3.30923       -0.27110      
3.31412       -0.26940      
3.31901       -0.26771      
3.32389       -0.26603      
3.32878       -0.26436      
3.33367       -0.26270      
3.33855       -0.26105      
3.34344       -0.25941      
3.34833       -0.25779      
3.35321       -0.25617      
3.35810       -0.25456      
3.36299       -0.25296      
3.36787       -0.25138      
3.37276       -0.24980      
3.37765       -0.24823      
3.38253       -0.24667      
3.38742       -0.24513      
3.39231       -0.24359      
3.39719       -0.24206      
3.40208       -0.24054      
3.40697       -0.23903      
3.41185       -0.23753      
3.41674       -0.23604      
3.42163       -0.23456      
3.42651       -0.23309      
3.43140       -0.23163      
3.43629       -0.23018      
3.44117       -0.22873      
3.44606       -0.22730      
3.45095       -0.22587      
3.45583       -0.22445      
3.46072       -0.22305      
3.46561       -0.22165      
3.47049       -0.22026      
3.47538       -0.21888      
3.48026       -0.21750      
3.48515       -0.21614      
3.49004       -0.21478      
3.49492       -0.21344      
3.49981       -0.21210      
3.50470       -0.21077      
3.50958       -0.20945      
3.51447       -0.20813      
3.51936       -0.20683      
3.52424       -0.20553      
3.52913       -0.20424      
3.53402       -0.20296      
3.53890       -0.20169      
3.54379       -0.20042      
3.54868       -0.19917      
3.55356       -0.19792      
3.55845       -0.19668      
3.56334       -0.19545      
3.56822       -0.19422      
3.57311       -0.19300      
3.57800       -0.19179      
3.58288       -0.19059      
3.58777       -0.18940      
3.59266       -0.18821      
3.59754       -0.18703      
3.60243       -0.18586      
3.60732       -0.18469      
3.61220       -0.18353      
3.61709       -0.18238      
3.62198       -0.18124      
3.62686       -0.18010      
3.63175       -0.17898      
3.63664       -0.17785      
3.64152       -0.17674      
3.64641       -0.17563      
3.65130       -0.17453      
3.65618       -0.17344      
3.66107       -0.17235      
3.66596       -0.17127      
3.67084       -0.17020      
3.67573       -0.16913      
3.68062       -0.16807      
3.68550       -0.16702      
3.69039       -0.16597      
3.69528       -0.16493      
3.70016       -0.16390      
3.70505       -0.16287      
3.70994       -0.16185      
3.71482       -0.16084      
3.71971       -0.15983      
3.72460       -0.15883      
3.72948       -0.15783      
3.73437       -0.15684      
3.73926       -0.15586      
3.74414       -0.15489      
3.74903       -0.15391      
3.75391       -0.15295      
3.75880       -0.15199      
3.76369       -0.15104      
3.76857       -0.15009      
3.77346       -0.14915      
3.77835       -0.14822      
3.78323       -0.14729      
3.78812       -0.14637      
3.79301       -0.14545      
3.79789       -0.14454      
3.80278       -0.14364      
3.80767       -0.14274      
3.81255       -0.14184      
3.81744       -0.14096      
3.82233       -0.14007      
3.82721       -0.13920      
3.83210       -0.13832      
3.83699       -0.13746      
3.84187       -0.13660      
3.84676       -0.13574      
3.85165       -0.13489      
3.85653       -0.13405      
3.86142       -0.13321      
3.86631       -0.13238      
3.87119       -0.13155      
3.87608       -0.13072      
3.88097       -0.12990      
3.88585       -0.12909      
3.89074       -0.12828      
3.89563       -0.12748      
3.90051       -0.12668      
3.90540       -0.12589      
3.91029       -0.12510      
3.91517       -0.12432      
3.92006       -0.12354      
3.92495       -0.12277      
3.92983       -0.12200      
3.93472       -0.12124      
3.93961       -0.12048      
3.94449       -0.11972      
3.94938       -0.11897      
3.95427       -0.11823      
3.95915       -0.11749      
3.96404       -0.11676      
3.96893       -0.11603      
3.97381       -0.11530      
3.97870       -0.11458      
3.98359       -0.11386      
3.98847       -0.11315      
3.99336       -0.11244      
3.99825       -0.11174      
4.00313       -0.11104      
4.00802       -0.11034      
4.01291       -0.10965      
4.01779       -0.10897      
4.02268       -0.10829      
4.02757       -0.10761      
4.03245       -0.10694      
4.03734       -0.10627      
4.04222       -0.10560      
4.04711       -0.10494      
4.05200       -0.10429      
4.05688       -0.10363      
4.06177       -0.10299      
4.06666       -0.10234      
4.07154       -0.10170      
4.07643       -0.10107      
4.08132       -0.10043      
4.08620       -0.09981      
4.09109       -0.09918      
4.09598       -0.09856      
4.10086       -0.09795      
4.10575       -0.09733      
4.11064       -0.09673      
4.11552       -0.09612      
4.12041       -0.09552      
4.12530       -0.09492      
4.13018       -0.09433      
4.13507       -0.09374      
4.13996       -0.09315      
4.14484       -0.09257      
4.14973       -0.09199      
4.15462       -0.09142      
4.15950       -0.09085      
4.16439       -0.09028      
4.16928       -0.08972      
4.17416       -0.08916      
4.17905       -0.08860      
4.18394       -0.08804      
4.18882       -0.08749      
4.19371       -0.08695      
4.19860       -0.08640      
4.20348       -0.08586      
4.20837       -0.08533      
4.21326       -0.08480      
4.21814       -0.08427      
4.22303       -0.08374      
4.22792       -0.08322      
4.23280       -0.08270      
4.23769       -0.08218      
4.24258       -0.08167      
4.24746       -0.08116      
4.25235       -0.08065      
4.25724       -0.08015      
4.26212       -0.07965      
4.26701       -0.07915      
4.27190       -0.07865      
4.27678       -0.07816      
4.28167       -0.07767      
4.28656       -0.07719      
4.29144       -0.07671      
4.29633       -0.07623      
4.30122       -0.07575      
4.30610       -0.07528      
4.31099       -0.07481      
4.31587       -0.07434      
4.32076       -0.07388      
4.32565       -0.07342      
4.33053       -0.07296      
4.33542       -0.07250      
4.34031       -0.07205      
4.34519       -0.07160      
4.35008       -0.07116      
4.35497       -0.07071      
4.35985       -0.07027      
4.36474       -0.06983      
4.36963       -0.06940      
4.37451       -0.06896      
4.37940       -0.06853      
4.38429       -0.06811      
4.38917       -0.06768      
4.39406       -0.06726      
4.39895       -0.06684      
4.40383       -0.06642      
4.40872       -0.06601      
4.41361       -0.06560      
4.41849       -0.06519      
4.42338       -0.06478      
4.42827       -0.06438      
4.43315       -0.06397      
4.43804       -0.06358      
4.44293       -0.06318      
4.44781       -0.06278      
4.45270       -0.06239      
4.45759       -0.06200      
4.46247       -0.06162      
4.46736       -0.06123      
4.47225       -0.06085      
4.47713       -0.06047      
4.48202       -0.06010      
4.48691       -0.05972      
4.49179       -0.05935      
4.49668       -0.05898      
4.50157       -0.05861      
4.50645       -0.05825      
4.51134       -0.05788      
4.51623       -0.05752      
4.52111       -0.05716      
4.52600       -0.05681      
4.53089       -0.05645      
4.53577       -0.05610      
4.54066       -0.05575      
4.54555       -0.05540      
4.55043       -0.05506      
4.55532       -0.05472      
4.56021       -0.05438      
4.56509       -0.05404      
4.56998       -0.05370      
4.57487       -0.05337      
4.57975       -0.05303      
4.58464       -0.05270      
4.58952       -0.05237      
4.59441       -0.05205      
4.59930       -0.05172      
4.60418       -0.05140      
4.60907       -0.05108      
4.61396       -0.05076      
4.61884       -0.05045      
4.62373       -0.05013      
4.62862       -0.04982      
4.63350       -0.04951      
4.63839       -0.04920      
4.64328       -0.04890      
4.64816       -0.04859      
4.65305       -0.04829      
4.65794       -0.04799      
4.66282       -0.04769      
4.66771       -0.04739      
4.67260       -0.04710      
4.67748       -0.04681      
4.68237       -0.04651      
4.68726       -0.04623      
4.69214       -0.04594      
4.69703       -0.04565      
4.70192       -0.04537      
4.70680       -0.04509      
4.71169       -0.04480      
4.71658       -0.04453      
4.72146       -0.04425      
4.72635       -0.04397      
4.73124       -0.04370      
4.73612       -0.04343      
4.74101       -0.04316      
4.74590       -0.04289      
4.75078       -0.04262      
4.75567       -0.04236      
4.76056       -0.04210      
4.76544       -0.04183      
4.77033       -0.04157      
4.77522       -0.04131      
4.78010       -0.04106      
4.78499       -0.04080      
4.78988       -0.04055      
4.79476       -0.04030      
4.79965       -0.04005      
4.80454       -0.03980      
4.80942       -0.03955      
4.81431       -0.03930      
4.81920       -0.03906      
4.82408       -0.03882      
4.82897       -0.03858      
4.83386       -0.03834      
4.83874       -0.03810      
4.84363       -0.03786      
4.84852       -0.03763      
4.85340       -0.03739      
4.85829       -0.03716      
4.86317       -0.03693      
4.86806       -0.03670      
4.87295       -0.03647      
4.87783       -0.03625      
4.88272       -0.03602      
4.88761       -0.03580      
4.89249       -0.03558      
4.89738       -0.03535      
4.90227       -0.03513      
4.90715       -0.03492      
4.91204       -0.03470      
4.91693       -0.03448      
4.92181       -0.03427      
4.92670       -0.03406      
4.93159       -0.03385      
4.93647       -0.03364      
4.94136       -0.03343      
4.94625       -0.03322      
4.95113       -0.03301      
4.95602       -0.03281      
4.96091       -0.03261      
4.96579       -0.03240      
4.97068       -0.03220      
4.97557       -0.03200      
4.98045       -0.03180      
4.98534       -0.03161      
4.99023       -0.03141      
4.99511       -0.03122      
5.00000       -0.03102      
