0.00100       1000000000027966931206144.00000
0.00589       577588570138529.87500
0.01077       409124583209.61804
0.01566       4597878231.17799
0.02055       176670094.53337
0.02543       13652780.89542
0.03032       1656963.63752 
0.03521       275788.05008  
0.04009       57975.64409   
0.04498       14587.39543   
0.04987       4233.42914    
0.05475       1379.74627    
0.05964       494.78380     
0.06453       191.79830     
0.06941       78.88108      
0.07430       33.44696      
0.07919       13.73667      
0.08407       4.76147       
0.08896       0.12622       
0.09385       -2.14976      
0.09873       -3.36836      
0.10362       -3.76583      
0.10851       -3.90727      
0.11339       -3.80602      
0.11828       -3.69973      
0.12317       -3.43590      
0.12805       -3.20297      
0.13294       -3.00327      
0.13783       -3.10946      
0.14271       -2.94492      
0.14760       -3.50198      
0.15248       -3.73161      
0.15737       -4.52038      
0.16226       -5.42625      
0.16714       -6.26140      
0.17203       -7.32727      
0.17692       -8.16287      
0.18180       -8.77271      
0.18669       -9.23572      
0.19158       -9.45444      
0.19646       -9.57970      
0.20135       -9.71456      
0.20624       -9.58744      
0.21112       -9.27862      
0.21601       -9.12094      
0.22090       -8.86724      
0.22578       -8.50806      
0.23067       -8.15306      
0.23556       -7.74085      
0.24044       -7.59030      
0.24533       -7.09021      
0.25022       -6.85703      
0.25510       -6.69129      
0.25999       -6.39191      
0.26488       -6.03938      
0.26976       -5.79287      
0.27465       -5.53908      
0.27954       -5.16411      
0.28442       -4.87797      
0.28931       -4.48125      
0.29420       -4.05222      
0.29908       -3.73873      
0.30397       -3.47691      
0.30886       -3.10690      
0.31374       -2.73822      
0.31863       -2.50854      
0.32352       -2.27280      
0.32840       -2.00423      
0.33329       -1.76545      
0.33818       -1.53021      
0.34306       -1.29557      
0.34795       -1.04833      
0.35284       -0.71831      
0.35772       -0.39115      
0.36261       -0.21376      
0.36750       -0.13979      
0.37238       0.01713       
0.37727       0.24736       
0.38216       0.30485       
0.38704       0.21304       
0.39193       0.34785       
0.39682       0.49798       
0.40170       0.37584       
0.40659       0.17284       
0.41148       0.25175       
0.41636       0.20746       
0.42125       0.05051       
0.42613       -0.07204      
0.43102       -0.12437      
0.43591       -0.17616      
0.44079       -0.30261      
0.44568       -0.38204      
0.45057       -0.38577      
0.45545       -0.47861      
0.46034       -0.59303      
0.46523       -0.60293      
0.47011       -0.59386      
0.47500       -0.63135      
0.47989       -0.64014      
0.48477       -0.70047      
0.48966       -0.84816      
0.49455       -0.82939      
0.49943       -0.70169      
0.50432       -0.84322      
0.50921       -0.94706      
0.51409       -0.83613      
0.51898       -0.88262      
0.52387       -0.93381      
0.52875       -0.82999      
0.53364       -0.79932      
0.53853       -0.89588      
0.54341       -0.92281      
0.54830       -0.84473      
0.55319       -0.80609      
0.55807       -0.83902      
0.56296       -0.87949      
0.56785       -0.88021      
0.57273       -0.83352      
0.57762       -0.80741      
0.58251       -0.79382      
0.58739       -0.75805      
0.59228       -0.72318      
0.59717       -0.71844      
0.60205       -0.75958      
0.60694       -0.75723      
0.61183       -0.68431      
0.61671       -0.61985      
0.62160       -0.60523      
0.62649       -0.58409      
0.63137       -0.54597      
0.63626       -0.53891      
0.64115       -0.51495      
0.64603       -0.42310      
0.65092       -0.36892      
0.65581       -0.48378      
0.66069       -0.50526      
0.66558       -0.40400      
0.67047       -0.28801      
0.67535       -0.27964      
0.68024       -0.30906      
0.68513       -0.30233      
0.69001       -0.25842      
0.69490       -0.21833      
0.69978       -0.17999      
0.70467       -0.15556      
0.70956       -0.20534      
0.71444       -0.16001      
0.71933       -0.11215      
0.72422       -0.17275      
0.72910       -0.12143      
0.73399       -0.11942      
0.73888       -0.09629      
0.74376       -0.06058      
0.74865       -0.14347      
0.75354       -0.18198      
0.75842       -0.10337      
0.76331       -0.09465      
0.76820       -0.14073      
0.77308       -0.09375      
0.77797       -0.04703      
0.78286       -0.16253      
0.78774       -0.22557      
0.79263       -0.15759      
0.79752       -0.11711      
0.80240       -0.12908      
0.80729       -0.17350      
0.81218       -0.20991      
0.81706       -0.18846      
0.82195       -0.20181      
0.82684       -0.27398      
0.83172       -0.32170      
0.83661       -0.30838      
0.84150       -0.27632      
0.84638       -0.30065      
0.85127       -0.36199      
0.85616       -0.37822      
0.86104       -0.31907      
0.86593       -0.30214      
0.87082       -0.37489      
0.87570       -0.35149      
0.88059       -0.37744      
0.88548       -0.44193      
0.89036       -0.33786      
0.89525       -0.30190      
0.90014       -0.40566      
0.90502       -0.37145      
0.90991       -0.38565      
0.91480       -0.43644      
0.91968       -0.40318      
0.92457       -0.33842      
0.92946       -0.34891      
0.93434       -0.36877      
0.93923       -0.40114      
0.94412       -0.50048      
0.94900       -0.30052      
0.95389       -0.26560      
0.95878       -0.32317      
0.96366       -0.36572      
0.96855       -0.33471      
0.97343       -0.28132      
0.97832       -0.29797      
0.98321       -0.30811      
0.98809       -0.24559      
0.99298       -0.32955      
0.99787       -0.38686      
1.00275       -0.29978      
1.00764       -0.29410      
1.01253       -0.27140      
1.01741       -0.25676      
1.02230       -0.27362      
1.02719       -0.27798      
1.03207       -0.24351      
1.03696       -0.22212      
1.04185       -0.28781      
1.04673       -0.33282      
1.05162       -0.24171      
1.05651       -0.16247      
1.06139       -0.19115      
1.06628       -0.25540      
1.07117       -0.29769      
1.07605       -0.27374      
1.08094       -0.19245      
1.08583       -0.18357      
1.09071       -0.28563      
1.09560       -0.25348      
1.10049       -0.16407      
1.10537       -0.23553      
1.11026       -0.32093      
1.11515       -0.28494      
1.12003       -0.21625      
1.12492       -0.18575      
1.12981       -0.16149      
1.13469       -0.24101      
1.13958       -0.39388      
1.14447       -0.21179      
1.14935       -0.13784      
1.15424       -0.29070      
1.15913       -0.26596      
1.16401       -0.15149      
1.16890       -0.18387      
1.17379       -0.26289      
1.17867       -0.27379      
1.18356       -0.27230      
1.18845       -0.23590      
1.19333       -0.18898      
1.19822       -0.31152      
1.20311       -0.34434      
1.20799       -0.28392      
1.21288       -0.20006      
1.21777       -0.23238      
1.22265       -0.19258      
1.22754       -0.29602      
1.23243       -0.45456      
1.23731       -0.25328      
1.24220       -0.14214      
1.24709       -0.23668      
1.25197       -0.26129      
1.25686       -0.17525      
1.26174       -0.16805      
1.26663       -0.24998      
1.27152       -0.20720      
1.27640       -0.13143      
1.28129       -0.20069      
1.28618       -0.26308      
1.29106       -0.22521      
1.29595       -0.15223      
1.30084       -0.15021      
1.30572       -0.17926      
1.31061       -0.19935      
1.31550       -0.20594      
1.32038       -0.18947      
1.32527       -0.16170      
1.33016       -0.15156      
1.33504       -0.16814      
1.33993       -0.20594      
1.34482       -0.21799      
1.34970       -0.20825      
1.35459       -0.21365      
1.35948       -0.14951      
1.36436       -0.11725      
1.36925       -0.15621      
1.37414       -0.17323      
1.37902       -0.16659      
1.38391       -0.17031      
1.38880       -0.12843      
1.39368       -0.05913      
1.39857       -0.09680      
1.40346       -0.16285      
1.40834       -0.13490      
1.41323       -0.07337      
1.41812       -0.02387      
1.42300       0.00701       
1.42789       -0.01838      
1.43278       -0.09058      
1.43766       -0.12260      
1.44255       -0.07767      
1.44744       -0.00253      
1.45232       0.00864       
1.45721       -0.04158      
1.46210       -0.11757      
1.46698       -0.13362      
1.47187       -0.06603      
1.47676       -0.00632      
1.48164       -0.02726      
1.48653       -0.10446      
1.49142       -0.12250      
1.49630       -0.06451      
1.50119       -0.03300      
1.50608       -0.03266      
1.51096       -0.03233      
1.51585       -0.03200      
1.52074       -0.03168      
1.52562       -0.03136      
1.53051       -0.03105      
1.53539       -0.03074      
1.54028       -0.03044      
1.54517       -0.03013      
1.55005       -0.02984      
1.55494       -0.02954      
1.55983       -0.02925      
1.56471       -0.02897      
1.56960       -0.02869      
1.57449       -0.02841      
1.57937       -0.02813      
1.58426       -0.02786      
1.58915       -0.02759      
1.59403       -0.02733      
1.59892       -0.02707      
1.60381       -0.02681      
1.60869       -0.02656      
1.61358       -0.02630      
1.61847       -0.02606      
1.62335       -0.02581      
1.62824       -0.02557      
1.63313       -0.02533      
1.63801       -0.02509      
1.64290       -0.02486      
1.64779       -0.02463      
1.65267       -0.02440      
1.65756       -0.02418      
1.66245       -0.02396      
1.66733       -0.02374      
1.67222       -0.02352      
1.67711       -0.02331      
1.68199       -0.02310      
1.68688       -0.02289      
1.69177       -0.02268      
1.69665       -0.02248      
1.70154       -0.02228      
1.70643       -0.02208      
1.71131       -0.02188      
1.71620       -0.02169      
1.72109       -0.02150      
1.72597       -0.02131      
1.73086       -0.02112      
1.73575       -0.02093      
1.74063       -0.02075      
1.74552       -0.02057      
1.75041       -0.02039      
1.75529       -0.02021      
1.76018       -0.02004      
1.76507       -0.01987      
1.76995       -0.01969      
1.77484       -0.01953      
1.77973       -0.01936      
1.78461       -0.01919      
1.78950       -0.01903      
1.79439       -0.01887      
1.79927       -0.01871      
1.80416       -0.01855      
1.80904       -0.01840      
1.81393       -0.01824      
1.81882       -0.01809      
1.82370       -0.01794      
1.82859       -0.01779      
1.83348       -0.01764      
1.83836       -0.01750      
1.84325       -0.01735      
1.84814       -0.01721      
1.85302       -0.01707      
1.85791       -0.01693      
1.86280       -0.01679      
1.86768       -0.01665      
1.87257       -0.01652      
1.87746       -0.01638      
1.88234       -0.01625      
1.88723       -0.01612      
1.89212       -0.01599      
1.89700       -0.01586      
1.90189       -0.01574      
1.90678       -0.01561      
1.91166       -0.01549      
1.91655       -0.01536      
1.92144       -0.01524      
1.92632       -0.01512      
1.93121       -0.01500      
1.93610       -0.01489      
1.94098       -0.01477      
1.94587       -0.01465      
1.95076       -0.01454      
1.95564       -0.01443      
1.96053       -0.01432      
1.96542       -0.01420      
1.97030       -0.01410      
1.97519       -0.01399      
1.98008       -0.01388      
1.98496       -0.01377      
1.98985       -0.01367      
1.99474       -0.01356      
1.99962       -0.01346      
2.00451       -0.01336      
2.00940       -0.01326      
2.01428       -0.01316      
2.01917       -0.01306      
2.02406       -0.01296      
2.02894       -0.01286      
2.03383       -0.01277      
2.03872       -0.01267      
2.04360       -0.01258      
2.04849       -0.01249      
2.05338       -0.01239      
2.05826       -0.01230      
2.06315       -0.01221      
2.06804       -0.01212      
2.07292       -0.01203      
2.07781       -0.01195      
2.08270       -0.01186      
2.08758       -0.01177      
2.09247       -0.01169      
2.09735       -0.01160      
2.10224       -0.01152      
2.10713       -0.01144      
2.11201       -0.01135      
2.11690       -0.01127      
2.12179       -0.01119      
2.12667       -0.01111      
2.13156       -0.01103      
2.13645       -0.01095      
2.14133       -0.01088      
2.14622       -0.01080      
2.15111       -0.01072      
2.15599       -0.01065      
2.16088       -0.01057      
2.16577       -0.01050      
2.17065       -0.01043      
2.17554       -0.01035      
2.18043       -0.01028      
2.18531       -0.01021      
2.19020       -0.01014      
2.19509       -0.01007      
2.19997       -0.01000      
2.20486       -0.00993      
2.20975       -0.00986      
2.21463       -0.00980      
2.21952       -0.00973      
2.22441       -0.00966      
2.22929       -0.00960      
2.23418       -0.00953      
2.23907       -0.00947      
2.24395       -0.00940      
2.24884       -0.00934      
2.25373       -0.00928      
2.25861       -0.00921      
2.26350       -0.00915      
2.26839       -0.00909      
2.27327       -0.00903      
2.27816       -0.00897      
2.28305       -0.00891      
2.28793       -0.00885      
2.29282       -0.00879      
2.29771       -0.00874      
2.30259       -0.00868      
2.30748       -0.00862      
2.31237       -0.00856      
2.31725       -0.00851      
2.32214       -0.00845      
2.32703       -0.00840      
2.33191       -0.00834      
2.33680       -0.00829      
2.34169       -0.00824      
2.34657       -0.00818      
2.35146       -0.00813      
2.35635       -0.00808      
2.36123       -0.00803      
2.36612       -0.00797      
2.37100       -0.00792      
2.37589       -0.00787      
2.38078       -0.00782      
2.38566       -0.00777      
2.39055       -0.00772      
2.39544       -0.00767      
2.40032       -0.00763      
2.40521       -0.00758      
2.41010       -0.00753      
2.41498       -0.00748      
2.41987       -0.00744      
2.42476       -0.00739      
2.42964       -0.00734      
2.43453       -0.00730      
2.43942       -0.00725      
2.44430       -0.00721      
2.44919       -0.00716      
2.45408       -0.00712      
2.45896       -0.00708      
2.46385       -0.00703      
2.46874       -0.00699      
2.47362       -0.00695      
2.47851       -0.00690      
2.48340       -0.00686      
2.48828       -0.00682      
2.49317       -0.00678      
2.49806       -0.00674      
2.50294       -0.00670      
2.50783       -0.00666      
2.51272       -0.00662      
2.51760       -0.00658      
2.52249       -0.00654      
2.52738       -0.00650      
2.53226       -0.00646      
2.53715       -0.00642      
2.54204       -0.00638      
2.54692       -0.00634      
2.55181       -0.00631      
2.55670       -0.00627      
2.56158       -0.00623      
2.56647       -0.00619      
2.57136       -0.00616      
2.57624       -0.00612      
2.58113       -0.00609      
2.58602       -0.00605      
2.59090       -0.00601      
2.59579       -0.00598      
2.60068       -0.00594      
2.60556       -0.00591      
2.61045       -0.00588      
2.61534       -0.00584      
2.62022       -0.00581      
2.62511       -0.00577      
2.63000       -0.00574      
2.63488       -0.00571      
2.63977       -0.00567      
2.64465       -0.00564      
2.64954       -0.00561      
2.65443       -0.00558      
2.65931       -0.00555      
2.66420       -0.00551      
2.66909       -0.00548      
2.67397       -0.00545      
2.67886       -0.00542      
2.68375       -0.00539      
2.68863       -0.00536      
2.69352       -0.00533      
2.69841       -0.00530      
2.70329       -0.00527      
2.70818       -0.00524      
2.71307       -0.00521      
2.71795       -0.00518      
2.72284       -0.00515      
2.72773       -0.00512      
2.73261       -0.00510      
2.73750       -0.00507      
2.74239       -0.00504      
2.74727       -0.00501      
2.75216       -0.00498      
2.75705       -0.00496      
2.76193       -0.00493      
2.76682       -0.00490      
2.77171       -0.00488      
2.77659       -0.00485      
2.78148       -0.00482      
2.78637       -0.00480      
2.79125       -0.00477      
2.79614       -0.00474      
2.80103       -0.00472      
2.80591       -0.00469      
2.81080       -0.00467      
2.81569       -0.00464      
2.82057       -0.00462      
2.82546       -0.00459      
2.83035       -0.00457      
2.83523       -0.00454      
2.84012       -0.00452      
2.84501       -0.00450      
2.84989       -0.00447      
2.85478       -0.00445      
2.85967       -0.00442      
2.86455       -0.00440      
2.86944       -0.00438      
2.87433       -0.00435      
2.87921       -0.00433      
2.88410       -0.00431      
2.88899       -0.00429      
2.89387       -0.00426      
2.89876       -0.00424      
2.90365       -0.00422      
2.90853       -0.00420      
2.91342       -0.00418      
2.91830       -0.00415      
2.92319       -0.00413      
2.92808       -0.00411      
2.93296       -0.00409      
2.93785       -0.00407      
2.94274       -0.00405      
2.94762       -0.00403      
2.95251       -0.00401      
2.95740       -0.00399      
2.96228       -0.00397      
2.96717       -0.00394      
2.97206       -0.00392      
2.97694       -0.00390      
2.98183       -0.00388      
2.98672       -0.00386      
2.99160       -0.00385      
2.99649       -0.00383      
3.00138       -0.00381      
3.00626       -0.00379      
3.01115       -0.00377      
3.01604       -0.00375      
3.02092       -0.00373      
3.02581       -0.00371      
3.03070       -0.00369      
3.03558       -0.00367      
3.04047       -0.00366      
3.04536       -0.00364      
3.05024       -0.00362      
3.05513       -0.00360      
3.06002       -0.00358      
3.06490       -0.00357      
3.06979       -0.00355      
3.07468       -0.00353      
3.07956       -0.00351      
3.08445       -0.00350      
3.08934       -0.00348      
3.09422       -0.00346      
3.09911       -0.00345      
3.10400       -0.00343      
3.10888       -0.00341      
3.11377       -0.00339      
3.11866       -0.00338      
3.12354       -0.00336      
3.12843       -0.00335      
3.13332       -0.00333      
3.13820       -0.00331      
3.14309       -0.00330      
3.14798       -0.00328      
3.15286       -0.00327      
3.15775       -0.00325      
3.16264       -0.00323      
3.16752       -0.00322      
3.17241       -0.00320      
3.17730       -0.00319      
3.18218       -0.00317      
3.18707       -0.00316      
3.19196       -0.00314      
3.19684       -0.00313      
3.20173       -0.00311      
3.20661       -0.00310      
3.21150       -0.00308      
3.21639       -0.00307      
3.22127       -0.00305      
3.22616       -0.00304      
3.23105       -0.00303      
3.23593       -0.00301      
3.24082       -0.00300      
3.24571       -0.00298      
3.25059       -0.00297      
3.25548       -0.00296      
3.26037       -0.00294      
3.26525       -0.00293      
3.27014       -0.00291      
3.27503       -0.00290      
3.27991       -0.00289      
3.28480       -0.00287      
3.28969       -0.00286      
3.29457       -0.00285      
3.29946       -0.00283      
3.30435       -0.00282      
3.30923       -0.00281      
3.31412       -0.00280      
3.31901       -0.00278      
3.32389       -0.00277      
3.32878       -0.00276      
3.33367       -0.00274      
3.33855       -0.00273      
3.34344       -0.00272      
3.34833       -0.00271      
3.35321       -0.00270      
3.35810       -0.00268      
3.36299       -0.00267      
3.36787       -0.00266      
3.37276       -0.00265      
3.37765       -0.00263      
3.38253       -0.00262      
3.38742       -0.00261      
3.39231       -0.00260      
3.39719       -0.00259      
3.40208       -0.00258      
3.40697       -0.00256      
3.41185       -0.00255      
3.41674       -0.00254      
3.42163       -0.00253      
3.42651       -0.00252      
3.43140       -0.00251      
3.43629       -0.00250      
3.44117       -0.00249      
3.44606       -0.00248      
3.45095       -0.00246      
3.45583       -0.00245      
3.46072       -0.00244      
3.46561       -0.00243      
3.47049       -0.00242      
3.47538       -0.00241      
3.48026       -0.00240      
3.48515       -0.00239      
3.49004       -0.00238      
3.49492       -0.00237      
3.49981       -0.00236      
3.50470       -0.00235      
3.50958       -0.00234      
3.51447       -0.00233      
3.51936       -0.00232      
3.52424       -0.00231      
3.52913       -0.00230      
3.53402       -0.00229      
3.53890       -0.00228      
3.54379       -0.00227      
3.54868       -0.00226      
3.55356       -0.00225      
3.55845       -0.00224      
3.56334       -0.00223      
3.56822       -0.00222      
3.57311       -0.00221      
3.57800       -0.00220      
3.58288       -0.00219      
3.58777       -0.00218      
3.59266       -0.00217      
3.59754       -0.00216      
3.60243       -0.00216      
3.60732       -0.00215      
3.61220       -0.00214      
3.61709       -0.00213      
3.62198       -0.00212      
3.62686       -0.00211      
3.63175       -0.00210      
3.63664       -0.00209      
3.64152       -0.00208      
3.64641       -0.00208      
3.65130       -0.00207      
3.65618       -0.00206      
3.66107       -0.00205      
3.66596       -0.00204      
3.67084       -0.00203      
3.67573       -0.00202      
3.68062       -0.00202      
3.68550       -0.00201      
3.69039       -0.00200      
3.69528       -0.00199      
3.70016       -0.00198      
3.70505       -0.00197      
3.70994       -0.00197      
3.71482       -0.00196      
3.71971       -0.00195      
3.72460       -0.00194      
3.72948       -0.00193      
3.73437       -0.00193      
3.73926       -0.00192      
3.74414       -0.00191      
3.74903       -0.00190      
3.75391       -0.00190      
3.75880       -0.00189      
3.76369       -0.00188      
3.76857       -0.00187      
3.77346       -0.00186      
3.77835       -0.00186      
3.78323       -0.00185      
3.78812       -0.00184      
3.79301       -0.00183      
3.79789       -0.00183      
3.80278       -0.00182      
3.80767       -0.00181      
3.81255       -0.00181      
3.81744       -0.00180      
3.82233       -0.00179      
3.82721       -0.00178      
3.83210       -0.00178      
3.83699       -0.00177      
3.84187       -0.00176      
3.84676       -0.00176      
3.85165       -0.00175      
3.85653       -0.00174      
3.86142       -0.00174      
3.86631       -0.00173      
3.87119       -0.00172      
3.87608       -0.00171      
3.88097       -0.00171      
3.88585       -0.00170      
3.89074       -0.00169      
3.89563       -0.00169      
3.90051       -0.00168      
3.90540       -0.00167      
3.91029       -0.00167      
3.91517       -0.00166      
3.92006       -0.00166      
3.92495       -0.00165      
3.92983       -0.00164      
3.93472       -0.00164      
3.93961       -0.00163      
3.94449       -0.00162      
3.94938       -0.00162      
3.95427       -0.00161      
3.95915       -0.00160      
3.96404       -0.00160      
3.96893       -0.00159      
3.97381       -0.00159      
3.97870       -0.00158      
3.98359       -0.00157      
3.98847       -0.00157      
3.99336       -0.00156      
3.99825       -0.00156      
4.00313       -0.00155      
4.00802       -0.00154      
4.01291       -0.00154      
4.01779       -0.00153      
4.02268       -0.00153      
4.02757       -0.00152      
4.03245       -0.00152      
4.03734       -0.00151      
4.04222       -0.00150      
4.04711       -0.00150      
4.05200       -0.00149      
4.05688       -0.00149      
4.06177       -0.00148      
4.06666       -0.00148      
4.07154       -0.00147      
4.07643       -0.00146      
4.08132       -0.00146      
4.08620       -0.00145      
4.09109       -0.00145      
4.09598       -0.00144      
4.10086       -0.00144      
4.10575       -0.00143      
4.11064       -0.00143      
4.11552       -0.00142      
4.12041       -0.00142      
4.12530       -0.00141      
4.13018       -0.00141      
4.13507       -0.00140      
4.13996       -0.00140      
4.14484       -0.00139      
4.14973       -0.00138      
4.15462       -0.00138      
4.15950       -0.00137      
4.16439       -0.00137      
4.16928       -0.00136      
4.17416       -0.00136      
4.17905       -0.00135      
4.18394       -0.00135      
4.18882       -0.00134      
4.19371       -0.00134      
4.19860       -0.00134      
4.20348       -0.00133      
4.20837       -0.00133      
4.21326       -0.00132      
4.21814       -0.00132      
4.22303       -0.00131      
4.22792       -0.00131      
4.23280       -0.00130      
4.23769       -0.00130      
4.24258       -0.00129      
4.24746       -0.00129      
4.25235       -0.00128      
4.25724       -0.00128      
4.26212       -0.00127      
4.26701       -0.00127      
4.27190       -0.00126      
4.27678       -0.00126      
4.28167       -0.00126      
4.28656       -0.00125      
4.29144       -0.00125      
4.29633       -0.00124      
4.30122       -0.00124      
4.30610       -0.00123      
4.31099       -0.00123      
4.31587       -0.00122      
4.32076       -0.00122      
4.32565       -0.00122      
4.33053       -0.00121      
4.33542       -0.00121      
4.34031       -0.00120      
4.34519       -0.00120      
4.35008       -0.00119      
4.35497       -0.00119      
4.35985       -0.00119      
4.36474       -0.00118      
4.36963       -0.00118      
4.37451       -0.00117      
4.37940       -0.00117      
4.38429       -0.00117      
4.38917       -0.00116      
4.39406       -0.00116      
4.39895       -0.00115      
4.40383       -0.00115      
4.40872       -0.00115      
4.41361       -0.00114      
4.41849       -0.00114      
4.42338       -0.00113      
4.42827       -0.00113      
4.43315       -0.00113      
4.43804       -0.00112      
4.44293       -0.00112      
4.44781       -0.00111      
4.45270       -0.00111      
4.45759       -0.00111      
4.46247       -0.00110      
4.46736       -0.00110      
4.47225       -0.00110      
4.47713       -0.00109      
4.48202       -0.00109      
4.48691       -0.00108      
4.49179       -0.00108      
4.49668       -0.00108      
4.50157       -0.00107      
4.50645       -0.00107      
4.51134       -0.00107      
4.51623       -0.00106      
4.52111       -0.00106      
4.52600       -0.00105      
4.53089       -0.00105      
4.53577       -0.00105      
4.54066       -0.00104      
4.54555       -0.00104      
4.55043       -0.00104      
4.55532       -0.00103      
4.56021       -0.00103      
4.56509       -0.00103      
4.56998       -0.00102      
4.57487       -0.00102      
4.57975       -0.00102      
4.58464       -0.00101      
4.58952       -0.00101      
4.59441       -0.00101      
4.59930       -0.00100      
4.60418       -0.00100      
4.60907       -0.00100      
4.61396       -0.00099      
4.61884       -0.00099      
4.62373       -0.00099      
4.62862       -0.00098      
4.63350       -0.00098      
4.63839       -0.00098      
4.64328       -0.00097      
4.64816       -0.00097      
4.65305       -0.00097      
4.65794       -0.00096      
4.66282       -0.00096      
4.66771       -0.00096      
4.67260       -0.00095      
4.67748       -0.00095      
4.68237       -0.00095      
4.68726       -0.00095      
4.69214       -0.00094      
4.69703       -0.00094      
4.70192       -0.00094      
4.70680       -0.00093      
4.71169       -0.00093      
4.71658       -0.00093      
4.72146       -0.00092      
4.72635       -0.00092      
4.73124       -0.00092      
4.73612       -0.00091      
4.74101       -0.00091      
4.74590       -0.00091      
4.75078       -0.00091      
4.75567       -0.00090      
4.76056       -0.00090      
4.76544       -0.00090      
4.77033       -0.00089      
4.77522       -0.00089      
4.78010       -0.00089      
4.78499       -0.00089      
4.78988       -0.00088      
4.79476       -0.00088      
4.79965       -0.00088      
4.80454       -0.00087      
4.80942       -0.00087      
4.81431       -0.00087      
4.81920       -0.00087      
4.82408       -0.00086      
4.82897       -0.00086      
4.83386       -0.00086      
4.83874       -0.00086      
4.84363       -0.00085      
4.84852       -0.00085      
4.85340       -0.00085      
4.85829       -0.00084      
4.86317       -0.00084      
4.86806       -0.00084      
4.87295       -0.00084      
4.87783       -0.00083      
4.88272       -0.00083      
4.88761       -0.00083      
4.89249       -0.00083      
4.89738       -0.00082      
4.90227       -0.00082      
4.90715       -0.00082      
4.91204       -0.00082      
4.91693       -0.00081      
4.92181       -0.00081      
4.92670       -0.00081      
4.93159       -0.00081      
4.93647       -0.00080      
4.94136       -0.00080      
4.94625       -0.00080      
4.95113       -0.00080      
4.95602       -0.00079      
4.96091       -0.00079      
4.96579       -0.00079      
4.97068       -0.00079      
4.97557       -0.00078      
4.98045       -0.00078      
4.98534       -0.00078      
4.99023       -0.00078      
4.99511       -0.00077      
5.00000       -0.00077      
