0.00100       1000000000027966931206144.00000
0.00589       577588570138601.87500
0.01077       409124583285.36902
0.01566       4597878310.37122
0.02055       176670176.80025
0.02543       13652860.21047
0.03032       1657040.39565 
0.03521       275862.68343  
0.04009       58048.01114   
0.04498       14658.08417   
0.04987       4302.46231    
0.05475       1447.13435    
0.05964       561.39340     
0.06453       257.43314     
0.06941       143.72476     
0.07430       98.08409      
0.07919       78.15406      
0.08407       68.73182      
0.08896       63.76617      
0.09385       61.34023      
0.09873       59.20721      
0.10362       58.01852      
0.10851       56.48509      
0.11339       54.66232      
0.11828       52.45174      
0.12317       50.31938      
0.12805       47.86675      
0.13294       45.92230      
0.13783       43.98230      
0.14271       41.70492      
0.14760       39.05935      
0.15248       35.36877      
0.15737       30.33664      
0.16226       24.88217      
0.16714       19.64632      
0.17203       14.89489      
0.17692       10.80361      
0.18180       7.13759       
0.18669       3.93857       
0.19158       1.06138       
0.19646       -1.50350      
0.20135       -3.70248      
0.20624       -5.65387      
0.21112       -7.16546      
0.21601       -8.56562      
0.22090       -9.62410      
0.22578       -10.32237     
0.23067       -11.05881     
0.23556       -11.38928     
0.24044       -11.49650     
0.24533       -11.61561     
0.25022       -11.43595     
0.25510       -11.20601     
0.25999       -11.09883     
0.26488       -10.52974     
0.26976       -10.15289     
0.27465       -9.78502      
0.27954       -9.30504      
0.28442       -8.81327      
0.28931       -8.44625      
0.29420       -8.20460      
0.29908       -7.93050      
0.30397       -7.60143      
0.30886       -7.40972      
0.31374       -7.20223      
0.31863       -6.84387      
0.32352       -6.47689      
0.32840       -6.17622      
0.33329       -5.88650      
0.33818       -5.42999      
0.34306       -5.22114      
0.34795       -4.88152      
0.35284       -4.52325      
0.35772       -4.31155      
0.36261       -3.99857      
0.36750       -3.62619      
0.37238       -3.48756      
0.37727       -3.36380      
0.38216       -3.09862      
0.38704       -2.87186      
0.39193       -2.69007      
0.39682       -2.57588      
0.40170       -2.32296      
0.40659       -2.16111      
0.41148       -1.78932      
0.41636       -1.55216      
0.42125       -1.18952      
0.42613       -1.06053      
0.43102       -0.82482      
0.43591       -0.62512      
0.44079       -0.59301      
0.44568       -0.59320      
0.45057       -0.54314      
0.45545       -0.56533      
0.46034       -0.57482      
0.46523       -0.53997      
0.47011       -0.64543      
0.47500       -0.56466      
0.47989       -0.48113      
0.48477       -0.65771      
0.48966       -0.67631      
0.49455       -0.55547      
0.49943       -0.58253      
0.50432       -0.56031      
0.50921       -0.58161      
0.51409       -0.51883      
0.51898       -0.49593      
0.52387       -0.63382      
0.52875       -0.55309      
0.53364       -0.51495      
0.53853       -0.65425      
0.54341       -0.62464      
0.54830       -0.56092      
0.55319       -0.66890      
0.55807       -0.64894      
0.56296       -0.68334      
0.56785       -0.77728      
0.57273       -0.73886      
0.57762       -0.79126      
0.58251       -0.85750      
0.58739       -0.78205      
0.59228       -0.83201      
0.59717       -0.85110      
0.60205       -0.73130      
0.60694       -0.78373      
0.61183       -0.75954      
0.61671       -0.76377      
0.62160       -0.76856      
0.62649       -0.74834      
0.63137       -0.75349      
0.63626       -0.64903      
0.64115       -0.60308      
0.64603       -0.71218      
0.65092       -0.73331      
0.65581       -0.61483      
0.66069       -0.54028      
0.66558       -0.53891      
0.67047       -0.58517      
0.67535       -0.49552      
0.68024       -0.43473      
0.68513       -0.56117      
0.69001       -0.41998      
0.69490       -0.29099      
0.69978       -0.42477      
0.70467       -0.50083      
0.70956       -0.37721      
0.71444       -0.23814      
0.71933       -0.27403      
0.72422       -0.35964      
0.72910       -0.26707      
0.73399       -0.22704      
0.73888       -0.24936      
0.74376       -0.27156      
0.74865       -0.36619      
0.75354       -0.20317      
0.75842       -0.22955      
0.76331       -0.27340      
0.76820       -0.32168      
0.77308       -0.28806      
0.77797       -0.26123      
0.78286       -0.25174      
0.78774       -0.27395      
0.79263       -0.24634      
0.79752       -0.21430      
0.80240       -0.27203      
0.80729       -0.29210      
0.81218       -0.22334      
0.81706       -0.19469      
0.82195       -0.26507      
0.82684       -0.29473      
0.83172       -0.23463      
0.83661       -0.20688      
0.84150       -0.23031      
0.84638       -0.24056      
0.85127       -0.24035      
0.85616       -0.23930      
0.86104       -0.20506      
0.86593       -0.24686      
0.87082       -0.21959      
0.87570       -0.25984      
0.88059       -0.27633      
0.88548       -0.22054      
0.89036       -0.20592      
0.89525       -0.26950      
0.90014       -0.23333      
0.90502       -0.29090      
0.90991       -0.39356      
0.91480       -0.15662      
0.91968       -0.29038      
0.92457       -0.36038      
0.92946       -0.29626      
0.93434       -0.30744      
0.93923       -0.31172      
0.94412       -0.21272      
0.94900       -0.21492      
0.95389       -0.30951      
0.95878       -0.29968      
0.96366       -0.20648      
0.96855       -0.14739      
0.97343       -0.19596      
0.97832       -0.25607      
0.98321       -0.30221      
0.98809       -0.21446      
0.99298       -0.16107      
0.99787       -0.28126      
1.00275       -0.26585      
1.00764       -0.23540      
1.01253       -0.23013      
1.01741       -0.17067      
1.02230       -0.24619      
1.02719       -0.26760      
1.03207       -0.20430      
1.03696       -0.15604      
1.04185       -0.26260      
1.04673       -0.20714      
1.05162       -0.10259      
1.05651       -0.16267      
1.06139       -0.23195      
1.06628       -0.12112      
1.07117       -0.07694      
1.07605       -0.17571      
1.08094       -0.13114      
1.08583       -0.06570      
1.09071       -0.02242      
1.09560       -0.24847      
1.10049       -0.03051      
1.10537       0.04750       
1.11026       -0.01994      
1.11515       -0.01484      
1.12003       -0.02793      
1.12492       -0.11147      
1.12981       0.04939       
1.13469       0.06246       
1.13958       -0.14493      
1.14447       -0.01371      
1.14935       0.08273       
1.15424       -0.06876      
1.15913       -0.06531      
1.16401       0.04654       
1.16890       -0.01209      
1.17379       -0.09562      
1.17867       -0.04243      
1.18356       -0.03904      
1.18845       -0.02179      
1.19333       -0.00664      
1.19822       -0.06974      
1.20311       -0.12159      
1.20799       -0.05999      
1.21288       -0.12717      
1.21777       -0.05197      
1.22265       -0.04398      
1.22754       -0.10878      
1.23243       -0.06509      
1.23731       -0.04974      
1.24220       -0.09866      
1.24709       -0.02133      
1.25197       -0.10992      
1.25686       -0.10187      
1.26174       0.02377       
1.26663       -0.03943      
1.27152       -0.03003      
1.27640       -0.14277      
1.28129       -0.10266      
1.28618       0.05083       
1.29106       -0.16528      
1.29595       -0.23511      
1.30084       0.00710       
1.30572       -0.00974      
1.31061       -0.13402      
1.31550       -0.11653      
1.32038       -0.04012      
1.32527       -0.11538      
1.33016       -0.19329      
1.33504       -0.17330      
1.33993       -0.09131      
1.34482       -0.04574      
1.34970       -0.12963      
1.35459       -0.18898      
1.35948       -0.12221      
1.36436       -0.06613      
1.36925       -0.09854      
1.37414       -0.04912      
1.37902       -0.08165      
1.38391       -0.04399      
1.38880       -0.08650      
1.39368       -0.07714      
1.39857       -0.04145      
1.40346       -0.12560      
1.40834       -0.14060      
1.41323       -0.08076      
1.41812       -0.05689      
1.42300       -0.07358      
1.42789       -0.10645      
1.43278       -0.11357      
1.43766       -0.07951      
1.44255       -0.12384      
1.44744       -0.06042      
1.45232       -0.08823      
1.45721       -0.06856      
1.46210       -0.04816      
1.46698       -0.07902      
1.47187       -0.09348      
1.47676       -0.09253      
1.48164       -0.01765      
1.48653       0.01915       
1.49142       -0.05924      
1.49630       -0.11531      
1.50119       -0.04306      
1.50608       -0.04262      
1.51096       -0.04218      
1.51585       -0.04175      
1.52074       -0.04133      
1.52562       -0.04091      
1.53051       -0.04050      
1.53539       -0.04009      
1.54028       -0.03969      
1.54517       -0.03929      
1.55005       -0.03890      
1.55494       -0.03852      
1.55983       -0.03814      
1.56471       -0.03776      
1.56960       -0.03739      
1.57449       -0.03702      
1.57937       -0.03666      
1.58426       -0.03631      
1.58915       -0.03595      
1.59403       -0.03561      
1.59892       -0.03526      
1.60381       -0.03493      
1.60869       -0.03459      
1.61358       -0.03426      
1.61847       -0.03394      
1.62335       -0.03361      
1.62824       -0.03330      
1.63313       -0.03298      
1.63801       -0.03267      
1.64290       -0.03237      
1.64779       -0.03207      
1.65267       -0.03177      
1.65756       -0.03147      
1.66245       -0.03118      
1.66733       -0.03090      
1.67222       -0.03061      
1.67711       -0.03033      
1.68199       -0.03005      
1.68688       -0.02978      
1.69177       -0.02951      
1.69665       -0.02924      
1.70154       -0.02898      
1.70643       -0.02872      
1.71131       -0.02846      
1.71620       -0.02821      
1.72109       -0.02796      
1.72597       -0.02771      
1.73086       -0.02746      
1.73575       -0.02722      
1.74063       -0.02698      
1.74552       -0.02674      
1.75041       -0.02651      
1.75529       -0.02628      
1.76018       -0.02605      
1.76507       -0.02582      
1.76995       -0.02560      
1.77484       -0.02538      
1.77973       -0.02516      
1.78461       -0.02494      
1.78950       -0.02473      
1.79439       -0.02452      
1.79927       -0.02431      
1.80416       -0.02410      
1.80904       -0.02390      
1.81393       -0.02370      
1.81882       -0.02350      
1.82370       -0.02330      
1.82859       -0.02311      
1.83348       -0.02292      
1.83836       -0.02272      
1.84325       -0.02254      
1.84814       -0.02235      
1.85302       -0.02217      
1.85791       -0.02198      
1.86280       -0.02180      
1.86768       -0.02162      
1.87257       -0.02145      
1.87746       -0.02127      
1.88234       -0.02110      
1.88723       -0.02093      
1.89212       -0.02076      
1.89700       -0.02059      
1.90189       -0.02043      
1.90678       -0.02026      
1.91166       -0.02010      
1.91655       -0.01994      
1.92144       -0.01978      
1.92632       -0.01963      
1.93121       -0.01947      
1.93610       -0.01932      
1.94098       -0.01917      
1.94587       -0.01902      
1.95076       -0.01887      
1.95564       -0.01872      
1.96053       -0.01857      
1.96542       -0.01843      
1.97030       -0.01829      
1.97519       -0.01815      
1.98008       -0.01801      
1.98496       -0.01787      
1.98985       -0.01773      
1.99474       -0.01759      
1.99962       -0.01746      
2.00451       -0.01733      
2.00940       -0.01720      
2.01428       -0.01707      
2.01917       -0.01694      
2.02406       -0.01681      
2.02894       -0.01668      
2.03383       -0.01656      
2.03872       -0.01643      
2.04360       -0.01631      
2.04849       -0.01619      
2.05338       -0.01607      
2.05826       -0.01595      
2.06315       -0.01583      
2.06804       -0.01572      
2.07292       -0.01560      
2.07781       -0.01549      
2.08270       -0.01537      
2.08758       -0.01526      
2.09247       -0.01515      
2.09735       -0.01504      
2.10224       -0.01493      
2.10713       -0.01482      
2.11201       -0.01472      
2.11690       -0.01461      
2.12179       -0.01450      
2.12667       -0.01440      
2.13156       -0.01430      
2.13645       -0.01420      
2.14133       -0.01409      
2.14622       -0.01399      
2.15111       -0.01390      
2.15599       -0.01380      
2.16088       -0.01370      
2.16577       -0.01360      
2.17065       -0.01351      
2.17554       -0.01341      
2.18043       -0.01332      
2.18531       -0.01323      
2.19020       -0.01314      
2.19509       -0.01304      
2.19997       -0.01295      
2.20486       -0.01286      
2.20975       -0.01278      
2.21463       -0.01269      
2.21952       -0.01260      
2.22441       -0.01251      
2.22929       -0.01243      
2.23418       -0.01234      
2.23907       -0.01226      
2.24395       -0.01218      
2.24884       -0.01209      
2.25373       -0.01201      
2.25861       -0.01193      
2.26350       -0.01185      
2.26839       -0.01177      
2.27327       -0.01169      
2.27816       -0.01162      
2.28305       -0.01154      
2.28793       -0.01146      
2.29282       -0.01139      
2.29771       -0.01131      
2.30259       -0.01124      
2.30748       -0.01116      
2.31237       -0.01109      
2.31725       -0.01101      
2.32214       -0.01094      
2.32703       -0.01087      
2.33191       -0.01080      
2.33680       -0.01073      
2.34169       -0.01066      
2.34657       -0.01059      
2.35146       -0.01052      
2.35635       -0.01045      
2.36123       -0.01039      
2.36612       -0.01032      
2.37100       -0.01025      
2.37589       -0.01019      
2.38078       -0.01012      
2.38566       -0.01006      
2.39055       -0.00999      
2.39544       -0.00993      
2.40032       -0.00987      
2.40521       -0.00981      
2.41010       -0.00974      
2.41498       -0.00968      
2.41987       -0.00962      
2.42476       -0.00956      
2.42964       -0.00950      
2.43453       -0.00944      
2.43942       -0.00938      
2.44430       -0.00933      
2.44919       -0.00927      
2.45408       -0.00921      
2.45896       -0.00915      
2.46385       -0.00910      
2.46874       -0.00904      
2.47362       -0.00898      
2.47851       -0.00893      
2.48340       -0.00887      
2.48828       -0.00882      
2.49317       -0.00877      
2.49806       -0.00871      
2.50294       -0.00866      
2.50783       -0.00861      
2.51272       -0.00856      
2.51760       -0.00850      
2.52249       -0.00845      
2.52738       -0.00840      
2.53226       -0.00835      
2.53715       -0.00830      
2.54204       -0.00825      
2.54692       -0.00820      
2.55181       -0.00815      
2.55670       -0.00811      
2.56158       -0.00806      
2.56647       -0.00801      
2.57136       -0.00796      
2.57624       -0.00792      
2.58113       -0.00787      
2.58602       -0.00782      
2.59090       -0.00778      
2.59579       -0.00773      
2.60068       -0.00769      
2.60556       -0.00764      
2.61045       -0.00760      
2.61534       -0.00755      
2.62022       -0.00751      
2.62511       -0.00746      
2.63000       -0.00742      
2.63488       -0.00738      
2.63977       -0.00734      
2.64465       -0.00729      
2.64954       -0.00725      
2.65443       -0.00721      
2.65931       -0.00717      
2.66420       -0.00713      
2.66909       -0.00709      
2.67397       -0.00705      
2.67886       -0.00701      
2.68375       -0.00697      
2.68863       -0.00693      
2.69352       -0.00689      
2.69841       -0.00685      
2.70329       -0.00681      
2.70818       -0.00677      
2.71307       -0.00674      
2.71795       -0.00670      
2.72284       -0.00666      
2.72773       -0.00662      
2.73261       -0.00659      
2.73750       -0.00655      
2.74239       -0.00651      
2.74727       -0.00648      
2.75216       -0.00644      
2.75705       -0.00641      
2.76193       -0.00637      
2.76682       -0.00634      
2.77171       -0.00630      
2.77659       -0.00627      
2.78148       -0.00623      
2.78637       -0.00620      
2.79125       -0.00616      
2.79614       -0.00613      
2.80103       -0.00610      
2.80591       -0.00607      
2.81080       -0.00603      
2.81569       -0.00600      
2.82057       -0.00597      
2.82546       -0.00594      
2.83035       -0.00590      
2.83523       -0.00587      
2.84012       -0.00584      
2.84501       -0.00581      
2.84989       -0.00578      
2.85478       -0.00575      
2.85967       -0.00572      
2.86455       -0.00569      
2.86944       -0.00566      
2.87433       -0.00563      
2.87921       -0.00560      
2.88410       -0.00557      
2.88899       -0.00554      
2.89387       -0.00551      
2.89876       -0.00548      
2.90365       -0.00545      
2.90853       -0.00542      
2.91342       -0.00539      
2.91830       -0.00537      
2.92319       -0.00534      
2.92808       -0.00531      
2.93296       -0.00528      
2.93785       -0.00526      
2.94274       -0.00523      
2.94762       -0.00520      
2.95251       -0.00517      
2.95740       -0.00515      
2.96228       -0.00512      
2.96717       -0.00510      
2.97206       -0.00507      
2.97694       -0.00504      
2.98183       -0.00502      
2.98672       -0.00499      
2.99160       -0.00497      
2.99649       -0.00494      
3.00138       -0.00492      
3.00626       -0.00489      
3.01115       -0.00487      
3.01604       -0.00484      
3.02092       -0.00482      
3.02581       -0.00479      
3.03070       -0.00477      
3.03558       -0.00475      
3.04047       -0.00472      
3.04536       -0.00470      
3.05024       -0.00467      
3.05513       -0.00465      
3.06002       -0.00463      
3.06490       -0.00461      
3.06979       -0.00458      
3.07468       -0.00456      
3.07956       -0.00454      
3.08445       -0.00452      
3.08934       -0.00449      
3.09422       -0.00447      
3.09911       -0.00445      
3.10400       -0.00443      
3.10888       -0.00441      
3.11377       -0.00438      
3.11866       -0.00436      
3.12354       -0.00434      
3.12843       -0.00432      
3.13332       -0.00430      
3.13820       -0.00428      
3.14309       -0.00426      
3.14798       -0.00424      
3.15286       -0.00422      
3.15775       -0.00420      
3.16264       -0.00418      
3.16752       -0.00416      
3.17241       -0.00414      
3.17730       -0.00412      
3.18218       -0.00410      
3.18707       -0.00408      
3.19196       -0.00406      
3.19684       -0.00404      
3.20173       -0.00402      
3.20661       -0.00400      
3.21150       -0.00398      
3.21639       -0.00396      
3.22127       -0.00394      
3.22616       -0.00392      
3.23105       -0.00391      
3.23593       -0.00389      
3.24082       -0.00387      
3.24571       -0.00385      
3.25059       -0.00383      
3.25548       -0.00382      
3.26037       -0.00380      
3.26525       -0.00378      
3.27014       -0.00376      
3.27503       -0.00374      
3.27991       -0.00373      
3.28480       -0.00371      
3.28969       -0.00369      
3.29457       -0.00368      
3.29946       -0.00366      
3.30435       -0.00364      
3.30923       -0.00363      
3.31412       -0.00361      
3.31901       -0.00359      
3.32389       -0.00358      
3.32878       -0.00356      
3.33367       -0.00354      
3.33855       -0.00353      
3.34344       -0.00351      
3.34833       -0.00349      
3.35321       -0.00348      
3.35810       -0.00346      
3.36299       -0.00345      
3.36787       -0.00343      
3.37276       -0.00342      
3.37765       -0.00340      
3.38253       -0.00339      
3.38742       -0.00337      
3.39231       -0.00336      
3.39719       -0.00334      
3.40208       -0.00333      
3.40697       -0.00331      
3.41185       -0.00330      
3.41674       -0.00328      
3.42163       -0.00327      
3.42651       -0.00325      
3.43140       -0.00324      
3.43629       -0.00322      
3.44117       -0.00321      
3.44606       -0.00319      
3.45095       -0.00318      
3.45583       -0.00317      
3.46072       -0.00315      
3.46561       -0.00314      
3.47049       -0.00312      
3.47538       -0.00311      
3.48026       -0.00310      
3.48515       -0.00308      
3.49004       -0.00307      
3.49492       -0.00306      
3.49981       -0.00304      
3.50470       -0.00303      
3.50958       -0.00302      
3.51447       -0.00300      
3.51936       -0.00299      
3.52424       -0.00298      
3.52913       -0.00297      
3.53402       -0.00295      
3.53890       -0.00294      
3.54379       -0.00293      
3.54868       -0.00291      
3.55356       -0.00290      
3.55845       -0.00289      
3.56334       -0.00288      
3.56822       -0.00286      
3.57311       -0.00285      
3.57800       -0.00284      
3.58288       -0.00283      
3.58777       -0.00282      
3.59266       -0.00280      
3.59754       -0.00279      
3.60243       -0.00278      
3.60732       -0.00277      
3.61220       -0.00276      
3.61709       -0.00275      
3.62198       -0.00273      
3.62686       -0.00272      
3.63175       -0.00271      
3.63664       -0.00270      
3.64152       -0.00269      
3.64641       -0.00268      
3.65130       -0.00267      
3.65618       -0.00265      
3.66107       -0.00264      
3.66596       -0.00263      
3.67084       -0.00262      
3.67573       -0.00261      
3.68062       -0.00260      
3.68550       -0.00259      
3.69039       -0.00258      
3.69528       -0.00257      
3.70016       -0.00256      
3.70505       -0.00255      
3.70994       -0.00254      
3.71482       -0.00253      
3.71971       -0.00252      
3.72460       -0.00251      
3.72948       -0.00250      
3.73437       -0.00248      
3.73926       -0.00247      
3.74414       -0.00246      
3.74903       -0.00245      
3.75391       -0.00244      
3.75880       -0.00243      
3.76369       -0.00242      
3.76857       -0.00242      
3.77346       -0.00241      
3.77835       -0.00240      
3.78323       -0.00239      
3.78812       -0.00238      
3.79301       -0.00237      
3.79789       -0.00236      
3.80278       -0.00235      
3.80767       -0.00234      
3.81255       -0.00233      
3.81744       -0.00232      
3.82233       -0.00231      
3.82721       -0.00230      
3.83210       -0.00229      
3.83699       -0.00228      
3.84187       -0.00227      
3.84676       -0.00226      
3.85165       -0.00226      
3.85653       -0.00225      
3.86142       -0.00224      
3.86631       -0.00223      
3.87119       -0.00222      
3.87608       -0.00221      
3.88097       -0.00220      
3.88585       -0.00219      
3.89074       -0.00219      
3.89563       -0.00218      
3.90051       -0.00217      
3.90540       -0.00216      
3.91029       -0.00215      
3.91517       -0.00214      
3.92006       -0.00213      
3.92495       -0.00213      
3.92983       -0.00212      
3.93472       -0.00211      
3.93961       -0.00210      
3.94449       -0.00209      
3.94938       -0.00209      
3.95427       -0.00208      
3.95915       -0.00207      
3.96404       -0.00206      
3.96893       -0.00205      
3.97381       -0.00205      
3.97870       -0.00204      
3.98359       -0.00203      
3.98847       -0.00202      
3.99336       -0.00201      
3.99825       -0.00201      
4.00313       -0.00200      
4.00802       -0.00199      
4.01291       -0.00198      
4.01779       -0.00198      
4.02268       -0.00197      
4.02757       -0.00196      
4.03245       -0.00195      
4.03734       -0.00195      
4.04222       -0.00194      
4.04711       -0.00193      
4.05200       -0.00192      
4.05688       -0.00192      
4.06177       -0.00191      
4.06666       -0.00190      
4.07154       -0.00190      
4.07643       -0.00189      
4.08132       -0.00188      
4.08620       -0.00187      
4.09109       -0.00187      
4.09598       -0.00186      
4.10086       -0.00185      
4.10575       -0.00185      
4.11064       -0.00184      
4.11552       -0.00183      
4.12041       -0.00183      
4.12530       -0.00182      
4.13018       -0.00181      
4.13507       -0.00181      
4.13996       -0.00180      
4.14484       -0.00179      
4.14973       -0.00179      
4.15462       -0.00178      
4.15950       -0.00177      
4.16439       -0.00177      
4.16928       -0.00176      
4.17416       -0.00175      
4.17905       -0.00175      
4.18394       -0.00174      
4.18882       -0.00173      
4.19371       -0.00173      
4.19860       -0.00172      
4.20348       -0.00172      
4.20837       -0.00171      
4.21326       -0.00170      
4.21814       -0.00170      
4.22303       -0.00169      
4.22792       -0.00168      
4.23280       -0.00168      
4.23769       -0.00167      
4.24258       -0.00167      
4.24746       -0.00166      
4.25235       -0.00165      
4.25724       -0.00165      
4.26212       -0.00164      
4.26701       -0.00164      
4.27190       -0.00163      
4.27678       -0.00162      
4.28167       -0.00162      
4.28656       -0.00161      
4.29144       -0.00161      
4.29633       -0.00160      
4.30122       -0.00160      
4.30610       -0.00159      
4.31099       -0.00158      
4.31587       -0.00158      
4.32076       -0.00157      
4.32565       -0.00157      
4.33053       -0.00156      
4.33542       -0.00156      
4.34031       -0.00155      
4.34519       -0.00155      
4.35008       -0.00154      
4.35497       -0.00153      
4.35985       -0.00153      
4.36474       -0.00152      
4.36963       -0.00152      
4.37451       -0.00151      
4.37940       -0.00151      
4.38429       -0.00150      
4.38917       -0.00150      
4.39406       -0.00149      
4.39895       -0.00149      
4.40383       -0.00148      
4.40872       -0.00148      
4.41361       -0.00147      
4.41849       -0.00147      
4.42338       -0.00146      
4.42827       -0.00146      
4.43315       -0.00145      
4.43804       -0.00145      
4.44293       -0.00144      
4.44781       -0.00144      
4.45270       -0.00143      
4.45759       -0.00143      
4.46247       -0.00142      
4.46736       -0.00142      
4.47225       -0.00141      
4.47713       -0.00141      
4.48202       -0.00140      
4.48691       -0.00140      
4.49179       -0.00139      
4.49668       -0.00139      
4.50157       -0.00138      
4.50645       -0.00138      
4.51134       -0.00137      
4.51623       -0.00137      
4.52111       -0.00136      
4.52600       -0.00136      
4.53089       -0.00136      
4.53577       -0.00135      
4.54066       -0.00135      
4.54555       -0.00134      
4.55043       -0.00134      
4.55532       -0.00133      
4.56021       -0.00133      
4.56509       -0.00132      
4.56998       -0.00132      
4.57487       -0.00131      
4.57975       -0.00131      
4.58464       -0.00131      
4.58952       -0.00130      
4.59441       -0.00130      
4.59930       -0.00129      
4.60418       -0.00129      
4.60907       -0.00128      
4.61396       -0.00128      
4.61884       -0.00128      
4.62373       -0.00127      
4.62862       -0.00127      
4.63350       -0.00126      
4.63839       -0.00126      
4.64328       -0.00125      
4.64816       -0.00125      
4.65305       -0.00125      
4.65794       -0.00124      
4.66282       -0.00124      
4.66771       -0.00123      
4.67260       -0.00123      
4.67748       -0.00123      
4.68237       -0.00122      
4.68726       -0.00122      
4.69214       -0.00121      
4.69703       -0.00121      
4.70192       -0.00121      
4.70680       -0.00120      
4.71169       -0.00120      
4.71658       -0.00119      
4.72146       -0.00119      
4.72635       -0.00119      
4.73124       -0.00118      
4.73612       -0.00118      
4.74101       -0.00118      
4.74590       -0.00117      
4.75078       -0.00117      
4.75567       -0.00116      
4.76056       -0.00116      
4.76544       -0.00116      
4.77033       -0.00115      
4.77522       -0.00115      
4.78010       -0.00115      
4.78499       -0.00114      
4.78988       -0.00114      
4.79476       -0.00113      
4.79965       -0.00113      
4.80454       -0.00113      
4.80942       -0.00112      
4.81431       -0.00112      
4.81920       -0.00112      
4.82408       -0.00111      
4.82897       -0.00111      
4.83386       -0.00111      
4.83874       -0.00110      
4.84363       -0.00110      
4.84852       -0.00110      
4.85340       -0.00109      
4.85829       -0.00109      
4.86317       -0.00108      
4.86806       -0.00108      
4.87295       -0.00108      
4.87783       -0.00107      
4.88272       -0.00107      
4.88761       -0.00107      
4.89249       -0.00106      
4.89738       -0.00106      
4.90227       -0.00106      
4.90715       -0.00105      
4.91204       -0.00105      
4.91693       -0.00105      
4.92181       -0.00104      
4.92670       -0.00104      
4.93159       -0.00104      
4.93647       -0.00103      
4.94136       -0.00103      
4.94625       -0.00103      
4.95113       -0.00103      
4.95602       -0.00102      
4.96091       -0.00102      
4.96579       -0.00102      
4.97068       -0.00101      
4.97557       -0.00101      
4.98045       -0.00101      
4.98534       -0.00100      
4.99023       -0.00100      
4.99511       -0.00100      
5.00000       -0.00099      
