0.00100       1000000000027966931206144.00000
0.00589       577588570138602.00000
0.01077       409124583285.39777
0.01566       4597878310.39988
0.02055       176670176.82884
0.02543       13652865.64940
0.03032       1657050.96736 
0.03521       275877.65087  
0.04009       58067.11380   
0.04498       14680.57849   
0.04987       4328.19118    
0.05475       1475.85917    
0.05964       592.09045     
0.06453       290.17571     
0.06941       175.64500     
0.07430       125.24691     
0.07919       100.93626     
0.08407       87.23040      
0.08896       78.70477      
0.09385       72.19277      
0.09873       66.76739      
0.10362       62.84233      
0.10851       59.57530      
0.11339       56.64252      
0.11828       53.94133      
0.12317       51.46114      
0.12805       49.72179      
0.13294       47.52041      
0.13783       45.85569      
0.14271       44.15105      
0.14760       41.73226      
0.15248       38.45280      
0.15737       33.59478      
0.16226       28.03490      
0.16714       23.02090      
0.17203       17.80616      
0.17692       13.67051      
0.18180       9.63947       
0.18669       6.38636       
0.19158       3.36500       
0.19646       0.66050       
0.20135       -1.73771      
0.20624       -3.82253      
0.21112       -5.61389      
0.21601       -7.09890      
0.22090       -8.28197      
0.22578       -9.23860      
0.23067       -9.89176      
0.23556       -10.38628     
0.24044       -10.69530     
0.24533       -10.84688     
0.25022       -10.85866     
0.25510       -10.56542     
0.25999       -10.38263     
0.26488       -10.18874     
0.26976       -9.71287      
0.27465       -9.28554      
0.27954       -9.03657      
0.28442       -8.60716      
0.28931       -8.25194      
0.29420       -7.92903      
0.29908       -7.63822      
0.30397       -7.30099      
0.30886       -7.08289      
0.31374       -6.65935      
0.31863       -6.37659      
0.32352       -6.05752      
0.32840       -5.66765      
0.33329       -5.34138      
0.33818       -5.09359      
0.34306       -4.68735      
0.34795       -4.37486      
0.35284       -4.11526      
0.35772       -3.63631      
0.36261       -3.36884      
0.36750       -3.12417      
0.37238       -2.78456      
0.37727       -2.51915      
0.38216       -2.30506      
0.38704       -2.04876      
0.39193       -1.77509      
0.39682       -1.59612      
0.40170       -1.28315      
0.40659       -0.96272      
0.41148       -0.81813      
0.41636       -0.46400      
0.42125       -0.33117      
0.42613       -0.24073      
0.43102       -0.11952      
0.43591       -0.07635      
0.44079       -0.16101      
0.44568       -0.21723      
0.45057       -0.11364      
0.45545       -0.10012      
0.46034       -0.26081      
0.46523       -0.17441      
0.47011       -0.19300      
0.47500       -0.24289      
0.47989       -0.26135      
0.48477       -0.27771      
0.48966       -0.32110      
0.49455       -0.27756      
0.49943       -0.26465      
0.50432       -0.31544      
0.50921       -0.27225      
0.51409       -0.31829      
0.51898       -0.45964      
0.52387       -0.33654      
0.52875       -0.36905      
0.53364       -0.37959      
0.53853       -0.42168      
0.54341       -0.44708      
0.54830       -0.36245      
0.55319       -0.43282      
0.55807       -0.40315      
0.56296       -0.35978      
0.56785       -0.37391      
0.57273       -0.41503      
0.57762       -0.41767      
0.58251       -0.45643      
0.58739       -0.44345      
0.59228       -0.34736      
0.59717       -0.41999      
0.60205       -0.40837      
0.60694       -0.35010      
0.61183       -0.36332      
0.61671       -0.37679      
0.62160       -0.36462      
0.62649       -0.24024      
0.63137       -0.08250      
0.63626       -0.29453      
0.64115       -0.41692      
0.64603       -0.04541      
0.65092       -0.27668      
0.65581       -0.20956      
0.66069       -0.15337      
0.66558       -0.11790      
0.67047       -0.13577      
0.67535       -0.14145      
0.68024       -0.02297      
0.68513       -0.00670      
0.69001       -0.16423      
0.69490       0.01720       
0.69978       0.05848       
0.70467       -0.03324      
0.70956       -0.03662      
0.71444       0.05274       
0.71933       0.14855       
0.72422       0.18990       
0.72910       0.16688       
0.73399       0.15255       
0.73888       0.18631       
0.74376       0.22817       
0.74865       0.25268       
0.75354       0.26116       
0.75842       0.21336       
0.76331       0.20521       
0.76820       0.28793       
0.77308       0.29835       
0.77797       0.24803       
0.78286       0.26406       
0.78774       0.28960       
0.79263       0.29146       
0.79752       0.27636       
0.80240       0.27151       
0.80729       0.30933       
0.81218       0.24839       
0.81706       0.27838       
0.82195       0.24066       
0.82684       0.13328       
0.83172       0.22956       
0.83661       0.22105       
0.84150       0.19780       
0.84638       0.20180       
0.85127       0.17760       
0.85616       0.18702       
0.86104       0.25046       
0.86593       0.19080       
0.87082       0.24609       
0.87570       0.18842       
0.88059       0.14318       
0.88548       0.12567       
0.89036       0.12114       
0.89525       0.16855       
0.90014       0.10124       
0.90502       0.06685       
0.90991       0.09229       
0.91480       0.15069       
0.91968       0.09473       
0.92457       0.06676       
0.92946       0.15286       
0.93434       0.15440       
0.93923       0.16484       
0.94412       0.11093       
0.94900       -0.04563      
0.95389       0.06749       
0.95878       0.20717       
0.96366       0.09171       
0.96855       0.03865       
0.97343       0.15057       
0.97832       0.17008       
0.98321       0.11520       
0.98809       0.09122       
0.99298       0.16612       
0.99787       0.17108       
1.00275       0.08234       
1.00764       0.07323       
1.01253       0.09884       
1.01741       0.08833       
1.02230       0.05929       
1.02719       0.07151       
1.03207       0.14095       
1.03696       0.17466       
1.04185       0.17726       
1.04673       0.10754       
1.05162       0.08352       
1.05651       0.18576       
1.06139       0.22873       
1.06628       0.15517       
1.07117       0.14707       
1.07605       0.11926       
1.08094       0.11164       
1.08583       0.21529       
1.09071       0.15384       
1.09560       0.11881       
1.10049       0.10953       
1.10537       0.15800       
1.11026       0.18398       
1.11515       0.07751       
1.12003       0.04600       
1.12492       0.12781       
1.12981       0.10217       
1.13469       0.00537       
1.13958       0.07001       
1.14447       0.08452       
1.14935       0.06378       
1.15424       0.00113       
1.15913       0.11054       
1.16401       0.04698       
1.16890       -0.10164      
1.17379       -0.08619      
1.17867       0.01390       
1.18356       -0.03721      
1.18845       -0.07059      
1.19333       0.00068       
1.19822       0.03140       
1.20311       0.01213       
1.20799       -0.02939      
1.21288       0.00539       
1.21777       0.06261       
1.22265       0.03156       
1.22754       -0.00173      
1.23243       0.00556       
1.23731       0.05767       
1.24220       0.00690       
1.24709       -0.01763      
1.25197       0.03462       
1.25686       -0.07437      
1.26174       0.01302       
1.26663       0.01343       
1.27152       -0.03456      
1.27640       -0.06873      
1.28129       -0.07765      
1.28618       -0.00120      
1.29106       0.02843       
1.29595       -0.00983      
1.30084       -0.02005      
1.30572       0.04057       
1.31061       0.02055       
1.31550       -0.06649      
1.32038       -0.08361      
1.32527       0.07582       
1.33016       -0.00600      
1.33504       -0.16068      
1.33993       -0.06464      
1.34482       0.06294       
1.34970       0.01736       
1.35459       -0.00665      
1.35948       0.05181       
1.36436       -0.00155      
1.36925       -0.12489      
1.37414       0.07862       
1.37902       -0.04973      
1.38391       0.04646       
1.38880       0.01270       
1.39368       0.10657       
1.39857       -0.14903      
1.40346       -0.01493      
1.40834       0.04629       
1.41323       -0.09404      
1.41812       -0.08764      
1.42300       -0.00621      
1.42789       -0.02803      
1.43278       -0.06653      
1.43766       -0.03111      
1.44255       -0.02281      
1.44744       -0.05681      
1.45232       -0.05425      
1.45721       -0.00472      
1.46210       0.00718       
1.46698       -0.03423      
1.47187       -0.00473      
1.47676       -0.02074      
1.48164       0.03207       
1.48653       0.01735       
1.49142       0.00460       
1.49630       -0.02056      
1.50119       -0.03943      
1.50608       -0.03903      
1.51096       -0.03863      
1.51585       -0.03824      
1.52074       -0.03785      
1.52562       -0.03747      
1.53051       -0.03709      
1.53539       -0.03672      
1.54028       -0.03636      
1.54517       -0.03599      
1.55005       -0.03564      
1.55494       -0.03528      
1.55983       -0.03494      
1.56471       -0.03459      
1.56960       -0.03426      
1.57449       -0.03392      
1.57937       -0.03359      
1.58426       -0.03327      
1.58915       -0.03294      
1.59403       -0.03263      
1.59892       -0.03231      
1.60381       -0.03201      
1.60869       -0.03170      
1.61358       -0.03140      
1.61847       -0.03110      
1.62335       -0.03081      
1.62824       -0.03052      
1.63313       -0.03023      
1.63801       -0.02995      
1.64290       -0.02967      
1.64779       -0.02939      
1.65267       -0.02912      
1.65756       -0.02885      
1.66245       -0.02859      
1.66733       -0.02832      
1.67222       -0.02806      
1.67711       -0.02781      
1.68199       -0.02755      
1.68688       -0.02730      
1.69177       -0.02706      
1.69665       -0.02681      
1.70154       -0.02657      
1.70643       -0.02633      
1.71131       -0.02610      
1.71620       -0.02587      
1.72109       -0.02564      
1.72597       -0.02541      
1.73086       -0.02518      
1.73575       -0.02496      
1.74063       -0.02474      
1.74552       -0.02453      
1.75041       -0.02431      
1.75529       -0.02410      
1.76018       -0.02389      
1.76507       -0.02368      
1.76995       -0.02348      
1.77484       -0.02328      
1.77973       -0.02308      
1.78461       -0.02288      
1.78950       -0.02269      
1.79439       -0.02249      
1.79927       -0.02230      
1.80416       -0.02211      
1.80904       -0.02193      
1.81393       -0.02174      
1.81882       -0.02156      
1.82370       -0.02138      
1.82859       -0.02120      
1.83348       -0.02102      
1.83836       -0.02085      
1.84325       -0.02068      
1.84814       -0.02051      
1.85302       -0.02034      
1.85791       -0.02017      
1.86280       -0.02001      
1.86768       -0.01984      
1.87257       -0.01968      
1.87746       -0.01952      
1.88234       -0.01936      
1.88723       -0.01921      
1.89212       -0.01905      
1.89700       -0.01890      
1.90189       -0.01875      
1.90678       -0.01860      
1.91166       -0.01845      
1.91655       -0.01830      
1.92144       -0.01816      
1.92632       -0.01801      
1.93121       -0.01787      
1.93610       -0.01773      
1.94098       -0.01759      
1.94587       -0.01745      
1.95076       -0.01732      
1.95564       -0.01718      
1.96053       -0.01705      
1.96542       -0.01692      
1.97030       -0.01679      
1.97519       -0.01666      
1.98008       -0.01653      
1.98496       -0.01640      
1.98985       -0.01628      
1.99474       -0.01615      
1.99962       -0.01603      
2.00451       -0.01591      
2.00940       -0.01579      
2.01428       -0.01567      
2.01917       -0.01555      
2.02406       -0.01543      
2.02894       -0.01532      
2.03383       -0.01520      
2.03872       -0.01509      
2.04360       -0.01498      
2.04849       -0.01486      
2.05338       -0.01475      
2.05826       -0.01465      
2.06315       -0.01454      
2.06804       -0.01443      
2.07292       -0.01432      
2.07781       -0.01422      
2.08270       -0.01412      
2.08758       -0.01401      
2.09247       -0.01391      
2.09735       -0.01381      
2.10224       -0.01371      
2.10713       -0.01361      
2.11201       -0.01351      
2.11690       -0.01342      
2.12179       -0.01332      
2.12667       -0.01322      
2.13156       -0.01313      
2.13645       -0.01304      
2.14133       -0.01294      
2.14622       -0.01285      
2.15111       -0.01276      
2.15599       -0.01267      
2.16088       -0.01258      
2.16577       -0.01249      
2.17065       -0.01241      
2.17554       -0.01232      
2.18043       -0.01223      
2.18531       -0.01215      
2.19020       -0.01206      
2.19509       -0.01198      
2.19997       -0.01190      
2.20486       -0.01182      
2.20975       -0.01174      
2.21463       -0.01165      
2.21952       -0.01157      
2.22441       -0.01150      
2.22929       -0.01142      
2.23418       -0.01134      
2.23907       -0.01126      
2.24395       -0.01119      
2.24884       -0.01111      
2.25373       -0.01104      
2.25861       -0.01096      
2.26350       -0.01089      
2.26839       -0.01082      
2.27327       -0.01074      
2.27816       -0.01067      
2.28305       -0.01060      
2.28793       -0.01053      
2.29282       -0.01046      
2.29771       -0.01039      
2.30259       -0.01032      
2.30748       -0.01025      
2.31237       -0.01019      
2.31725       -0.01012      
2.32214       -0.01005      
2.32703       -0.00999      
2.33191       -0.00992      
2.33680       -0.00986      
2.34169       -0.00979      
2.34657       -0.00973      
2.35146       -0.00967      
2.35635       -0.00961      
2.36123       -0.00954      
2.36612       -0.00948      
2.37100       -0.00942      
2.37589       -0.00936      
2.38078       -0.00930      
2.38566       -0.00924      
2.39055       -0.00918      
2.39544       -0.00913      
2.40032       -0.00907      
2.40521       -0.00901      
2.41010       -0.00895      
2.41498       -0.00890      
2.41987       -0.00884      
2.42476       -0.00879      
2.42964       -0.00873      
2.43453       -0.00868      
2.43942       -0.00862      
2.44430       -0.00857      
2.44919       -0.00852      
2.45408       -0.00846      
2.45896       -0.00841      
2.46385       -0.00836      
2.46874       -0.00831      
2.47362       -0.00826      
2.47851       -0.00821      
2.48340       -0.00816      
2.48828       -0.00811      
2.49317       -0.00806      
2.49806       -0.00801      
2.50294       -0.00796      
2.50783       -0.00791      
2.51272       -0.00786      
2.51760       -0.00782      
2.52249       -0.00777      
2.52738       -0.00772      
2.53226       -0.00768      
2.53715       -0.00763      
2.54204       -0.00758      
2.54692       -0.00754      
2.55181       -0.00749      
2.55670       -0.00745      
2.56158       -0.00741      
2.56647       -0.00736      
2.57136       -0.00732      
2.57624       -0.00728      
2.58113       -0.00723      
2.58602       -0.00719      
2.59090       -0.00715      
2.59579       -0.00711      
2.60068       -0.00706      
2.60556       -0.00702      
2.61045       -0.00698      
2.61534       -0.00694      
2.62022       -0.00690      
2.62511       -0.00686      
2.63000       -0.00682      
2.63488       -0.00678      
2.63977       -0.00674      
2.64465       -0.00671      
2.64954       -0.00667      
2.65443       -0.00663      
2.65931       -0.00659      
2.66420       -0.00655      
2.66909       -0.00652      
2.67397       -0.00648      
2.67886       -0.00644      
2.68375       -0.00641      
2.68863       -0.00637      
2.69352       -0.00633      
2.69841       -0.00630      
2.70329       -0.00626      
2.70818       -0.00623      
2.71307       -0.00619      
2.71795       -0.00616      
2.72284       -0.00612      
2.72773       -0.00609      
2.73261       -0.00606      
2.73750       -0.00602      
2.74239       -0.00599      
2.74727       -0.00596      
2.75216       -0.00592      
2.75705       -0.00589      
2.76193       -0.00586      
2.76682       -0.00583      
2.77171       -0.00579      
2.77659       -0.00576      
2.78148       -0.00573      
2.78637       -0.00570      
2.79125       -0.00567      
2.79614       -0.00564      
2.80103       -0.00561      
2.80591       -0.00558      
2.81080       -0.00555      
2.81569       -0.00552      
2.82057       -0.00549      
2.82546       -0.00546      
2.83035       -0.00543      
2.83523       -0.00540      
2.84012       -0.00537      
2.84501       -0.00534      
2.84989       -0.00531      
2.85478       -0.00528      
2.85967       -0.00526      
2.86455       -0.00523      
2.86944       -0.00520      
2.87433       -0.00517      
2.87921       -0.00515      
2.88410       -0.00512      
2.88899       -0.00509      
2.89387       -0.00507      
2.89876       -0.00504      
2.90365       -0.00501      
2.90853       -0.00499      
2.91342       -0.00496      
2.91830       -0.00493      
2.92319       -0.00491      
2.92808       -0.00488      
2.93296       -0.00486      
2.93785       -0.00483      
2.94274       -0.00481      
2.94762       -0.00478      
2.95251       -0.00476      
2.95740       -0.00473      
2.96228       -0.00471      
2.96717       -0.00469      
2.97206       -0.00466      
2.97694       -0.00464      
2.98183       -0.00461      
2.98672       -0.00459      
2.99160       -0.00457      
2.99649       -0.00454      
3.00138       -0.00452      
3.00626       -0.00450      
3.01115       -0.00448      
3.01604       -0.00445      
3.02092       -0.00443      
3.02581       -0.00441      
3.03070       -0.00439      
3.03558       -0.00436      
3.04047       -0.00434      
3.04536       -0.00432      
3.05024       -0.00430      
3.05513       -0.00428      
3.06002       -0.00426      
3.06490       -0.00424      
3.06979       -0.00421      
3.07468       -0.00419      
3.07956       -0.00417      
3.08445       -0.00415      
3.08934       -0.00413      
3.09422       -0.00411      
3.09911       -0.00409      
3.10400       -0.00407      
3.10888       -0.00405      
3.11377       -0.00403      
3.11866       -0.00401      
3.12354       -0.00399      
3.12843       -0.00397      
3.13332       -0.00395      
3.13820       -0.00393      
3.14309       -0.00392      
3.14798       -0.00390      
3.15286       -0.00388      
3.15775       -0.00386      
3.16264       -0.00384      
3.16752       -0.00382      
3.17241       -0.00380      
3.17730       -0.00379      
3.18218       -0.00377      
3.18707       -0.00375      
3.19196       -0.00373      
3.19684       -0.00371      
3.20173       -0.00370      
3.20661       -0.00368      
3.21150       -0.00366      
3.21639       -0.00364      
3.22127       -0.00363      
3.22616       -0.00361      
3.23105       -0.00359      
3.23593       -0.00358      
3.24082       -0.00356      
3.24571       -0.00354      
3.25059       -0.00353      
3.25548       -0.00351      
3.26037       -0.00349      
3.26525       -0.00348      
3.27014       -0.00346      
3.27503       -0.00344      
3.27991       -0.00343      
3.28480       -0.00341      
3.28969       -0.00340      
3.29457       -0.00338      
3.29946       -0.00337      
3.30435       -0.00335      
3.30923       -0.00333      
3.31412       -0.00332      
3.31901       -0.00330      
3.32389       -0.00329      
3.32878       -0.00327      
3.33367       -0.00326      
3.33855       -0.00324      
3.34344       -0.00323      
3.34833       -0.00321      
3.35321       -0.00320      
3.35810       -0.00319      
3.36299       -0.00317      
3.36787       -0.00316      
3.37276       -0.00314      
3.37765       -0.00313      
3.38253       -0.00311      
3.38742       -0.00310      
3.39231       -0.00309      
3.39719       -0.00307      
3.40208       -0.00306      
3.40697       -0.00305      
3.41185       -0.00303      
3.41674       -0.00302      
3.42163       -0.00300      
3.42651       -0.00299      
3.43140       -0.00298      
3.43629       -0.00296      
3.44117       -0.00295      
3.44606       -0.00294      
3.45095       -0.00293      
3.45583       -0.00291      
3.46072       -0.00290      
3.46561       -0.00289      
3.47049       -0.00287      
3.47538       -0.00286      
3.48026       -0.00285      
3.48515       -0.00284      
3.49004       -0.00282      
3.49492       -0.00281      
3.49981       -0.00280      
3.50470       -0.00279      
3.50958       -0.00278      
3.51447       -0.00276      
3.51936       -0.00275      
3.52424       -0.00274      
3.52913       -0.00273      
3.53402       -0.00272      
3.53890       -0.00270      
3.54379       -0.00269      
3.54868       -0.00268      
3.55356       -0.00267      
3.55845       -0.00266      
3.56334       -0.00265      
3.56822       -0.00264      
3.57311       -0.00262      
3.57800       -0.00261      
3.58288       -0.00260      
3.58777       -0.00259      
3.59266       -0.00258      
3.59754       -0.00257      
3.60243       -0.00256      
3.60732       -0.00255      
3.61220       -0.00254      
3.61709       -0.00253      
3.62198       -0.00252      
3.62686       -0.00250      
3.63175       -0.00249      
3.63664       -0.00248      
3.64152       -0.00247      
3.64641       -0.00246      
3.65130       -0.00245      
3.65618       -0.00244      
3.66107       -0.00243      
3.66596       -0.00242      
3.67084       -0.00241      
3.67573       -0.00240      
3.68062       -0.00239      
3.68550       -0.00238      
3.69039       -0.00237      
3.69528       -0.00236      
3.70016       -0.00235      
3.70505       -0.00234      
3.70994       -0.00233      
3.71482       -0.00232      
3.71971       -0.00231      
3.72460       -0.00231      
3.72948       -0.00230      
3.73437       -0.00229      
3.73926       -0.00228      
3.74414       -0.00227      
3.74903       -0.00226      
3.75391       -0.00225      
3.75880       -0.00224      
3.76369       -0.00223      
3.76857       -0.00222      
3.77346       -0.00221      
3.77835       -0.00220      
3.78323       -0.00220      
3.78812       -0.00219      
3.79301       -0.00218      
3.79789       -0.00217      
3.80278       -0.00216      
3.80767       -0.00215      
3.81255       -0.00214      
3.81744       -0.00213      
3.82233       -0.00213      
3.82721       -0.00212      
3.83210       -0.00211      
3.83699       -0.00210      
3.84187       -0.00209      
3.84676       -0.00208      
3.85165       -0.00208      
3.85653       -0.00207      
3.86142       -0.00206      
3.86631       -0.00205      
3.87119       -0.00204      
3.87608       -0.00203      
3.88097       -0.00203      
3.88585       -0.00202      
3.89074       -0.00201      
3.89563       -0.00200      
3.90051       -0.00200      
3.90540       -0.00199      
3.91029       -0.00198      
3.91517       -0.00197      
3.92006       -0.00196      
3.92495       -0.00196      
3.92983       -0.00195      
3.93472       -0.00194      
3.93961       -0.00193      
3.94449       -0.00193      
3.94938       -0.00192      
3.95427       -0.00191      
3.95915       -0.00190      
3.96404       -0.00190      
3.96893       -0.00189      
3.97381       -0.00188      
3.97870       -0.00188      
3.98359       -0.00187      
3.98847       -0.00186      
3.99336       -0.00185      
3.99825       -0.00185      
4.00313       -0.00184      
4.00802       -0.00183      
4.01291       -0.00183      
4.01779       -0.00182      
4.02268       -0.00181      
4.02757       -0.00180      
4.03245       -0.00180      
4.03734       -0.00179      
4.04222       -0.00178      
4.04711       -0.00178      
4.05200       -0.00177      
4.05688       -0.00176      
4.06177       -0.00176      
4.06666       -0.00175      
4.07154       -0.00174      
4.07643       -0.00174      
4.08132       -0.00173      
4.08620       -0.00172      
4.09109       -0.00172      
4.09598       -0.00171      
4.10086       -0.00171      
4.10575       -0.00170      
4.11064       -0.00169      
4.11552       -0.00169      
4.12041       -0.00168      
4.12530       -0.00167      
4.13018       -0.00167      
4.13507       -0.00166      
4.13996       -0.00166      
4.14484       -0.00165      
4.14973       -0.00164      
4.15462       -0.00164      
4.15950       -0.00163      
4.16439       -0.00163      
4.16928       -0.00162      
4.17416       -0.00161      
4.17905       -0.00161      
4.18394       -0.00160      
4.18882       -0.00160      
4.19371       -0.00159      
4.19860       -0.00158      
4.20348       -0.00158      
4.20837       -0.00157      
4.21326       -0.00157      
4.21814       -0.00156      
4.22303       -0.00156      
4.22792       -0.00155      
4.23280       -0.00154      
4.23769       -0.00154      
4.24258       -0.00153      
4.24746       -0.00153      
4.25235       -0.00152      
4.25724       -0.00152      
4.26212       -0.00151      
4.26701       -0.00151      
4.27190       -0.00150      
4.27678       -0.00150      
4.28167       -0.00149      
4.28656       -0.00148      
4.29144       -0.00148      
4.29633       -0.00147      
4.30122       -0.00147      
4.30610       -0.00146      
4.31099       -0.00146      
4.31587       -0.00145      
4.32076       -0.00145      
4.32565       -0.00144      
4.33053       -0.00144      
4.33542       -0.00143      
4.34031       -0.00143      
4.34519       -0.00142      
4.35008       -0.00142      
4.35497       -0.00141      
4.35985       -0.00141      
4.36474       -0.00140      
4.36963       -0.00140      
4.37451       -0.00139      
4.37940       -0.00139      
4.38429       -0.00138      
4.38917       -0.00138      
4.39406       -0.00137      
4.39895       -0.00137      
4.40383       -0.00136      
4.40872       -0.00136      
4.41361       -0.00135      
4.41849       -0.00135      
4.42338       -0.00135      
4.42827       -0.00134      
4.43315       -0.00134      
4.43804       -0.00133      
4.44293       -0.00133      
4.44781       -0.00132      
4.45270       -0.00132      
4.45759       -0.00131      
4.46247       -0.00131      
4.46736       -0.00130      
4.47225       -0.00130      
4.47713       -0.00130      
4.48202       -0.00129      
4.48691       -0.00129      
4.49179       -0.00128      
4.49668       -0.00128      
4.50157       -0.00127      
4.50645       -0.00127      
4.51134       -0.00126      
4.51623       -0.00126      
4.52111       -0.00126      
4.52600       -0.00125      
4.53089       -0.00125      
4.53577       -0.00124      
4.54066       -0.00124      
4.54555       -0.00123      
4.55043       -0.00123      
4.55532       -0.00123      
4.56021       -0.00122      
4.56509       -0.00122      
4.56998       -0.00121      
4.57487       -0.00121      
4.57975       -0.00121      
4.58464       -0.00120      
4.58952       -0.00120      
4.59441       -0.00119      
4.59930       -0.00119      
4.60418       -0.00119      
4.60907       -0.00118      
4.61396       -0.00118      
4.61884       -0.00117      
4.62373       -0.00117      
4.62862       -0.00117      
4.63350       -0.00116      
4.63839       -0.00116      
4.64328       -0.00115      
4.64816       -0.00115      
4.65305       -0.00115      
4.65794       -0.00114      
4.66282       -0.00114      
4.66771       -0.00114      
4.67260       -0.00113      
4.67748       -0.00113      
4.68237       -0.00112      
4.68726       -0.00112      
4.69214       -0.00112      
4.69703       -0.00111      
4.70192       -0.00111      
4.70680       -0.00111      
4.71169       -0.00110      
4.71658       -0.00110      
4.72146       -0.00110      
4.72635       -0.00109      
4.73124       -0.00109      
4.73612       -0.00109      
4.74101       -0.00108      
4.74590       -0.00108      
4.75078       -0.00107      
4.75567       -0.00107      
4.76056       -0.00107      
4.76544       -0.00106      
4.77033       -0.00106      
4.77522       -0.00106      
4.78010       -0.00105      
4.78499       -0.00105      
4.78988       -0.00105      
4.79476       -0.00104      
4.79965       -0.00104      
4.80454       -0.00104      
4.80942       -0.00103      
4.81431       -0.00103      
4.81920       -0.00103      
4.82408       -0.00102      
4.82897       -0.00102      
4.83386       -0.00102      
4.83874       -0.00101      
4.84363       -0.00101      
4.84852       -0.00101      
4.85340       -0.00100      
4.85829       -0.00100      
4.86317       -0.00100      
4.86806       -0.00100      
4.87295       -0.00099      
4.87783       -0.00099      
4.88272       -0.00099      
4.88761       -0.00098      
4.89249       -0.00098      
4.89738       -0.00098      
4.90227       -0.00097      
4.90715       -0.00097      
4.91204       -0.00097      
4.91693       -0.00096      
4.92181       -0.00096      
4.92670       -0.00096      
4.93159       -0.00096      
4.93647       -0.00095      
4.94136       -0.00095      
4.94625       -0.00095      
4.95113       -0.00094      
4.95602       -0.00094      
4.96091       -0.00094      
4.96579       -0.00093      
4.97068       -0.00093      
4.97557       -0.00093      
4.98045       -0.00093      
4.98534       -0.00092      
4.99023       -0.00092      
4.99511       -0.00092      
5.00000       -0.00091      
