0.00100       1000000000027966931206144.00000
0.00589       577588570138582.12500
0.01077       409124583265.64252
0.01566       4597878290.76475
0.02055       176670157.31311
0.02543       13652846.25233
0.03032       1657031.68820 
0.03521       275858.48887  
0.04009       58048.06822   
0.04498       14661.64860   
0.04987       4304.93703    
0.05475       1447.35331    
0.05964       559.07897     
0.06453       252.81747     
0.06941       137.48632     
0.07430       89.24324      
0.07919       67.23100      
0.08407       56.47257      
0.08896       50.21390      
0.09385       46.49589      
0.09873       44.03567      
0.10362       42.23474      
0.10851       41.08774      
0.11339       39.34310      
0.11828       37.78783      
0.12317       36.78298      
0.12805       35.18828      
0.13294       34.20743      
0.13783       32.79327      
0.14271       31.69539      
0.14760       29.93914      
0.15248       26.90454      
0.15737       23.05517      
0.16226       18.11724      
0.16714       13.44450      
0.17203       8.32498       
0.17692       3.68921       
0.18180       -0.18908      
0.18669       -3.67332      
0.19158       -6.67896      
0.19646       -9.37713      
0.20135       -11.65688     
0.20624       -13.67729     
0.21112       -15.25271     
0.21601       -16.59751     
0.22090       -17.75439     
0.22578       -18.55679     
0.23067       -19.30567     
0.23556       -20.00206     
0.24044       -20.58803     
0.24533       -21.09552     
0.25022       -21.77926     
0.25510       -22.05347     
0.25999       -22.49115     
0.26488       -22.76525     
0.26976       -22.83179     
0.27465       -23.02254     
0.27954       -22.99424     
0.28442       -22.98108     
0.28931       -22.82421     
0.29420       -22.68291     
0.29908       -22.53277     
0.30397       -22.11025     
0.30886       -21.73589     
0.31374       -21.41053     
0.31863       -21.01179     
0.32352       -20.58114     
0.32840       -20.17723     
0.33329       -19.81860     
0.33818       -19.31694     
0.34306       -18.90336     
0.34795       -18.48040     
0.35284       -18.08971     
0.35772       -17.63641     
0.36261       -17.25213     
0.36750       -17.01361     
0.37238       -16.64321     
0.37727       -16.37161     
0.38216       -16.12236     
0.38704       -16.01435     
0.39193       -15.70064     
0.39682       -15.57473     
0.40170       -15.67038     
0.40659       -15.50460     
0.41148       -15.61822     
0.41636       -15.73234     
0.42125       -15.75632     
0.42613       -15.69871     
0.43102       -15.64062     
0.43591       -15.55864     
0.44079       -15.35572     
0.44568       -15.21274     
0.45057       -14.97882     
0.45545       -14.61234     
0.46034       -14.39241     
0.46523       -14.07699     
0.47011       -13.69475     
0.47500       -13.49371     
0.47989       -13.31819     
0.48477       -12.97533     
0.48966       -12.68169     
0.49455       -12.63220     
0.49943       -12.38215     
0.50432       -12.07499     
0.50921       -12.03502     
0.51409       -11.92374     
0.51898       -11.73870     
0.52387       -11.56485     
0.52875       -11.46000     
0.53364       -11.31154     
0.53853       -11.22633     
0.54341       -11.14953     
0.54830       -11.06290     
0.55319       -10.96607     
0.55807       -10.89859     
0.56296       -10.86109     
0.56785       -10.73057     
0.57273       -10.69412     
0.57762       -10.61564     
0.58251       -10.40953     
0.58739       -10.40479     
0.59228       -10.40114     
0.59717       -10.28555     
0.60205       -10.18585     
0.60694       -10.17405     
0.61183       -10.07733     
0.61671       -9.97121      
0.62160       -9.88421      
0.62649       -9.91260      
0.63137       -9.87305      
0.63626       -9.72334      
0.64115       -9.62795      
0.64603       -9.58550      
0.65092       -9.49756      
0.65581       -9.42299      
0.66069       -9.29675      
0.66558       -9.18078      
0.67047       -9.08887      
0.67535       -9.09791      
0.68024       -9.02886      
0.68513       -8.85408      
0.69001       -8.84249      
0.69490       -8.62998      
0.69978       -8.64175      
0.70467       -8.63694      
0.70956       -8.52225      
0.71444       -8.31368      
0.71933       -8.22453      
0.72422       -8.30177      
0.72910       -8.21743      
0.73399       -7.89190      
0.73888       -7.97500      
0.74376       -7.98353      
0.74865       -7.79060      
0.75354       -7.69755      
0.75842       -7.77128      
0.76331       -7.73415      
0.76820       -7.62181      
0.77308       -7.52741      
0.77797       -7.54517      
0.78286       -7.50424      
0.78774       -7.44051      
0.79263       -7.44908      
0.79752       -7.37368      
0.80240       -7.22693      
0.80729       -7.18955      
0.81218       -7.22282      
0.81706       -7.18635      
0.82195       -7.09545      
0.82684       -7.02769      
0.83172       -7.07513      
0.83661       -6.96763      
0.84150       -6.82732      
0.84638       -6.93533      
0.85127       -6.91513      
0.85616       -6.79182      
0.86104       -6.75578      
0.86593       -6.70012      
0.87082       -6.67949      
0.87570       -6.65978      
0.88059       -6.56607      
0.88548       -6.46147      
0.89036       -6.44584      
0.89525       -6.46535      
0.90014       -6.42521      
0.90502       -6.27107      
0.90991       -6.22325      
0.91480       -6.30768      
0.91968       -6.23824      
0.92457       -6.10285      
0.92946       -6.14769      
0.93434       -6.19393      
0.93923       -6.04983      
0.94412       -5.94581      
0.94900       -6.03092      
0.95389       -6.01256      
0.95878       -5.86910      
0.96366       -5.85089      
0.96855       -5.87622      
0.97343       -5.79873      
0.97832       -5.67625      
0.98321       -5.72294      
0.98809       -5.74156      
0.99298       -5.59114      
0.99787       -5.54196      
1.00275       -5.63451      
1.00764       -5.59530      
1.01253       -5.44785      
1.01741       -5.39710      
1.02230       -5.48644      
1.02719       -5.42902      
1.03207       -5.28839      
1.03696       -5.25011      
1.04185       -5.24002      
1.04673       -5.10144      
1.05162       -5.04619      
1.05651       -5.11291      
1.06139       -5.09157      
1.06628       -5.01323      
1.07117       -4.96302      
1.07605       -4.97089      
1.08094       -5.02762      
1.08583       -4.91466      
1.09071       -4.79972      
1.09560       -4.84629      
1.10049       -4.80581      
1.10537       -4.73606      
1.11026       -4.70982      
1.11515       -4.68521      
1.12003       -4.69314      
1.12492       -4.64721      
1.12981       -4.55518      
1.13469       -4.62806      
1.13958       -4.60761      
1.14447       -4.48045      
1.14935       -4.50609      
1.15424       -4.50333      
1.15913       -4.41244      
1.16401       -4.36914      
1.16890       -4.36796      
1.17379       -4.28551      
1.17867       -4.24647      
1.18356       -4.25620      
1.18845       -4.23321      
1.19333       -4.21304      
1.19822       -4.16916      
1.20311       -4.10346      
1.20799       -4.15512      
1.21288       -4.19101      
1.21777       -4.06668      
1.22265       -3.98042      
1.22754       -4.02628      
1.23243       -4.00795      
1.23731       -3.92112      
1.24220       -3.95928      
1.24709       -3.96353      
1.25197       -3.83484      
1.25686       -3.77437      
1.26174       -3.81037      
1.26663       -3.77628      
1.27152       -3.62758      
1.27640       -3.56964      
1.28129       -3.67598      
1.28618       -3.55870      
1.29106       -3.41703      
1.29595       -3.55319      
1.30084       -3.59324      
1.30572       -3.40163      
1.31061       -3.34025      
1.31550       -3.43232      
1.32038       -3.46926      
1.32527       -3.40130      
1.33016       -3.33254      
1.33504       -3.42987      
1.33993       -3.46424      
1.34482       -3.43827      
1.34970       -3.38111      
1.35459       -3.33749      
1.35948       -3.27530      
1.36436       -3.29696      
1.36925       -3.27324      
1.37414       -3.20213      
1.37902       -3.16590      
1.38391       -3.17692      
1.38880       -3.16894      
1.39368       -3.17725      
1.39857       -3.16029      
1.40346       -3.02058      
1.40834       -2.98921      
1.41323       -3.12669      
1.41812       -3.11564      
1.42300       -2.99857      
1.42789       -3.01384      
1.43278       -3.05667      
1.43766       -3.02562      
1.44255       -3.00332      
1.44744       -3.04070      
1.45232       -2.90242      
1.45721       -2.90271      
1.46210       -2.96022      
1.46698       -2.91111      
1.47187       -2.84611      
1.47676       -2.81279      
1.48164       -2.71851      
1.48653       -2.76420      
1.49142       -2.80603      
1.49630       -2.72763      
1.50119       -2.81140      
1.50608       -2.79354      
1.51096       -2.77580      
1.51585       -2.75817      
1.52074       -2.74065      
1.52562       -2.72325      
1.53051       -2.70596      
1.53539       -2.68879      
1.54028       -2.67172      
1.54517       -2.65476      
1.55005       -2.63791      
1.55494       -2.62117      
1.55983       -2.60454      
1.56471       -2.58802      
1.56960       -2.57160      
1.57449       -2.55529      
1.57937       -2.53908      
1.58426       -2.52298      
1.58915       -2.50698      
1.59403       -2.49108      
1.59892       -2.47528      
1.60381       -2.45959      
1.60869       -2.44400      
1.61358       -2.42850      
1.61847       -2.41311      
1.62335       -2.39782      
1.62824       -2.38262      
1.63313       -2.36752      
1.63801       -2.35252      
1.64290       -2.33761      
1.64779       -2.32280      
1.65267       -2.30808      
1.65756       -2.29346      
1.66245       -2.27894      
1.66733       -2.26450      
1.67222       -2.25016      
1.67711       -2.23591      
1.68199       -2.22175      
1.68688       -2.20768      
1.69177       -2.19370      
1.69665       -2.17981      
1.70154       -2.16601      
1.70643       -2.15230      
1.71131       -2.13868      
1.71620       -2.12514      
1.72109       -2.11169      
1.72597       -2.09832      
1.73086       -2.08504      
1.73575       -2.07185      
1.74063       -2.05874      
1.74552       -2.04571      
1.75041       -2.03277      
1.75529       -2.01991      
1.76018       -2.00713      
1.76507       -1.99443      
1.76995       -1.98182      
1.77484       -1.96928      
1.77973       -1.95682      
1.78461       -1.94445      
1.78950       -1.93215      
1.79439       -1.91993      
1.79927       -1.90779      
1.80416       -1.89573      
1.80904       -1.88374      
1.81393       -1.87183      
1.81882       -1.86000      
1.82370       -1.84824      
1.82859       -1.83655      
1.83348       -1.82494      
1.83836       -1.81341      
1.84325       -1.80194      
1.84814       -1.79055      
1.85302       -1.77924      
1.85791       -1.76799      
1.86280       -1.75682      
1.86768       -1.74572      
1.87257       -1.73469      
1.87746       -1.72373      
1.88234       -1.71283      
1.88723       -1.70201      
1.89212       -1.69126      
1.89700       -1.68057      
1.90189       -1.66996      
1.90678       -1.65941      
1.91166       -1.64892      
1.91655       -1.63851      
1.92144       -1.62816      
1.92632       -1.61787      
1.93121       -1.60766      
1.93610       -1.59750      
1.94098       -1.58741      
1.94587       -1.57739      
1.95076       -1.56743      
1.95564       -1.55753      
1.96053       -1.54770      
1.96542       -1.53792      
1.97030       -1.52821      
1.97519       -1.51856      
1.98008       -1.50898      
1.98496       -1.49945      
1.98985       -1.48998      
1.99474       -1.48058      
1.99962       -1.47123      
2.00451       -1.46194      
2.00940       -1.45272      
2.01428       -1.44355      
2.01917       -1.43443      
2.02406       -1.42538      
2.02894       -1.41639      
2.03383       -1.40745      
2.03872       -1.39856      
2.04360       -1.38974      
2.04849       -1.38097      
2.05338       -1.37225      
2.05826       -1.36359      
2.06315       -1.35499      
2.06804       -1.34644      
2.07292       -1.33795      
2.07781       -1.32950      
2.08270       -1.32112      
2.08758       -1.31278      
2.09247       -1.30450      
2.09735       -1.29627      
2.10224       -1.28809      
2.10713       -1.27997      
2.11201       -1.27189      
2.11690       -1.26387      
2.12179       -1.25590      
2.12667       -1.24798      
2.13156       -1.24011      
2.13645       -1.23228      
2.14133       -1.22451      
2.14622       -1.21679      
2.15111       -1.20912      
2.15599       -1.20149      
2.16088       -1.19391      
2.16577       -1.18639      
2.17065       -1.17891      
2.17554       -1.17147      
2.18043       -1.16408      
2.18531       -1.15674      
2.19020       -1.14945      
2.19509       -1.14220      
2.19997       -1.13500      
2.20486       -1.12785      
2.20975       -1.12074      
2.21463       -1.11367      
2.21952       -1.10665      
2.22441       -1.09967      
2.22929       -1.09274      
2.23418       -1.08585      
2.23907       -1.07901      
2.24395       -1.07221      
2.24884       -1.06545      
2.25373       -1.05873      
2.25861       -1.05206      
2.26350       -1.04543      
2.26839       -1.03884      
2.27327       -1.03229      
2.27816       -1.02579      
2.28305       -1.01932      
2.28793       -1.01290      
2.29282       -1.00652      
2.29771       -1.00018      
2.30259       -0.99387      
2.30748       -0.98761      
2.31237       -0.98139      
2.31725       -0.97520      
2.32214       -0.96906      
2.32703       -0.96295      
2.33191       -0.95689      
2.33680       -0.95086      
2.34169       -0.94487      
2.34657       -0.93891      
2.35146       -0.93300      
2.35635       -0.92712      
2.36123       -0.92128      
2.36612       -0.91548      
2.37100       -0.90971      
2.37589       -0.90398      
2.38078       -0.89828      
2.38566       -0.89263      
2.39055       -0.88700      
2.39544       -0.88142      
2.40032       -0.87586      
2.40521       -0.87035      
2.41010       -0.86487      
2.41498       -0.85942      
2.41987       -0.85401      
2.42476       -0.84863      
2.42964       -0.84328      
2.43453       -0.83797      
2.43942       -0.83270      
2.44430       -0.82745      
2.44919       -0.82224      
2.45408       -0.81706      
2.45896       -0.81192      
2.46385       -0.80681      
2.46874       -0.80173      
2.47362       -0.79668      
2.47851       -0.79166      
2.48340       -0.78668      
2.48828       -0.78172      
2.49317       -0.77680      
2.49806       -0.77191      
2.50294       -0.76705      
2.50783       -0.76222      
2.51272       -0.75742      
2.51760       -0.75265      
2.52249       -0.74792      
2.52738       -0.74321      
2.53226       -0.73853      
2.53715       -0.73388      
2.54204       -0.72926      
2.54692       -0.72467      
2.55181       -0.72011      
2.55670       -0.71558      
2.56158       -0.71107      
2.56647       -0.70660      
2.57136       -0.70215      
2.57624       -0.69773      
2.58113       -0.69334      
2.58602       -0.68897      
2.59090       -0.68464      
2.59579       -0.68033      
2.60068       -0.67605      
2.60556       -0.67179      
2.61045       -0.66757      
2.61534       -0.66336      
2.62022       -0.65919      
2.62511       -0.65504      
2.63000       -0.65092      
2.63488       -0.64682      
2.63977       -0.64275      
2.64465       -0.63871      
2.64954       -0.63469      
2.65443       -0.63070      
2.65931       -0.62673      
2.66420       -0.62279      
2.66909       -0.61887      
2.67397       -0.61497      
2.67886       -0.61110      
2.68375       -0.60726      
2.68863       -0.60344      
2.69352       -0.59964      
2.69841       -0.59587      
2.70329       -0.59212      
2.70818       -0.58840      
2.71307       -0.58469      
2.71795       -0.58102      
2.72284       -0.57736      
2.72773       -0.57373      
2.73261       -0.57012      
2.73750       -0.56653      
2.74239       -0.56297      
2.74727       -0.55943      
2.75216       -0.55591      
2.75705       -0.55241      
2.76193       -0.54894      
2.76682       -0.54549      
2.77171       -0.54206      
2.77659       -0.53865      
2.78148       -0.53526      
2.78637       -0.53189      
2.79125       -0.52855      
2.79614       -0.52523      
2.80103       -0.52192      
2.80591       -0.51864      
2.81080       -0.51538      
2.81569       -0.51214      
2.82057       -0.50892      
2.82546       -0.50572      
2.83035       -0.50254      
2.83523       -0.49938      
2.84012       -0.49624      
2.84501       -0.49312      
2.84989       -0.49002      
2.85478       -0.48694      
2.85967       -0.48387      
2.86455       -0.48083      
2.86944       -0.47781      
2.87433       -0.47480      
2.87921       -0.47182      
2.88410       -0.46885      
2.88899       -0.46591      
2.89387       -0.46298      
2.89876       -0.46007      
2.90365       -0.45717      
2.90853       -0.45430      
2.91342       -0.45144      
2.91830       -0.44861      
2.92319       -0.44579      
2.92808       -0.44298      
2.93296       -0.44020      
2.93785       -0.43743      
2.94274       -0.43468      
2.94762       -0.43195      
2.95251       -0.42924      
2.95740       -0.42654      
2.96228       -0.42386      
2.96717       -0.42119      
2.97206       -0.41855      
2.97694       -0.41592      
2.98183       -0.41330      
2.98672       -0.41070      
2.99160       -0.40812      
2.99649       -0.40556      
3.00138       -0.40301      
3.00626       -0.40048      
3.01115       -0.39796      
3.01604       -0.39546      
3.02092       -0.39298      
3.02581       -0.39051      
3.03070       -0.38805      
3.03558       -0.38561      
3.04047       -0.38319      
3.04536       -0.38078      
3.05024       -0.37839      
3.05513       -0.37601      
3.06002       -0.37365      
3.06490       -0.37130      
3.06979       -0.36897      
3.07468       -0.36665      
3.07956       -0.36435      
3.08445       -0.36206      
3.08934       -0.35979      
3.09422       -0.35753      
3.09911       -0.35528      
3.10400       -0.35305      
3.10888       -0.35083      
3.11377       -0.34863      
3.11866       -0.34644      
3.12354       -0.34426      
3.12843       -0.34210      
3.13332       -0.33995      
3.13820       -0.33781      
3.14309       -0.33569      
3.14798       -0.33358      
3.15286       -0.33149      
3.15775       -0.32941      
3.16264       -0.32734      
3.16752       -0.32528      
3.17241       -0.32324      
3.17730       -0.32121      
3.18218       -0.31919      
3.18707       -0.31719      
3.19196       -0.31520      
3.19684       -0.31322      
3.20173       -0.31125      
3.20661       -0.30930      
3.21150       -0.30735      
3.21639       -0.30542      
3.22127       -0.30351      
3.22616       -0.30160      
3.23105       -0.29971      
3.23593       -0.29782      
3.24082       -0.29595      
3.24571       -0.29410      
3.25059       -0.29225      
3.25548       -0.29041      
3.26037       -0.28859      
3.26525       -0.28678      
3.27014       -0.28498      
3.27503       -0.28319      
3.27991       -0.28141      
3.28480       -0.27965      
3.28969       -0.27789      
3.29457       -0.27615      
3.29946       -0.27441      
3.30435       -0.27269      
3.30923       -0.27098      
3.31412       -0.26928      
3.31901       -0.26759      
3.32389       -0.26591      
3.32878       -0.26424      
3.33367       -0.26258      
3.33855       -0.26093      
3.34344       -0.25929      
3.34833       -0.25767      
3.35321       -0.25605      
3.35810       -0.25444      
3.36299       -0.25285      
3.36787       -0.25126      
3.37276       -0.24968      
3.37765       -0.24812      
3.38253       -0.24656      
3.38742       -0.24501      
3.39231       -0.24347      
3.39719       -0.24195      
3.40208       -0.24043      
3.40697       -0.23892      
3.41185       -0.23742      
3.41674       -0.23593      
3.42163       -0.23445      
3.42651       -0.23298      
3.43140       -0.23152      
3.43629       -0.23007      
3.44117       -0.22862      
3.44606       -0.22719      
3.45095       -0.22576      
3.45583       -0.22435      
3.46072       -0.22294      
3.46561       -0.22154      
3.47049       -0.22015      
3.47538       -0.21877      
3.48026       -0.21740      
3.48515       -0.21603      
3.49004       -0.21468      
3.49492       -0.21333      
3.49981       -0.21200      
3.50470       -0.21067      
3.50958       -0.20934      
3.51447       -0.20803      
3.51936       -0.20673      
3.52424       -0.20543      
3.52913       -0.20414      
3.53402       -0.20286      
3.53890       -0.20159      
3.54379       -0.20033      
3.54868       -0.19907      
3.55356       -0.19782      
3.55845       -0.19658      
3.56334       -0.19535      
3.56822       -0.19412      
3.57311       -0.19291      
3.57800       -0.19170      
3.58288       -0.19049      
3.58777       -0.18930      
3.59266       -0.18811      
3.59754       -0.18693      
3.60243       -0.18576      
3.60732       -0.18460      
3.61220       -0.18344      
3.61709       -0.18229      
3.62198       -0.18115      
3.62686       -0.18001      
3.63175       -0.17888      
3.63664       -0.17776      
3.64152       -0.17665      
3.64641       -0.17554      
3.65130       -0.17444      
3.65618       -0.17335      
3.66107       -0.17226      
3.66596       -0.17118      
3.67084       -0.17011      
3.67573       -0.16904      
3.68062       -0.16798      
3.68550       -0.16693      
3.69039       -0.16588      
3.69528       -0.16484      
3.70016       -0.16381      
3.70505       -0.16278      
3.70994       -0.16176      
3.71482       -0.16075      
3.71971       -0.15974      
3.72460       -0.15874      
3.72948       -0.15775      
3.73437       -0.15676      
3.73926       -0.15578      
3.74414       -0.15480      
3.74903       -0.15383      
3.75391       -0.15287      
3.75880       -0.15191      
3.76369       -0.15096      
3.76857       -0.15001      
3.77346       -0.14907      
3.77835       -0.14814      
3.78323       -0.14721      
3.78812       -0.14629      
3.79301       -0.14537      
3.79789       -0.14446      
3.80278       -0.14356      
3.80767       -0.14266      
3.81255       -0.14176      
3.81744       -0.14088      
3.82233       -0.13999      
3.82721       -0.13912      
3.83210       -0.13825      
3.83699       -0.13738      
3.84187       -0.13652      
3.84676       -0.13567      
3.85165       -0.13482      
3.85653       -0.13397      
3.86142       -0.13313      
3.86631       -0.13230      
3.87119       -0.13147      
3.87608       -0.13065      
3.88097       -0.12983      
3.88585       -0.12902      
3.89074       -0.12821      
3.89563       -0.12741      
3.90051       -0.12661      
3.90540       -0.12582      
3.91029       -0.12503      
3.91517       -0.12425      
3.92006       -0.12347      
3.92495       -0.12270      
3.92983       -0.12193      
3.93472       -0.12116      
3.93961       -0.12041      
3.94449       -0.11965      
3.94938       -0.11890      
3.95427       -0.11816      
3.95915       -0.11742      
3.96404       -0.11669      
3.96893       -0.11596      
3.97381       -0.11523      
3.97870       -0.11451      
3.98359       -0.11379      
3.98847       -0.11308      
3.99336       -0.11237      
3.99825       -0.11167      
4.00313       -0.11097      
4.00802       -0.11028      
4.01291       -0.10959      
4.01779       -0.10890      
4.02268       -0.10822      
4.02757       -0.10754      
4.03245       -0.10687      
4.03734       -0.10620      
4.04222       -0.10554      
4.04711       -0.10488      
4.05200       -0.10422      
4.05688       -0.10357      
4.06177       -0.10292      
4.06666       -0.10228      
4.07154       -0.10164      
4.07643       -0.10100      
4.08132       -0.10037      
4.08620       -0.09974      
4.09109       -0.09912      
4.09598       -0.09850      
4.10086       -0.09788      
4.10575       -0.09727      
4.11064       -0.09666      
4.11552       -0.09606      
4.12041       -0.09546      
4.12530       -0.09486      
4.13018       -0.09427      
4.13507       -0.09368      
4.13996       -0.09309      
4.14484       -0.09251      
4.14973       -0.09193      
4.15462       -0.09136      
4.15950       -0.09079      
4.16439       -0.09022      
4.16928       -0.08966      
4.17416       -0.08910      
4.17905       -0.08854      
4.18394       -0.08799      
4.18882       -0.08744      
4.19371       -0.08689      
4.19860       -0.08635      
4.20348       -0.08581      
4.20837       -0.08527      
4.21326       -0.08474      
4.21814       -0.08421      
4.22303       -0.08368      
4.22792       -0.08316      
4.23280       -0.08264      
4.23769       -0.08212      
4.24258       -0.08161      
4.24746       -0.08110      
4.25235       -0.08059      
4.25724       -0.08009      
4.26212       -0.07959      
4.26701       -0.07909      
4.27190       -0.07860      
4.27678       -0.07811      
4.28167       -0.07762      
4.28656       -0.07713      
4.29144       -0.07665      
4.29633       -0.07617      
4.30122       -0.07570      
4.30610       -0.07523      
4.31099       -0.07476      
4.31587       -0.07429      
4.32076       -0.07383      
4.32565       -0.07336      
4.33053       -0.07291      
4.33542       -0.07245      
4.34031       -0.07200      
4.34519       -0.07155      
4.35008       -0.07110      
4.35497       -0.07066      
4.35985       -0.07022      
4.36474       -0.06978      
4.36963       -0.06934      
4.37451       -0.06891      
4.37940       -0.06848      
4.38429       -0.06805      
4.38917       -0.06763      
4.39406       -0.06721      
4.39895       -0.06679      
4.40383       -0.06637      
4.40872       -0.06596      
4.41361       -0.06555      
4.41849       -0.06514      
4.42338       -0.06473      
4.42827       -0.06433      
4.43315       -0.06392      
4.43804       -0.06353      
4.44293       -0.06313      
4.44781       -0.06274      
4.45270       -0.06234      
4.45759       -0.06196      
4.46247       -0.06157      
4.46736       -0.06119      
4.47225       -0.06080      
4.47713       -0.06042      
4.48202       -0.06005      
4.48691       -0.05967      
4.49179       -0.05930      
4.49668       -0.05893      
4.50157       -0.05856      
4.50645       -0.05820      
4.51134       -0.05784      
4.51623       -0.05748      
4.52111       -0.05712      
4.52600       -0.05676      
4.53089       -0.05641      
4.53577       -0.05606      
4.54066       -0.05571      
4.54555       -0.05536      
4.55043       -0.05501      
4.55532       -0.05467      
4.56021       -0.05433      
4.56509       -0.05399      
4.56998       -0.05365      
4.57487       -0.05332      
4.57975       -0.05299      
4.58464       -0.05266      
4.58952       -0.05233      
4.59441       -0.05200      
4.59930       -0.05168      
4.60418       -0.05136      
4.60907       -0.05104      
4.61396       -0.05072      
4.61884       -0.05040      
4.62373       -0.05009      
4.62862       -0.04978      
4.63350       -0.04947      
4.63839       -0.04916      
4.64328       -0.04885      
4.64816       -0.04855      
4.65305       -0.04825      
4.65794       -0.04795      
4.66282       -0.04765      
4.66771       -0.04735      
4.67260       -0.04706      
4.67748       -0.04676      
4.68237       -0.04647      
4.68726       -0.04618      
4.69214       -0.04590      
4.69703       -0.04561      
4.70192       -0.04533      
4.70680       -0.04504      
4.71169       -0.04476      
4.71658       -0.04449      
4.72146       -0.04421      
4.72635       -0.04393      
4.73124       -0.04366      
4.73612       -0.04339      
4.74101       -0.04312      
4.74590       -0.04285      
4.75078       -0.04258      
4.75567       -0.04232      
4.76056       -0.04206      
4.76544       -0.04179      
4.77033       -0.04153      
4.77522       -0.04128      
4.78010       -0.04102      
4.78499       -0.04076      
4.78988       -0.04051      
4.79476       -0.04026      
4.79965       -0.04001      
4.80454       -0.03976      
4.80942       -0.03951      
4.81431       -0.03927      
4.81920       -0.03902      
4.82408       -0.03878      
4.82897       -0.03854      
4.83386       -0.03830      
4.83874       -0.03806      
4.84363       -0.03782      
4.84852       -0.03759      
4.85340       -0.03736      
4.85829       -0.03712      
4.86317       -0.03689      
4.86806       -0.03666      
4.87295       -0.03644      
4.87783       -0.03621      
4.88272       -0.03598      
4.88761       -0.03576      
4.89249       -0.03554      
4.89738       -0.03532      
4.90227       -0.03510      
4.90715       -0.03488      
4.91204       -0.03466      
4.91693       -0.03445      
4.92181       -0.03423      
4.92670       -0.03402      
4.93159       -0.03381      
4.93647       -0.03360      
4.94136       -0.03339      
4.94625       -0.03319      
4.95113       -0.03298      
4.95602       -0.03277      
4.96091       -0.03257      
4.96579       -0.03237      
4.97068       -0.03217      
4.97557       -0.03197      
4.98045       -0.03177      
4.98534       -0.03157      
4.99023       -0.03138      
4.99511       -0.03118      
5.00000       -0.03099      
