0.00100       1000000000027966931206144.00000
0.00589       577588570138601.75000
0.01077       409124583285.19635
0.01566       4597878310.19835
0.02055       176670176.62718
0.02543       13652865.44762
0.03032       1657050.76545 
0.03521       275872.62489  
0.04009       58056.74834   
0.04498       14665.14294   
0.04987       4308.99325    
0.05475       1452.67715    
0.05964       565.35986     
0.06453       260.55193     
0.06941       145.93649     
0.07430       99.54947      
0.07919       78.50934      
0.08407       68.45362      
0.08896       63.74068      
0.09385       60.27496      
0.09873       58.69791      
0.10362       57.77161      
0.10851       56.71435      
0.11339       54.95421      
0.11828       52.66879      
0.12317       49.05492      
0.12805       45.57155      
0.13294       41.85134      
0.13783       38.40082      
0.14271       34.92208      
0.14760       30.72075      
0.15248       26.72448      
0.15737       22.90362      
0.16226       19.63778      
0.16714       16.57817      
0.17203       13.62466      
0.17692       10.77684      
0.18180       7.84111       
0.18669       4.66366       
0.19158       1.67650       
0.19646       -1.52812      
0.20135       -3.67321      
0.20624       -5.85337      
0.21112       -7.50775      
0.21601       -8.61295      
0.22090       -9.69893      
0.22578       -10.49127     
0.23067       -11.02999     
0.23556       -11.25600     
0.24044       -11.58149     
0.24533       -11.36398     
0.25022       -11.32568     
0.25510       -11.08733     
0.25999       -10.69422     
0.26488       -10.35703     
0.26976       -9.83056      
0.27465       -9.56570      
0.27954       -9.31255      
0.28442       -9.03613      
0.28931       -8.92194      
0.29420       -9.06976      
0.29908       -9.49812      
0.30397       -10.02124     
0.30886       -10.39287     
0.31374       -10.73534     
0.31863       -10.71559     
0.32352       -10.59407     
0.32840       -10.41253     
0.33329       -10.00436     
0.33818       -9.52031      
0.34306       -9.05932      
0.34795       -8.41797      
0.35284       -7.69307      
0.35772       -7.07092      
0.36261       -6.50398      
0.36750       -5.90886      
0.37238       -5.35591      
0.37727       -4.84230      
0.38216       -4.46053      
0.38704       -3.91480      
0.39193       -3.54478      
0.39682       -3.17282      
0.40170       -2.73103      
0.40659       -2.46541      
0.41148       -2.17922      
0.41636       -1.81733      
0.42125       -1.57340      
0.42613       -1.42009      
0.43102       -1.12514      
0.43591       -0.97942      
0.44079       -0.92719      
0.44568       -0.64225      
0.45057       -0.61470      
0.45545       -0.52864      
0.46034       -0.60077      
0.46523       -0.53629      
0.47011       -0.56970      
0.47500       -0.62777      
0.47989       -0.73844      
0.48477       -0.75672      
0.48966       -0.81272      
0.49455       -0.78870      
0.49943       -0.78128      
0.50432       -0.95832      
0.50921       -0.81354      
0.51409       -0.88218      
0.51898       -0.88343      
0.52387       -0.98118      
0.52875       -0.94360      
0.53364       -0.97419      
0.53853       -1.07955      
0.54341       -0.94376      
0.54830       -0.92429      
0.55319       -0.99180      
0.55807       -0.94107      
0.56296       -0.90784      
0.56785       -0.90679      
0.57273       -0.88569      
0.57762       -0.86852      
0.58251       -0.89598      
0.58739       -0.90034      
0.59228       -0.88979      
0.59717       -0.82707      
0.60205       -0.84318      
0.60694       -0.88990      
0.61183       -0.79912      
0.61671       -0.81229      
0.62160       -0.97116      
0.62649       -0.84980      
0.63137       -0.73865      
0.63626       -0.87128      
0.64115       -0.71518      
0.64603       -0.72553      
0.65092       -0.73558      
0.65581       -0.59073      
0.66069       -0.57943      
0.66558       -0.57017      
0.67047       -0.61152      
0.67535       -0.59374      
0.68024       -0.53055      
0.68513       -0.43478      
0.69001       -0.44595      
0.69490       -0.49213      
0.69978       -0.48568      
0.70467       -0.40514      
0.70956       -0.37241      
0.71444       -0.41539      
0.71933       -0.43152      
0.72422       -0.34392      
0.72910       -0.29073      
0.73399       -0.22350      
0.73888       -0.28644      
0.74376       -0.39487      
0.74865       -0.20959      
0.75354       -0.14327      
0.75842       -0.32826      
0.76331       -0.29209      
0.76820       -0.25184      
0.77308       -0.30230      
0.77797       -0.21098      
0.78286       -0.18823      
0.78774       -0.19715      
0.79263       -0.17970      
0.79752       -0.18119      
0.80240       -0.21206      
0.80729       -0.23674      
0.81218       -0.21979      
0.81706       -0.14238      
0.82195       -0.14891      
0.82684       -0.23795      
0.83172       -0.16549      
0.83661       -0.14584      
0.84150       -0.15436      
0.84638       -0.12291      
0.85127       -0.20536      
0.85616       -0.25294      
0.86104       -0.14918      
0.86593       -0.16085      
0.87082       -0.26073      
0.87570       -0.23931      
0.88059       -0.14516      
0.88548       -0.13113      
0.89036       -0.25764      
0.89525       -0.25207      
0.90014       -0.17784      
0.90502       -0.21784      
0.90991       -0.27093      
0.91480       -0.24674      
0.91968       -0.20790      
0.92457       -0.24335      
0.92946       -0.24450      
0.93434       -0.22571      
0.93923       -0.28426      
0.94412       -0.25645      
0.94900       -0.21430      
0.95389       -0.23478      
0.95878       -0.35569      
0.96366       -0.32454      
0.96855       -0.20878      
0.97343       -0.26807      
0.97832       -0.26767      
0.98321       -0.24712      
0.98809       -0.25918      
0.99298       -0.23078      
0.99787       -0.26890      
1.00275       -0.23894      
1.00764       -0.21572      
1.01253       -0.33800      
1.01741       -0.31922      
1.02230       -0.18534      
1.02719       -0.19399      
1.03207       -0.29037      
1.03696       -0.23021      
1.04185       -0.14304      
1.04673       -0.26281      
1.05162       -0.26429      
1.05651       -0.13936      
1.06139       -0.09262      
1.06628       -0.20006      
1.07117       -0.26304      
1.07605       -0.10560      
1.08094       -0.24060      
1.08583       -0.09750      
1.09071       -0.19898      
1.09560       -0.12608      
1.10049       0.01367       
1.10537       -0.07006      
1.11026       -0.06233      
1.11515       -0.01809      
1.12003       -0.03008      
1.12492       -0.10642      
1.12981       -0.11356      
1.13469       -0.07488      
1.13958       -0.15223      
1.14447       -0.02292      
1.14935       -0.05502      
1.15424       -0.15003      
1.15913       -0.07138      
1.16401       -0.03990      
1.16890       -0.08535      
1.17379       -0.13773      
1.17867       -0.09765      
1.18356       -0.02443      
1.18845       -0.05690      
1.19333       -0.08943      
1.19822       -0.10375      
1.20311       -0.02624      
1.20799       -0.03671      
1.21288       -0.11808      
1.21777       0.05763       
1.22265       -0.03926      
1.22754       -0.22897      
1.23243       -0.06101      
1.23731       -0.00472      
1.24220       -0.02599      
1.24709       -0.06049      
1.25197       -0.01639      
1.25686       0.02551       
1.26174       -0.00746      
1.26663       -0.06050      
1.27152       -0.02030      
1.27640       0.01590       
1.28129       -0.02582      
1.28618       -0.10376      
1.29106       -0.14949      
1.29595       -0.07590      
1.30084       -0.02025      
1.30572       -0.09966      
1.31061       -0.14124      
1.31550       -0.01628      
1.32038       -0.08121      
1.32527       -0.18756      
1.33016       -0.08044      
1.33504       -0.09343      
1.33993       -0.21022      
1.34482       -0.16980      
1.34970       -0.12354      
1.35459       -0.15341      
1.35948       -0.13900      
1.36436       -0.05219      
1.36925       -0.11382      
1.37414       -0.18155      
1.37902       -0.08956      
1.38391       -0.01382      
1.38880       -0.03328      
1.39368       -0.11550      
1.39857       -0.06116      
1.40346       -0.04025      
1.40834       -0.01446      
1.41323       -0.05332      
1.41812       -0.00590      
1.42300       -0.05529      
1.42789       -0.14621      
1.43278       -0.07638      
1.43766       -0.00359      
1.44255       -0.06206      
1.44744       -0.18839      
1.45232       -0.14654      
1.45721       -0.03228      
1.46210       0.05127       
1.46698       -0.09473      
1.47187       -0.23436      
1.47676       -0.09716      
1.48164       -0.02095      
1.48653       -0.13720      
1.49142       -0.18633      
1.49630       -0.12065      
1.50119       -0.03417      
1.50608       -0.03382      
1.51096       -0.03347      
1.51585       -0.03313      
1.52074       -0.03280      
1.52562       -0.03247      
1.53051       -0.03214      
1.53539       -0.03182      
1.54028       -0.03150      
1.54517       -0.03118      
1.55005       -0.03087      
1.55494       -0.03057      
1.55983       -0.03027      
1.56471       -0.02997      
1.56960       -0.02968      
1.57449       -0.02939      
1.57937       -0.02910      
1.58426       -0.02882      
1.58915       -0.02854      
1.59403       -0.02826      
1.59892       -0.02799      
1.60381       -0.02772      
1.60869       -0.02746      
1.61358       -0.02720      
1.61847       -0.02694      
1.62335       -0.02668      
1.62824       -0.02643      
1.63313       -0.02618      
1.63801       -0.02594      
1.64290       -0.02570      
1.64779       -0.02546      
1.65267       -0.02522      
1.65756       -0.02499      
1.66245       -0.02476      
1.66733       -0.02453      
1.67222       -0.02430      
1.67711       -0.02408      
1.68199       -0.02386      
1.68688       -0.02365      
1.69177       -0.02343      
1.69665       -0.02322      
1.70154       -0.02301      
1.70643       -0.02280      
1.71131       -0.02260      
1.71620       -0.02240      
1.72109       -0.02220      
1.72597       -0.02200      
1.73086       -0.02181      
1.73575       -0.02162      
1.74063       -0.02143      
1.74552       -0.02124      
1.75041       -0.02105      
1.75529       -0.02087      
1.76018       -0.02069      
1.76507       -0.02051      
1.76995       -0.02033      
1.77484       -0.02016      
1.77973       -0.01998      
1.78461       -0.01981      
1.78950       -0.01964      
1.79439       -0.01947      
1.79927       -0.01931      
1.80416       -0.01915      
1.80904       -0.01898      
1.81393       -0.01882      
1.81882       -0.01867      
1.82370       -0.01851      
1.82859       -0.01835      
1.83348       -0.01820      
1.83836       -0.01805      
1.84325       -0.01790      
1.84814       -0.01775      
1.85302       -0.01761      
1.85791       -0.01746      
1.86280       -0.01732      
1.86768       -0.01718      
1.87257       -0.01704      
1.87746       -0.01690      
1.88234       -0.01676      
1.88723       -0.01663      
1.89212       -0.01649      
1.89700       -0.01636      
1.90189       -0.01623      
1.90678       -0.01610      
1.91166       -0.01597      
1.91655       -0.01584      
1.92144       -0.01572      
1.92632       -0.01559      
1.93121       -0.01547      
1.93610       -0.01535      
1.94098       -0.01523      
1.94587       -0.01511      
1.95076       -0.01499      
1.95564       -0.01487      
1.96053       -0.01476      
1.96542       -0.01464      
1.97030       -0.01453      
1.97519       -0.01442      
1.98008       -0.01431      
1.98496       -0.01420      
1.98985       -0.01409      
1.99474       -0.01398      
1.99962       -0.01387      
2.00451       -0.01377      
2.00940       -0.01366      
2.01428       -0.01356      
2.01917       -0.01346      
2.02406       -0.01336      
2.02894       -0.01326      
2.03383       -0.01316      
2.03872       -0.01306      
2.04360       -0.01296      
2.04849       -0.01286      
2.05338       -0.01277      
2.05826       -0.01267      
2.06315       -0.01258      
2.06804       -0.01249      
2.07292       -0.01240      
2.07781       -0.01231      
2.08270       -0.01222      
2.08758       -0.01213      
2.09247       -0.01204      
2.09735       -0.01195      
2.10224       -0.01186      
2.10713       -0.01178      
2.11201       -0.01169      
2.11690       -0.01161      
2.12179       -0.01153      
2.12667       -0.01144      
2.13156       -0.01136      
2.13645       -0.01128      
2.14133       -0.01120      
2.14622       -0.01112      
2.15111       -0.01104      
2.15599       -0.01097      
2.16088       -0.01089      
2.16577       -0.01081      
2.17065       -0.01074      
2.17554       -0.01066      
2.18043       -0.01059      
2.18531       -0.01051      
2.19020       -0.01044      
2.19509       -0.01037      
2.19997       -0.01030      
2.20486       -0.01022      
2.20975       -0.01015      
2.21463       -0.01008      
2.21952       -0.01002      
2.22441       -0.00995      
2.22929       -0.00988      
2.23418       -0.00981      
2.23907       -0.00975      
2.24395       -0.00968      
2.24884       -0.00961      
2.25373       -0.00955      
2.25861       -0.00948      
2.26350       -0.00942      
2.26839       -0.00936      
2.27327       -0.00929      
2.27816       -0.00923      
2.28305       -0.00917      
2.28793       -0.00911      
2.29282       -0.00905      
2.29771       -0.00899      
2.30259       -0.00893      
2.30748       -0.00887      
2.31237       -0.00881      
2.31725       -0.00876      
2.32214       -0.00870      
2.32703       -0.00864      
2.33191       -0.00859      
2.33680       -0.00853      
2.34169       -0.00847      
2.34657       -0.00842      
2.35146       -0.00836      
2.35635       -0.00831      
2.36123       -0.00826      
2.36612       -0.00820      
2.37100       -0.00815      
2.37589       -0.00810      
2.38078       -0.00805      
2.38566       -0.00800      
2.39055       -0.00795      
2.39544       -0.00790      
2.40032       -0.00785      
2.40521       -0.00780      
2.41010       -0.00775      
2.41498       -0.00770      
2.41987       -0.00765      
2.42476       -0.00760      
2.42964       -0.00755      
2.43453       -0.00751      
2.43942       -0.00746      
2.44430       -0.00741      
2.44919       -0.00737      
2.45408       -0.00732      
2.45896       -0.00728      
2.46385       -0.00723      
2.46874       -0.00719      
2.47362       -0.00714      
2.47851       -0.00710      
2.48340       -0.00706      
2.48828       -0.00701      
2.49317       -0.00697      
2.49806       -0.00693      
2.50294       -0.00689      
2.50783       -0.00684      
2.51272       -0.00680      
2.51760       -0.00676      
2.52249       -0.00672      
2.52738       -0.00668      
2.53226       -0.00664      
2.53715       -0.00660      
2.54204       -0.00656      
2.54692       -0.00652      
2.55181       -0.00648      
2.55670       -0.00644      
2.56158       -0.00641      
2.56647       -0.00637      
2.57136       -0.00633      
2.57624       -0.00629      
2.58113       -0.00626      
2.58602       -0.00622      
2.59090       -0.00618      
2.59579       -0.00615      
2.60068       -0.00611      
2.60556       -0.00608      
2.61045       -0.00604      
2.61534       -0.00600      
2.62022       -0.00597      
2.62511       -0.00594      
2.63000       -0.00590      
2.63488       -0.00587      
2.63977       -0.00583      
2.64465       -0.00580      
2.64954       -0.00577      
2.65443       -0.00573      
2.65931       -0.00570      
2.66420       -0.00567      
2.66909       -0.00564      
2.67397       -0.00560      
2.67886       -0.00557      
2.68375       -0.00554      
2.68863       -0.00551      
2.69352       -0.00548      
2.69841       -0.00545      
2.70329       -0.00542      
2.70818       -0.00539      
2.71307       -0.00536      
2.71795       -0.00533      
2.72284       -0.00530      
2.72773       -0.00527      
2.73261       -0.00524      
2.73750       -0.00521      
2.74239       -0.00518      
2.74727       -0.00515      
2.75216       -0.00512      
2.75705       -0.00509      
2.76193       -0.00507      
2.76682       -0.00504      
2.77171       -0.00501      
2.77659       -0.00498      
2.78148       -0.00496      
2.78637       -0.00493      
2.79125       -0.00490      
2.79614       -0.00488      
2.80103       -0.00485      
2.80591       -0.00482      
2.81080       -0.00480      
2.81569       -0.00477      
2.82057       -0.00475      
2.82546       -0.00472      
2.83035       -0.00469      
2.83523       -0.00467      
2.84012       -0.00464      
2.84501       -0.00462      
2.84989       -0.00459      
2.85478       -0.00457      
2.85967       -0.00455      
2.86455       -0.00452      
2.86944       -0.00450      
2.87433       -0.00447      
2.87921       -0.00445      
2.88410       -0.00443      
2.88899       -0.00440      
2.89387       -0.00438      
2.89876       -0.00436      
2.90365       -0.00434      
2.90853       -0.00431      
2.91342       -0.00429      
2.91830       -0.00427      
2.92319       -0.00425      
2.92808       -0.00422      
2.93296       -0.00420      
2.93785       -0.00418      
2.94274       -0.00416      
2.94762       -0.00414      
2.95251       -0.00412      
2.95740       -0.00409      
2.96228       -0.00407      
2.96717       -0.00405      
2.97206       -0.00403      
2.97694       -0.00401      
2.98183       -0.00399      
2.98672       -0.00397      
2.99160       -0.00395      
2.99649       -0.00393      
3.00138       -0.00391      
3.00626       -0.00389      
3.01115       -0.00387      
3.01604       -0.00385      
3.02092       -0.00383      
3.02581       -0.00381      
3.03070       -0.00379      
3.03558       -0.00377      
3.04047       -0.00376      
3.04536       -0.00374      
3.05024       -0.00372      
3.05513       -0.00370      
3.06002       -0.00368      
3.06490       -0.00366      
3.06979       -0.00364      
3.07468       -0.00363      
3.07956       -0.00361      
3.08445       -0.00359      
3.08934       -0.00357      
3.09422       -0.00356      
3.09911       -0.00354      
3.10400       -0.00352      
3.10888       -0.00350      
3.11377       -0.00349      
3.11866       -0.00347      
3.12354       -0.00345      
3.12843       -0.00344      
3.13332       -0.00342      
3.13820       -0.00340      
3.14309       -0.00339      
3.14798       -0.00337      
3.15286       -0.00335      
3.15775       -0.00334      
3.16264       -0.00332      
3.16752       -0.00331      
3.17241       -0.00329      
3.17730       -0.00327      
3.18218       -0.00326      
3.18707       -0.00324      
3.19196       -0.00323      
3.19684       -0.00321      
3.20173       -0.00320      
3.20661       -0.00318      
3.21150       -0.00317      
3.21639       -0.00315      
3.22127       -0.00314      
3.22616       -0.00312      
3.23105       -0.00311      
3.23593       -0.00309      
3.24082       -0.00308      
3.24571       -0.00306      
3.25059       -0.00305      
3.25548       -0.00303      
3.26037       -0.00302      
3.26525       -0.00301      
3.27014       -0.00299      
3.27503       -0.00298      
3.27991       -0.00296      
3.28480       -0.00295      
3.28969       -0.00294      
3.29457       -0.00292      
3.29946       -0.00291      
3.30435       -0.00290      
3.30923       -0.00288      
3.31412       -0.00287      
3.31901       -0.00286      
3.32389       -0.00284      
3.32878       -0.00283      
3.33367       -0.00282      
3.33855       -0.00281      
3.34344       -0.00279      
3.34833       -0.00278      
3.35321       -0.00277      
3.35810       -0.00275      
3.36299       -0.00274      
3.36787       -0.00273      
3.37276       -0.00272      
3.37765       -0.00271      
3.38253       -0.00269      
3.38742       -0.00268      
3.39231       -0.00267      
3.39719       -0.00266      
3.40208       -0.00264      
3.40697       -0.00263      
3.41185       -0.00262      
3.41674       -0.00261      
3.42163       -0.00260      
3.42651       -0.00259      
3.43140       -0.00258      
3.43629       -0.00256      
3.44117       -0.00255      
3.44606       -0.00254      
3.45095       -0.00253      
3.45583       -0.00252      
3.46072       -0.00251      
3.46561       -0.00250      
3.47049       -0.00249      
3.47538       -0.00247      
3.48026       -0.00246      
3.48515       -0.00245      
3.49004       -0.00244      
3.49492       -0.00243      
3.49981       -0.00242      
3.50470       -0.00241      
3.50958       -0.00240      
3.51447       -0.00239      
3.51936       -0.00238      
3.52424       -0.00237      
3.52913       -0.00236      
3.53402       -0.00235      
3.53890       -0.00234      
3.54379       -0.00233      
3.54868       -0.00232      
3.55356       -0.00231      
3.55845       -0.00230      
3.56334       -0.00229      
3.56822       -0.00228      
3.57311       -0.00227      
3.57800       -0.00226      
3.58288       -0.00225      
3.58777       -0.00224      
3.59266       -0.00223      
3.59754       -0.00222      
3.60243       -0.00221      
3.60732       -0.00220      
3.61220       -0.00219      
3.61709       -0.00218      
3.62198       -0.00217      
3.62686       -0.00217      
3.63175       -0.00216      
3.63664       -0.00215      
3.64152       -0.00214      
3.64641       -0.00213      
3.65130       -0.00212      
3.65618       -0.00211      
3.66107       -0.00210      
3.66596       -0.00209      
3.67084       -0.00209      
3.67573       -0.00208      
3.68062       -0.00207      
3.68550       -0.00206      
3.69039       -0.00205      
3.69528       -0.00204      
3.70016       -0.00203      
3.70505       -0.00203      
3.70994       -0.00202      
3.71482       -0.00201      
3.71971       -0.00200      
3.72460       -0.00199      
3.72948       -0.00198      
3.73437       -0.00198      
3.73926       -0.00197      
3.74414       -0.00196      
3.74903       -0.00195      
3.75391       -0.00194      
3.75880       -0.00194      
3.76369       -0.00193      
3.76857       -0.00192      
3.77346       -0.00191      
3.77835       -0.00191      
3.78323       -0.00190      
3.78812       -0.00189      
3.79301       -0.00188      
3.79789       -0.00188      
3.80278       -0.00187      
3.80767       -0.00186      
3.81255       -0.00185      
3.81744       -0.00185      
3.82233       -0.00184      
3.82721       -0.00183      
3.83210       -0.00182      
3.83699       -0.00182      
3.84187       -0.00181      
3.84676       -0.00180      
3.85165       -0.00179      
3.85653       -0.00179      
3.86142       -0.00178      
3.86631       -0.00177      
3.87119       -0.00177      
3.87608       -0.00176      
3.88097       -0.00175      
3.88585       -0.00175      
3.89074       -0.00174      
3.89563       -0.00173      
3.90051       -0.00173      
3.90540       -0.00172      
3.91029       -0.00171      
3.91517       -0.00170      
3.92006       -0.00170      
3.92495       -0.00169      
3.92983       -0.00169      
3.93472       -0.00168      
3.93961       -0.00167      
3.94449       -0.00167      
3.94938       -0.00166      
3.95427       -0.00165      
3.95915       -0.00165      
3.96404       -0.00164      
3.96893       -0.00163      
3.97381       -0.00163      
3.97870       -0.00162      
3.98359       -0.00161      
3.98847       -0.00161      
3.99336       -0.00160      
3.99825       -0.00160      
4.00313       -0.00159      
4.00802       -0.00158      
4.01291       -0.00158      
4.01779       -0.00157      
4.02268       -0.00157      
4.02757       -0.00156      
4.03245       -0.00155      
4.03734       -0.00155      
4.04222       -0.00154      
4.04711       -0.00154      
4.05200       -0.00153      
4.05688       -0.00153      
4.06177       -0.00152      
4.06666       -0.00151      
4.07154       -0.00151      
4.07643       -0.00150      
4.08132       -0.00150      
4.08620       -0.00149      
4.09109       -0.00149      
4.09598       -0.00148      
4.10086       -0.00147      
4.10575       -0.00147      
4.11064       -0.00146      
4.11552       -0.00146      
4.12041       -0.00145      
4.12530       -0.00145      
4.13018       -0.00144      
4.13507       -0.00144      
4.13996       -0.00143      
4.14484       -0.00143      
4.14973       -0.00142      
4.15462       -0.00142      
4.15950       -0.00141      
4.16439       -0.00141      
4.16928       -0.00140      
4.17416       -0.00139      
4.17905       -0.00139      
4.18394       -0.00138      
4.18882       -0.00138      
4.19371       -0.00137      
4.19860       -0.00137      
4.20348       -0.00136      
4.20837       -0.00136      
4.21326       -0.00135      
4.21814       -0.00135      
4.22303       -0.00134      
4.22792       -0.00134      
4.23280       -0.00134      
4.23769       -0.00133      
4.24258       -0.00133      
4.24746       -0.00132      
4.25235       -0.00132      
4.25724       -0.00131      
4.26212       -0.00131      
4.26701       -0.00130      
4.27190       -0.00130      
4.27678       -0.00129      
4.28167       -0.00129      
4.28656       -0.00128      
4.29144       -0.00128      
4.29633       -0.00127      
4.30122       -0.00127      
4.30610       -0.00127      
4.31099       -0.00126      
4.31587       -0.00126      
4.32076       -0.00125      
4.32565       -0.00125      
4.33053       -0.00124      
4.33542       -0.00124      
4.34031       -0.00123      
4.34519       -0.00123      
4.35008       -0.00123      
4.35497       -0.00122      
4.35985       -0.00122      
4.36474       -0.00121      
4.36963       -0.00121      
4.37451       -0.00120      
4.37940       -0.00120      
4.38429       -0.00120      
4.38917       -0.00119      
4.39406       -0.00119      
4.39895       -0.00118      
4.40383       -0.00118      
4.40872       -0.00118      
4.41361       -0.00117      
4.41849       -0.00117      
4.42338       -0.00116      
4.42827       -0.00116      
4.43315       -0.00115      
4.43804       -0.00115      
4.44293       -0.00115      
4.44781       -0.00114      
4.45270       -0.00114      
4.45759       -0.00114      
4.46247       -0.00113      
4.46736       -0.00113      
4.47225       -0.00112      
4.47713       -0.00112      
4.48202       -0.00112      
4.48691       -0.00111      
4.49179       -0.00111      
4.49668       -0.00110      
4.50157       -0.00110      
4.50645       -0.00110      
4.51134       -0.00109      
4.51623       -0.00109      
4.52111       -0.00109      
4.52600       -0.00108      
4.53089       -0.00108      
4.53577       -0.00107      
4.54066       -0.00107      
4.54555       -0.00107      
4.55043       -0.00106      
4.55532       -0.00106      
4.56021       -0.00106      
4.56509       -0.00105      
4.56998       -0.00105      
4.57487       -0.00105      
4.57975       -0.00104      
4.58464       -0.00104      
4.58952       -0.00104      
4.59441       -0.00103      
4.59930       -0.00103      
4.60418       -0.00103      
4.60907       -0.00102      
4.61396       -0.00102      
4.61884       -0.00102      
4.62373       -0.00101      
4.62862       -0.00101      
4.63350       -0.00101      
4.63839       -0.00100      
4.64328       -0.00100      
4.64816       -0.00100      
4.65305       -0.00099      
4.65794       -0.00099      
4.66282       -0.00099      
4.66771       -0.00098      
4.67260       -0.00098      
4.67748       -0.00098      
4.68237       -0.00097      
4.68726       -0.00097      
4.69214       -0.00097      
4.69703       -0.00096      
4.70192       -0.00096      
4.70680       -0.00096      
4.71169       -0.00095      
4.71658       -0.00095      
4.72146       -0.00095      
4.72635       -0.00094      
4.73124       -0.00094      
4.73612       -0.00094      
4.74101       -0.00094      
4.74590       -0.00093      
4.75078       -0.00093      
4.75567       -0.00093      
4.76056       -0.00092      
4.76544       -0.00092      
4.77033       -0.00092      
4.77522       -0.00091      
4.78010       -0.00091      
4.78499       -0.00091      
4.78988       -0.00091      
4.79476       -0.00090      
4.79965       -0.00090      
4.80454       -0.00090      
4.80942       -0.00089      
4.81431       -0.00089      
4.81920       -0.00089      
4.82408       -0.00089      
4.82897       -0.00088      
4.83386       -0.00088      
4.83874       -0.00088      
4.84363       -0.00087      
4.84852       -0.00087      
4.85340       -0.00087      
4.85829       -0.00087      
4.86317       -0.00086      
4.86806       -0.00086      
4.87295       -0.00086      
4.87783       -0.00085      
4.88272       -0.00085      
4.88761       -0.00085      
4.89249       -0.00085      
4.89738       -0.00084      
4.90227       -0.00084      
4.90715       -0.00084      
4.91204       -0.00084      
4.91693       -0.00083      
4.92181       -0.00083      
4.92670       -0.00083      
4.93159       -0.00083      
4.93647       -0.00082      
4.94136       -0.00082      
4.94625       -0.00082      
4.95113       -0.00082      
4.95602       -0.00081      
4.96091       -0.00081      
4.96579       -0.00081      
4.97068       -0.00081      
4.97557       -0.00080      
4.98045       -0.00080      
4.98534       -0.00080      
4.99023       -0.00080      
4.99511       -0.00079      
5.00000       -0.00079      
