0.00100       1000000000027966931206144.00000
0.00589       577588570138587.00000
0.01077       409124583270.33240
0.01566       4597878295.27427
0.02055       176670161.64338
0.02543       13652850.40448
0.03032       1657035.66334 
0.03521       275862.28813  
0.04009       58051.69270   
0.04498       14665.09940   
0.04987       4312.65447    
0.05475       1460.26520    
0.05964       572.80677     
0.06453       264.55574     
0.06941       146.39216     
0.07430       96.48938      
0.07919       72.60409      
0.08407       59.46801      
0.08896       51.56768      
0.09385       45.92993      
0.09873       41.71010      
0.10362       38.53516      
0.10851       35.56772      
0.11339       32.69825      
0.11828       29.82409      
0.12317       26.96183      
0.12805       24.37785      
0.13294       22.19657      
0.13783       20.14863      
0.14271       18.47537      
0.14760       16.70794      
0.15248       15.28800      
0.15737       13.79848      
0.16226       12.55834      
0.16714       11.38490      
0.17203       10.05060      
0.17692       8.67910       
0.18180       7.28740       
0.18669       5.86380       
0.19158       4.51084       
0.19646       3.25623       
0.20135       2.14709       
0.20624       1.17926       
0.21112       0.24758       
0.21601       -0.29709      
0.22090       -0.96724      
0.22578       -1.53903      
0.23067       -2.10720      
0.23556       -2.50632      
0.24044       -2.89729      
0.24533       -3.09224      
0.25022       -3.15624      
0.25510       -2.99695      
0.25999       -2.95604      
0.26488       -2.69787      
0.26976       -2.42936      
0.27465       -2.21852      
0.27954       -2.05947      
0.28442       -1.99619      
0.28931       -2.13012      
0.29420       -2.55328      
0.29908       -2.97866      
0.30397       -3.36180      
0.30886       -3.66626      
0.31374       -3.81453      
0.31863       -3.79761      
0.32352       -3.67628      
0.32840       -3.48423      
0.33329       -3.17388      
0.33818       -2.70154      
0.34306       -2.30516      
0.34795       -1.81036      
0.35284       -1.23132      
0.35772       -0.71608      
0.36261       -0.15297      
0.36750       0.48954       
0.37238       0.97946       
0.37727       1.42972       
0.38216       1.90740       
0.38704       2.25418       
0.39193       2.60648       
0.39682       2.97879       
0.40170       3.21419       
0.40659       3.52488       
0.41148       3.81281       
0.41636       3.92736       
0.42125       4.25467       
0.42613       4.41596       
0.43102       4.57504       
0.43591       4.64358       
0.44079       4.70212       
0.44568       4.74817       
0.45057       4.69047       
0.45545       4.69459       
0.46034       4.64995       
0.46523       4.57960       
0.47011       4.56065       
0.47500       4.45501       
0.47989       4.40228       
0.48477       4.34853       
0.48966       4.26279       
0.49455       4.22608       
0.49943       4.04357       
0.50432       4.02708       
0.50921       4.00438       
0.51409       3.88373       
0.51898       3.83679       
0.52387       3.80089       
0.52875       3.70450       
0.53364       3.64043       
0.53853       3.63750       
0.54341       3.60196       
0.54830       3.53765       
0.55319       3.50847       
0.55807       3.51219       
0.56296       3.47040       
0.56785       3.42894       
0.57273       3.44100       
0.57762       3.41843       
0.58251       3.37226       
0.58739       3.37031       
0.59228       3.34753       
0.59717       3.30542       
0.60205       3.26713       
0.60694       3.29035       
0.61183       3.30696       
0.61671       3.19273       
0.62160       3.19691       
0.62649       3.29168       
0.63137       3.20357       
0.63626       3.21705       
0.64115       3.18563       
0.64603       3.21282       
0.65092       3.32301       
0.65581       3.25312       
0.66069       3.15085       
0.66558       3.31989       
0.67047       3.32037       
0.67535       3.17885       
0.68024       3.30685       
0.68513       3.34101       
0.69001       3.31074       
0.69490       3.27683       
0.69978       3.31910       
0.70467       3.31999       
0.70956       3.30768       
0.71444       3.30699       
0.71933       3.31787       
0.72422       3.31793       
0.72910       3.29362       
0.73399       3.32353       
0.73888       3.28984       
0.74376       3.27131       
0.74865       3.29881       
0.75354       3.26548       
0.75842       3.25611       
0.76331       3.23988       
0.76820       3.22192       
0.77308       3.20854       
0.77797       3.20869       
0.78286       3.24757       
0.78774       3.21756       
0.79263       3.14580       
0.79752       3.15068       
0.80240       3.12852       
0.80729       3.12365       
0.81218       3.09651       
0.81706       3.05187       
0.82195       3.07283       
0.82684       3.04793       
0.83172       2.96375       
0.83661       3.03580       
0.84150       3.00510       
0.84638       2.91783       
0.85127       2.88721       
0.85616       2.84478       
0.86104       2.80568       
0.86593       2.76763       
0.87082       2.78007       
0.87570       2.74402       
0.88059       2.69280       
0.88548       2.77469       
0.89036       2.70052       
0.89525       2.60447       
0.90014       2.67138       
0.90502       2.69017       
0.90991       2.56239       
0.91480       2.55555       
0.91968       2.61901       
0.92457       2.57106       
0.92946       2.52245       
0.93434       2.55584       
0.93923       2.49571       
0.94412       2.42265       
0.94900       2.54192       
0.95389       2.48376       
0.95878       2.44233       
0.96366       2.40245       
0.96855       2.40084       
0.97343       2.40990       
0.97832       2.38984       
0.98321       2.32823       
0.98809       2.33254       
0.99298       2.35274       
0.99787       2.33514       
1.00275       2.33840       
1.00764       2.33535       
1.01253       2.27219       
1.01741       2.28427       
1.02230       2.33331       
1.02719       2.25864       
1.03207       2.22351       
1.03696       2.27131       
1.04185       2.27617       
1.04673       2.23942       
1.05162       2.20989       
1.05651       2.25431       
1.06139       2.23758       
1.06628       2.19082       
1.07117       2.13106       
1.07605       2.15308       
1.08094       2.10342       
1.08583       2.19937       
1.09071       2.16940       
1.09560       2.14834       
1.10049       2.12615       
1.10537       2.13576       
1.11026       2.16992       
1.11515       2.13430       
1.12003       2.07665       
1.12492       2.03474       
1.12981       2.03970       
1.13469       2.04405       
1.13958       1.99969       
1.14447       2.04925       
1.14935       2.03730       
1.15424       1.92650       
1.15913       1.94516       
1.16401       1.98539       
1.16890       1.89115       
1.17379       1.94217       
1.17867       1.92322       
1.18356       1.89432       
1.18845       1.85898       
1.19333       1.83246       
1.19822       1.83043       
1.20311       1.85829       
1.20799       1.85511       
1.21288       1.75474       
1.21777       1.83545       
1.22265       1.88437       
1.22754       1.73597       
1.23243       1.77228       
1.23731       1.75070       
1.24220       1.78739       
1.24709       1.81180       
1.25197       1.77490       
1.25686       1.77120       
1.26174       1.77356       
1.26663       1.73847       
1.27152       1.72272       
1.27640       1.69508       
1.28129       1.71371       
1.28618       1.73875       
1.29106       1.71362       
1.29595       1.75767       
1.30084       1.81976       
1.30572       1.72191       
1.31061       1.72996       
1.31550       1.77852       
1.32038       1.77653       
1.32527       1.72140       
1.33016       1.67698       
1.33504       1.65647       
1.33993       1.67816       
1.34482       1.68716       
1.34970       1.59799       
1.35459       1.56910       
1.35948       1.65201       
1.36436       1.68800       
1.36925       1.62100       
1.37414       1.53721       
1.37902       1.56071       
1.38391       1.59726       
1.38880       1.58199       
1.39368       1.52583       
1.39857       1.47579       
1.40346       1.50681       
1.40834       1.58168       
1.41323       1.47695       
1.41812       1.55775       
1.42300       1.51223       
1.42789       1.43411       
1.43278       1.48018       
1.43766       1.49708       
1.44255       1.49599       
1.44744       1.44972       
1.45232       1.48294       
1.45721       1.43535       
1.46210       1.41140       
1.46698       1.48416       
1.47187       1.45374       
1.47676       1.34366       
1.48164       1.35466       
1.48653       1.46067       
1.49142       1.35656       
1.49630       1.29262       
1.50119       1.35252       
1.50608       1.34413       
1.51096       1.33580       
1.51585       1.32751       
1.52074       1.31928       
1.52562       1.31109       
1.53051       1.30296       
1.53539       1.29487       
1.54028       1.28683       
1.54517       1.27884       
1.55005       1.27090       
1.55494       1.26300       
1.55983       1.25516       
1.56471       1.24736       
1.56960       1.23961       
1.57449       1.23190       
1.57937       1.22424       
1.58426       1.21663       
1.58915       1.20906       
1.59403       1.20154       
1.59892       1.19407       
1.60381       1.18664       
1.60869       1.17925       
1.61358       1.17191       
1.61847       1.16462       
1.62335       1.15737       
1.62824       1.15016       
1.63313       1.14300       
1.63801       1.13588       
1.64290       1.12880       
1.64779       1.12177       
1.65267       1.11478       
1.65756       1.10783       
1.66245       1.10093       
1.66733       1.09406       
1.67222       1.08724       
1.67711       1.08046       
1.68199       1.07373       
1.68688       1.06703       
1.69177       1.06037       
1.69665       1.05376       
1.70154       1.04718       
1.70643       1.04065       
1.71131       1.03415       
1.71620       1.02770       
1.72109       1.02128       
1.72597       1.01491       
1.73086       1.00857       
1.73575       1.00227       
1.74063       0.99601       
1.74552       0.98979       
1.75041       0.98361       
1.75529       0.97747       
1.76018       0.97136       
1.76507       0.96529       
1.76995       0.95926       
1.77484       0.95326       
1.77973       0.94730       
1.78461       0.94138       
1.78950       0.93550       
1.79439       0.92965       
1.79927       0.92383       
1.80416       0.91806       
1.80904       0.91232       
1.81393       0.90661       
1.81882       0.90094       
1.82370       0.89530       
1.82859       0.88970       
1.83348       0.88413       
1.83836       0.87860       
1.84325       0.87310       
1.84814       0.86764       
1.85302       0.86221       
1.85791       0.85681       
1.86280       0.85145       
1.86768       0.84612       
1.87257       0.84082       
1.87746       0.83555       
1.88234       0.83032       
1.88723       0.82512       
1.89212       0.81995       
1.89700       0.81482       
1.90189       0.80971       
1.90678       0.80464       
1.91166       0.79960       
1.91655       0.79459       
1.92144       0.78961       
1.92632       0.78466       
1.93121       0.77974       
1.93610       0.77486       
1.94098       0.77000       
1.94587       0.76517       
1.95076       0.76038       
1.95564       0.75561       
1.96053       0.75087       
1.96542       0.74616       
1.97030       0.74148       
1.97519       0.73684       
1.98008       0.73221       
1.98496       0.72762       
1.98985       0.72306       
1.99474       0.71852       
1.99962       0.71402       
2.00451       0.70954       
2.00940       0.70508       
2.01428       0.70066       
2.01917       0.69626       
2.02406       0.69189       
2.02894       0.68755       
2.03383       0.68324       
2.03872       0.67895       
2.04360       0.67469       
2.04849       0.67045       
2.05338       0.66625       
2.05826       0.66206       
2.06315       0.65791       
2.06804       0.65378       
2.07292       0.64967       
2.07781       0.64559       
2.08270       0.64154       
2.08758       0.63751       
2.09247       0.63351       
2.09735       0.62953       
2.10224       0.62557       
2.10713       0.62164       
2.11201       0.61774       
2.11690       0.61386       
2.12179       0.61000       
2.12667       0.60617       
2.13156       0.60236       
2.13645       0.59858       
2.14133       0.59482       
2.14622       0.59108       
2.15111       0.58736       
2.15599       0.58367       
2.16088       0.58000       
2.16577       0.57636       
2.17065       0.57274       
2.17554       0.56914       
2.18043       0.56556       
2.18531       0.56200       
2.19020       0.55847       
2.19509       0.55496       
2.19997       0.55147       
2.20486       0.54800       
2.20975       0.54456       
2.21463       0.54113       
2.21952       0.53773       
2.22441       0.53435       
2.22929       0.53099       
2.23418       0.52765       
2.23907       0.52433       
2.24395       0.52103       
2.24884       0.51776       
2.25373       0.51450       
2.25861       0.51126       
2.26350       0.50805       
2.26839       0.50485       
2.27327       0.50167       
2.27816       0.49852       
2.28305       0.49538       
2.28793       0.49226       
2.29282       0.48917       
2.29771       0.48609       
2.30259       0.48303       
2.30748       0.47999       
2.31237       0.47697       
2.31725       0.47397       
2.32214       0.47098       
2.32703       0.46802       
2.33191       0.46507       
2.33680       0.46215       
2.34169       0.45924       
2.34657       0.45635       
2.35146       0.45347       
2.35635       0.45062       
2.36123       0.44778       
2.36612       0.44496       
2.37100       0.44216       
2.37589       0.43938       
2.38078       0.43661       
2.38566       0.43386       
2.39055       0.43113       
2.39544       0.42841       
2.40032       0.42572       
2.40521       0.42303       
2.41010       0.42037       
2.41498       0.41772       
2.41987       0.41509       
2.42476       0.41248       
2.42964       0.40988       
2.43453       0.40730       
2.43942       0.40473       
2.44430       0.40218       
2.44919       0.39965       
2.45408       0.39713       
2.45896       0.39463       
2.46385       0.39214       
2.46874       0.38967       
2.47362       0.38722       
2.47851       0.38478       
2.48340       0.38235       
2.48828       0.37994       
2.49317       0.37755       
2.49806       0.37517       
2.50294       0.37280       
2.50783       0.37045       
2.51272       0.36812       
2.51760       0.36580       
2.52249       0.36349       
2.52738       0.36120       
2.53226       0.35892       
2.53715       0.35666       
2.54204       0.35441       
2.54692       0.35218       
2.55181       0.34996       
2.55670       0.34775       
2.56158       0.34556       
2.56647       0.34338       
2.57136       0.34122       
2.57624       0.33906       
2.58113       0.33693       
2.58602       0.33480       
2.59090       0.33269       
2.59579       0.33059       
2.60068       0.32851       
2.60556       0.32644       
2.61045       0.32438       
2.61534       0.32233       
2.62022       0.32030       
2.62511       0.31828       
2.63000       0.31627       
2.63488       0.31428       
2.63977       0.31229       
2.64465       0.31032       
2.64954       0.30837       
2.65443       0.30642       
2.65931       0.30449       
2.66420       0.30257       
2.66909       0.30066       
2.67397       0.29876       
2.67886       0.29687       
2.68375       0.29500       
2.68863       0.29314       
2.69352       0.29129       
2.69841       0.28945       
2.70329       0.28763       
2.70818       0.28581       
2.71307       0.28401       
2.71795       0.28221       
2.72284       0.28043       
2.72773       0.27866       
2.73261       0.27690       
2.73750       0.27516       
2.74239       0.27342       
2.74727       0.27169       
2.75216       0.26998       
2.75705       0.26827       
2.76193       0.26658       
2.76682       0.26490       
2.77171       0.26323       
2.77659       0.26156       
2.78148       0.25991       
2.78637       0.25827       
2.79125       0.25664       
2.79614       0.25502       
2.80103       0.25341       
2.80591       0.25181       
2.81080       0.25022       
2.81569       0.24864       
2.82057       0.24707       
2.82546       0.24551       
2.83035       0.24396       
2.83523       0.24242       
2.84012       0.24089       
2.84501       0.23936       
2.84989       0.23785       
2.85478       0.23635       
2.85967       0.23486       
2.86455       0.23337       
2.86944       0.23190       
2.87433       0.23043       
2.87921       0.22898       
2.88410       0.22753       
2.88899       0.22609       
2.89387       0.22467       
2.89876       0.22325       
2.90365       0.22184       
2.90853       0.22043       
2.91342       0.21904       
2.91830       0.21766       
2.92319       0.21628       
2.92808       0.21492       
2.93296       0.21356       
2.93785       0.21221       
2.94274       0.21087       
2.94762       0.20953       
2.95251       0.20821       
2.95740       0.20689       
2.96228       0.20559       
2.96717       0.20429       
2.97206       0.20300       
2.97694       0.20171       
2.98183       0.20044       
2.98672       0.19917       
2.99160       0.19791       
2.99649       0.19666       
3.00138       0.19542       
3.00626       0.19418       
3.01115       0.19295       
3.01604       0.19173       
3.02092       0.19052       
3.02581       0.18932       
3.03070       0.18812       
3.03558       0.18693       
3.04047       0.18575       
3.04536       0.18457       
3.05024       0.18341       
3.05513       0.18225       
3.06002       0.18109       
3.06490       0.17995       
3.06979       0.17881       
3.07468       0.17768       
3.07956       0.17655       
3.08445       0.17544       
3.08934       0.17433       
3.09422       0.17323       
3.09911       0.17213       
3.10400       0.17104       
3.10888       0.16996       
3.11377       0.16888       
3.11866       0.16782       
3.12354       0.16675       
3.12843       0.16570       
3.13332       0.16465       
3.13820       0.16361       
3.14309       0.16257       
3.14798       0.16154       
3.15286       0.16052       
3.15775       0.15951       
3.16264       0.15850       
3.16752       0.15749       
3.17241       0.15650       
3.17730       0.15551       
3.18218       0.15452       
3.18707       0.15354       
3.19196       0.15257       
3.19684       0.15161       
3.20173       0.15065       
3.20661       0.14969       
3.21150       0.14875       
3.21639       0.14780       
3.22127       0.14687       
3.22616       0.14594       
3.23105       0.14501       
3.23593       0.14410       
3.24082       0.14318       
3.24571       0.14228       
3.25059       0.14138       
3.25548       0.14048       
3.26037       0.13959       
3.26525       0.13871       
3.27014       0.13783       
3.27503       0.13696       
3.27991       0.13609       
3.28480       0.13523       
3.28969       0.13437       
3.29457       0.13352       
3.29946       0.13267       
3.30435       0.13183       
3.30923       0.13100       
3.31412       0.13017       
3.31901       0.12934       
3.32389       0.12852       
3.32878       0.12771       
3.33367       0.12690       
3.33855       0.12610       
3.34344       0.12530       
3.34833       0.12450       
3.35321       0.12372       
3.35810       0.12293       
3.36299       0.12215       
3.36787       0.12138       
3.37276       0.12061       
3.37765       0.11985       
3.38253       0.11909       
3.38742       0.11833       
3.39231       0.11758       
3.39719       0.11684       
3.40208       0.11610       
3.40697       0.11536       
3.41185       0.11463       
3.41674       0.11390       
3.42163       0.11318       
3.42651       0.11246       
3.43140       0.11175       
3.43629       0.11104       
3.44117       0.11034       
3.44606       0.10964       
3.45095       0.10894       
3.45583       0.10825       
3.46072       0.10756       
3.46561       0.10688       
3.47049       0.10620       
3.47538       0.10553       
3.48026       0.10486       
3.48515       0.10420       
3.49004       0.10354       
3.49492       0.10288       
3.49981       0.10223       
3.50470       0.10158       
3.50958       0.10093       
3.51447       0.10029       
3.51936       0.09966       
3.52424       0.09903       
3.52913       0.09840       
3.53402       0.09777       
3.53890       0.09715       
3.54379       0.09654       
3.54868       0.09592       
3.55356       0.09532       
3.55845       0.09471       
3.56334       0.09411       
3.56822       0.09351       
3.57311       0.09292       
3.57800       0.09233       
3.58288       0.09174       
3.58777       0.09116       
3.59266       0.09058       
3.59754       0.09001       
3.60243       0.08944       
3.60732       0.08887       
3.61220       0.08830       
3.61709       0.08774       
3.62198       0.08719       
3.62686       0.08663       
3.63175       0.08608       
3.63664       0.08554       
3.64152       0.08499       
3.64641       0.08445       
3.65130       0.08392       
3.65618       0.08338       
3.66107       0.08285       
3.66596       0.08233       
3.67084       0.08181       
3.67573       0.08129       
3.68062       0.08077       
3.68550       0.08026       
3.69039       0.07975       
3.69528       0.07924       
3.70016       0.07874       
3.70505       0.07824       
3.70994       0.07774       
3.71482       0.07725       
3.71971       0.07675       
3.72460       0.07627       
3.72948       0.07578       
3.73437       0.07530       
3.73926       0.07482       
3.74414       0.07435       
3.74903       0.07387       
3.75391       0.07340       
3.75880       0.07294       
3.76369       0.07247       
3.76857       0.07201       
3.77346       0.07156       
3.77835       0.07110       
3.78323       0.07065       
3.78812       0.07020       
3.79301       0.06975       
3.79789       0.06931       
3.80278       0.06887       
3.80767       0.06843       
3.81255       0.06800       
3.81744       0.06756       
3.82233       0.06713       
3.82721       0.06671       
3.83210       0.06628       
3.83699       0.06586       
3.84187       0.06544       
3.84676       0.06503       
3.85165       0.06461       
3.85653       0.06420       
3.86142       0.06379       
3.86631       0.06339       
3.87119       0.06298       
3.87608       0.06258       
3.88097       0.06219       
3.88585       0.06179       
3.89074       0.06140       
3.89563       0.06101       
3.90051       0.06062       
3.90540       0.06023       
3.91029       0.05985       
3.91517       0.05947       
3.92006       0.05909       
3.92495       0.05871       
3.92983       0.05834       
3.93472       0.05797       
3.93961       0.05760       
3.94449       0.05723       
3.94938       0.05687       
3.95427       0.05651       
3.95915       0.05615       
3.96404       0.05579       
3.96893       0.05543       
3.97381       0.05508       
3.97870       0.05473       
3.98359       0.05438       
3.98847       0.05403       
3.99336       0.05369       
3.99825       0.05335       
4.00313       0.05301       
4.00802       0.05267       
4.01291       0.05234       
4.01779       0.05200       
4.02268       0.05167       
4.02757       0.05134       
4.03245       0.05101       
4.03734       0.05069       
4.04222       0.05037       
4.04711       0.05004       
4.05200       0.04973       
4.05688       0.04941       
4.06177       0.04909       
4.06666       0.04878       
4.07154       0.04847       
4.07643       0.04816       
4.08132       0.04785       
4.08620       0.04755       
4.09109       0.04725       
4.09598       0.04694       
4.10086       0.04664       
4.10575       0.04635       
4.11064       0.04605       
4.11552       0.04576       
4.12041       0.04547       
4.12530       0.04518       
4.13018       0.04489       
4.13507       0.04460       
4.13996       0.04432       
4.14484       0.04403       
4.14973       0.04375       
4.15462       0.04347       
4.15950       0.04320       
4.16439       0.04292       
4.16928       0.04265       
4.17416       0.04238       
4.17905       0.04210       
4.18394       0.04184       
4.18882       0.04157       
4.19371       0.04130       
4.19860       0.04104       
4.20348       0.04078       
4.20837       0.04052       
4.21326       0.04026       
4.21814       0.04000       
4.22303       0.03975       
4.22792       0.03949       
4.23280       0.03924       
4.23769       0.03899       
4.24258       0.03874       
4.24746       0.03849       
4.25235       0.03825       
4.25724       0.03800       
4.26212       0.03776       
4.26701       0.03752       
4.27190       0.03728       
4.27678       0.03704       
4.28167       0.03680       
4.28656       0.03657       
4.29144       0.03633       
4.29633       0.03610       
4.30122       0.03587       
4.30610       0.03564       
4.31099       0.03541       
4.31587       0.03519       
4.32076       0.03496       
4.32565       0.03474       
4.33053       0.03452       
4.33542       0.03430       
4.34031       0.03408       
4.34519       0.03386       
4.35008       0.03364       
4.35497       0.03343       
4.35985       0.03321       
4.36474       0.03300       
4.36963       0.03279       
4.37451       0.03258       
4.37940       0.03237       
4.38429       0.03216       
4.38917       0.03196       
4.39406       0.03175       
4.39895       0.03155       
4.40383       0.03135       
4.40872       0.03115       
4.41361       0.03095       
4.41849       0.03075       
4.42338       0.03055       
4.42827       0.03036       
4.43315       0.03016       
4.43804       0.02997       
4.44293       0.02978       
4.44781       0.02959       
4.45270       0.02940       
4.45759       0.02921       
4.46247       0.02902       
4.46736       0.02884       
4.47225       0.02865       
4.47713       0.02847       
4.48202       0.02829       
4.48691       0.02810       
4.49179       0.02792       
4.49668       0.02775       
4.50157       0.02757       
4.50645       0.02739       
4.51134       0.02722       
4.51623       0.02704       
4.52111       0.02687       
4.52600       0.02670       
4.53089       0.02652       
4.53577       0.02635       
4.54066       0.02618       
4.54555       0.02602       
4.55043       0.02585       
4.55532       0.02568       
4.56021       0.02552       
4.56509       0.02536       
4.56998       0.02519       
4.57487       0.02503       
4.57975       0.02487       
4.58464       0.02471       
4.58952       0.02455       
4.59441       0.02439       
4.59930       0.02424       
4.60418       0.02408       
4.60907       0.02393       
4.61396       0.02377       
4.61884       0.02362       
4.62373       0.02347       
4.62862       0.02332       
4.63350       0.02317       
4.63839       0.02302       
4.64328       0.02287       
4.64816       0.02273       
4.65305       0.02258       
4.65794       0.02243       
4.66282       0.02229       
4.66771       0.02215       
4.67260       0.02200       
4.67748       0.02186       
4.68237       0.02172       
4.68726       0.02158       
4.69214       0.02144       
4.69703       0.02131       
4.70192       0.02117       
4.70680       0.02103       
4.71169       0.02090       
4.71658       0.02076       
4.72146       0.02063       
4.72635       0.02050       
4.73124       0.02036       
4.73612       0.02023       
4.74101       0.02010       
4.74590       0.01997       
4.75078       0.01984       
4.75567       0.01972       
4.76056       0.01959       
4.76544       0.01946       
4.77033       0.01934       
4.77522       0.01921       
4.78010       0.01909       
4.78499       0.01897       
4.78988       0.01885       
4.79476       0.01872       
4.79965       0.01860       
4.80454       0.01848       
4.80942       0.01836       
4.81431       0.01825       
4.81920       0.01813       
4.82408       0.01801       
4.82897       0.01789       
4.83386       0.01778       
4.83874       0.01766       
4.84363       0.01755       
4.84852       0.01744       
4.85340       0.01733       
4.85829       0.01721       
4.86317       0.01710       
4.86806       0.01699       
4.87295       0.01688       
4.87783       0.01677       
4.88272       0.01666       
4.88761       0.01656       
4.89249       0.01645       
4.89738       0.01634       
4.90227       0.01624       
4.90715       0.01613       
4.91204       0.01603       
4.91693       0.01593       
4.92181       0.01582       
4.92670       0.01572       
4.93159       0.01562       
4.93647       0.01552       
4.94136       0.01542       
4.94625       0.01532       
4.95113       0.01522       
4.95602       0.01512       
4.96091       0.01502       
4.96579       0.01493       
4.97068       0.01483       
4.97557       0.01473       
4.98045       0.01464       
4.98534       0.01454       
4.99023       0.01445       
4.99511       0.01436       
5.00000       0.01426       
