0.00100       1000000000027966931206144.00000
0.00589       577588570138601.00000
0.01077       409124583284.33960
0.01566       4597878309.34129
0.02055       176670175.76983
0.02543       13652864.58999
0.03032       1657049.90755 
0.03521       275876.59065  
0.04009       58066.05317   
0.04498       14679.51745   
0.04987       4327.12974    
0.05475       1474.79732    
0.05964       591.02819     
0.06453       289.11305     
0.06941       177.09920     
0.07430       132.49716     
0.07919       113.61612     
0.08407       105.18373     
0.08896       101.23569     
0.09385       99.30806      
0.09873       98.33097      
0.10362       98.16604      
0.10851       98.16656      
0.11339       98.16708      
0.11828       98.16760      
0.12317       98.16812      
0.12805       98.16864      
0.13294       98.16917      
0.13783       96.05006      
0.14271       86.05153      
0.14760       76.69949      
0.15248       67.84871      
0.15737       59.34631      
0.16226       51.44881      
0.16714       44.15924      
0.17203       37.59913      
0.17692       31.60084      
0.18180       26.12293      
0.18669       21.13953      
0.19158       16.82227      
0.19646       12.76643      
0.20135       9.55634       
0.20624       6.62232       
0.21112       3.96492       
0.21601       1.79458       
0.22090       -0.09003      
0.22578       -1.67985      
0.23067       -2.85331      
0.23556       -3.96666      
0.24044       -4.69300      
0.24533       -5.28405      
0.25022       -6.00521      
0.25510       -6.31888      
0.25999       -6.76850      
0.26488       -7.48470      
0.26976       -7.63336      
0.27465       -7.87649      
0.27954       -8.08093      
0.28442       -7.92560      
0.28931       -7.76331      
0.29420       -7.49375      
0.29908       -7.11467      
0.30397       -6.79638      
0.30886       -6.25419      
0.31374       -5.73735      
0.31863       -5.35412      
0.32352       -4.64797      
0.32840       -4.14340      
0.33329       -3.68010      
0.33818       -3.03285      
0.34306       -2.54711      
0.34795       -2.11629      
0.35284       -1.63188      
0.35772       -1.30097      
0.36261       -1.01791      
0.36750       -0.55347      
0.37238       -0.16296      
0.37727       0.14420       
0.38216       0.53466       
0.38704       0.86119       
0.39193       1.22624       
0.39682       1.68614       
0.40170       2.02023       
0.40659       2.30905       
0.41148       2.68480       
0.41636       2.91128       
0.42125       3.11346       
0.42613       3.29002       
0.43102       3.42439       
0.43591       3.51979       
0.44079       3.61859       
0.44568       3.75163       
0.45057       3.76053       
0.45545       3.78857       
0.46034       3.73521       
0.46523       3.56794       
0.47011       3.33419       
0.47500       3.00346       
0.47989       2.72643       
0.48477       2.57376       
0.48966       2.24387       
0.49455       2.14078       
0.49943       1.91213       
0.50432       1.52748       
0.50921       1.38172       
0.51409       1.33300       
0.51898       1.11553       
0.52387       0.91624       
0.52875       0.79796       
0.53364       0.66398       
0.53853       0.52015       
0.54341       0.45295       
0.54830       0.38272       
0.55319       0.24222       
0.55807       0.19257       
0.56296       0.05595       
0.56785       0.00032       
0.57273       0.06980       
0.57762       0.03929       
0.58251       -0.07148      
0.58739       -0.25136      
0.59228       -0.23041      
0.59717       -0.18285      
0.60205       -0.15722      
0.60694       -0.29544      
0.61183       -0.35588      
0.61671       -0.26271      
0.62160       -0.14134      
0.62649       -0.24460      
0.63137       -0.26327      
0.63626       -0.18535      
0.64115       -0.26797      
0.64603       -0.22508      
0.65092       -0.19854      
0.65581       -0.23317      
0.66069       -0.09033      
0.66558       -0.12053      
0.67047       -0.13670      
0.67535       -0.01648      
0.68024       -0.01153      
0.68513       0.03820       
0.69001       0.05264       
0.69490       0.03642       
0.69978       0.05746       
0.70467       0.13457       
0.70956       0.11051       
0.71444       0.14426       
0.71933       0.23398       
0.72422       0.19382       
0.72910       0.20009       
0.73399       0.36660       
0.73888       0.39902       
0.74376       0.25489       
0.74865       0.28196       
0.75354       0.46440       
0.75842       0.44407       
0.76331       0.34848       
0.76820       0.32926       
0.77308       0.50295       
0.77797       0.56818       
0.78286       0.46667       
0.78774       0.39094       
0.79263       0.50497       
0.79752       0.47687       
0.80240       0.50557       
0.80729       0.53530       
0.81218       0.42789       
0.81706       0.52246       
0.82195       0.50860       
0.82684       0.38431       
0.83172       0.44613       
0.83661       0.43838       
0.84150       0.35411       
0.84638       0.34282       
0.85127       0.38047       
0.85616       0.37652       
0.86104       0.33766       
0.86593       0.30604       
0.87082       0.28370       
0.87570       0.26980       
0.88059       0.25223       
0.88548       0.19475       
0.89036       0.13774       
0.89525       0.14595       
0.90014       0.11705       
0.90502       0.04740       
0.90991       0.06443       
0.91480       0.10786       
0.91968       0.00354       
0.92457       -0.04256      
0.92946       -0.04734      
0.93434       0.02675       
0.93923       0.03217       
0.94412       -0.03273      
0.94900       -0.08592      
0.95389       -0.10233      
0.95878       -0.03818      
0.96366       -0.01910      
0.96855       -0.02180      
0.97343       -0.08809      
0.97832       -0.11547      
0.98321       -0.03355      
0.98809       -0.01356      
0.99298       -0.06489      
0.99787       -0.06840      
1.00275       -0.09501      
1.00764       -0.09378      
1.01253       -0.10067      
1.01741       -0.10123      
1.02230       -0.08391      
1.02719       0.01052       
1.03207       0.04963       
1.03696       -0.03306      
1.04185       -0.07373      
1.04673       0.03493       
1.05162       0.05564       
1.05651       -0.01167      
1.06139       -0.01901      
1.06628       0.06473       
1.07117       0.04816       
1.07605       -0.01806      
1.08094       0.06941       
1.08583       0.11052       
1.09071       -0.00677      
1.09560       -0.02157      
1.10049       0.03890       
1.10537       0.02785       
1.11026       0.05335       
1.11515       0.02286       
1.12003       -0.03515      
1.12492       -0.04421      
1.12981       -0.03595      
1.13469       0.03610       
1.13958       0.08063       
1.14447       -0.05338      
1.14935       -0.10238      
1.15424       -0.03531      
1.15913       0.01190       
1.16401       -0.03445      
1.16890       -0.14757      
1.17379       -0.14933      
1.17867       -0.02933      
1.18356       -0.06952      
1.18845       -0.15376      
1.19333       -0.06915      
1.19822       -0.07963      
1.20311       -0.11178      
1.20799       -0.07069      
1.21288       -0.11782      
1.21777       -0.19168      
1.22265       -0.14537      
1.22754       -0.20220      
1.23243       -0.23019      
1.23731       -0.12418      
1.24220       -0.14150      
1.24709       -0.13511      
1.25197       -0.13693      
1.25686       -0.19441      
1.26174       -0.18270      
1.26663       -0.16281      
1.27152       -0.11146      
1.27640       -0.06520      
1.28129       -0.10714      
1.28618       -0.14050      
1.29106       -0.08848      
1.29595       -0.15049      
1.30084       -0.14072      
1.30572       -0.03779      
1.31061       -0.05140      
1.31550       -0.09023      
1.32038       -0.09748      
1.32527       -0.06283      
1.33016       -0.04179      
1.33504       -0.08868      
1.33993       -0.05369      
1.34482       -0.07645      
1.34970       -0.04026      
1.35459       -0.17566      
1.35948       -0.07044      
1.36436       -0.11431      
1.36925       -0.10830      
1.37414       0.01877       
1.37902       -0.12696      
1.38391       -0.09825      
1.38880       -0.07629      
1.39368       -0.17128      
1.39857       -0.15887      
1.40346       -0.11926      
1.40834       -0.16080      
1.41323       -0.10274      
1.41812       -0.04850      
1.42300       -0.03542      
1.42789       -0.07196      
1.43278       -0.08374      
1.43766       -0.02724      
1.44255       -0.00582      
1.44744       -0.03164      
1.45232       -0.03311      
1.45721       -0.01182      
1.46210       0.01703       
1.46698       -0.00649      
1.47187       -0.05516      
1.47676       -0.07661      
1.48164       -0.02184      
1.48653       0.04274       
1.49142       0.04797       
1.49630       -0.00642      
1.50119       -0.02206      
1.50608       -0.02183      
1.51096       -0.02161      
1.51585       -0.02139      
1.52074       -0.02118      
1.52562       -0.02096      
1.53051       -0.02075      
1.53539       -0.02055      
1.54028       -0.02034      
1.54517       -0.02014      
1.55005       -0.01994      
1.55494       -0.01975      
1.55983       -0.01955      
1.56471       -0.01936      
1.56960       -0.01917      
1.57449       -0.01898      
1.57937       -0.01880      
1.58426       -0.01862      
1.58915       -0.01844      
1.59403       -0.01826      
1.59892       -0.01809      
1.60381       -0.01792      
1.60869       -0.01775      
1.61358       -0.01758      
1.61847       -0.01741      
1.62335       -0.01725      
1.62824       -0.01708      
1.63313       -0.01692      
1.63801       -0.01677      
1.64290       -0.01661      
1.64779       -0.01646      
1.65267       -0.01630      
1.65756       -0.01615      
1.66245       -0.01601      
1.66733       -0.01586      
1.67222       -0.01571      
1.67711       -0.01557      
1.68199       -0.01543      
1.68688       -0.01529      
1.69177       -0.01515      
1.69665       -0.01502      
1.70154       -0.01488      
1.70643       -0.01475      
1.71131       -0.01462      
1.71620       -0.01449      
1.72109       -0.01436      
1.72597       -0.01423      
1.73086       -0.01411      
1.73575       -0.01398      
1.74063       -0.01386      
1.74552       -0.01374      
1.75041       -0.01362      
1.75529       -0.01350      
1.76018       -0.01338      
1.76507       -0.01327      
1.76995       -0.01315      
1.77484       -0.01304      
1.77973       -0.01293      
1.78461       -0.01282      
1.78950       -0.01271      
1.79439       -0.01260      
1.79927       -0.01250      
1.80416       -0.01239      
1.80904       -0.01229      
1.81393       -0.01218      
1.81882       -0.01208      
1.82370       -0.01198      
1.82859       -0.01188      
1.83348       -0.01178      
1.83836       -0.01168      
1.84325       -0.01159      
1.84814       -0.01149      
1.85302       -0.01140      
1.85791       -0.01130      
1.86280       -0.01121      
1.86768       -0.01112      
1.87257       -0.01103      
1.87746       -0.01094      
1.88234       -0.01085      
1.88723       -0.01076      
1.89212       -0.01068      
1.89700       -0.01059      
1.90189       -0.01051      
1.90678       -0.01042      
1.91166       -0.01034      
1.91655       -0.01026      
1.92144       -0.01018      
1.92632       -0.01010      
1.93121       -0.01002      
1.93610       -0.00994      
1.94098       -0.00986      
1.94587       -0.00978      
1.95076       -0.00971      
1.95564       -0.00963      
1.96053       -0.00956      
1.96542       -0.00948      
1.97030       -0.00941      
1.97519       -0.00934      
1.98008       -0.00927      
1.98496       -0.00920      
1.98985       -0.00912      
1.99474       -0.00906      
1.99962       -0.00899      
2.00451       -0.00892      
2.00940       -0.00885      
2.01428       -0.00878      
2.01917       -0.00872      
2.02406       -0.00865      
2.02894       -0.00859      
2.03383       -0.00852      
2.03872       -0.00846      
2.04360       -0.00840      
2.04849       -0.00833      
2.05338       -0.00827      
2.05826       -0.00821      
2.06315       -0.00815      
2.06804       -0.00809      
2.07292       -0.00803      
2.07781       -0.00797      
2.08270       -0.00792      
2.08758       -0.00786      
2.09247       -0.00780      
2.09735       -0.00774      
2.10224       -0.00769      
2.10713       -0.00763      
2.11201       -0.00758      
2.11690       -0.00752      
2.12179       -0.00747      
2.12667       -0.00742      
2.13156       -0.00736      
2.13645       -0.00731      
2.14133       -0.00726      
2.14622       -0.00721      
2.15111       -0.00716      
2.15599       -0.00711      
2.16088       -0.00706      
2.16577       -0.00701      
2.17065       -0.00696      
2.17554       -0.00691      
2.18043       -0.00686      
2.18531       -0.00681      
2.19020       -0.00677      
2.19509       -0.00672      
2.19997       -0.00667      
2.20486       -0.00663      
2.20975       -0.00658      
2.21463       -0.00654      
2.21952       -0.00649      
2.22441       -0.00645      
2.22929       -0.00640      
2.23418       -0.00636      
2.23907       -0.00632      
2.24395       -0.00628      
2.24884       -0.00623      
2.25373       -0.00619      
2.25861       -0.00615      
2.26350       -0.00611      
2.26839       -0.00607      
2.27327       -0.00603      
2.27816       -0.00599      
2.28305       -0.00595      
2.28793       -0.00591      
2.29282       -0.00587      
2.29771       -0.00583      
2.30259       -0.00579      
2.30748       -0.00575      
2.31237       -0.00572      
2.31725       -0.00568      
2.32214       -0.00564      
2.32703       -0.00560      
2.33191       -0.00557      
2.33680       -0.00553      
2.34169       -0.00550      
2.34657       -0.00546      
2.35146       -0.00542      
2.35635       -0.00539      
2.36123       -0.00536      
2.36612       -0.00532      
2.37100       -0.00529      
2.37589       -0.00525      
2.38078       -0.00522      
2.38566       -0.00519      
2.39055       -0.00515      
2.39544       -0.00512      
2.40032       -0.00509      
2.40521       -0.00506      
2.41010       -0.00502      
2.41498       -0.00499      
2.41987       -0.00496      
2.42476       -0.00493      
2.42964       -0.00490      
2.43453       -0.00487      
2.43942       -0.00484      
2.44430       -0.00481      
2.44919       -0.00478      
2.45408       -0.00475      
2.45896       -0.00472      
2.46385       -0.00469      
2.46874       -0.00466      
2.47362       -0.00463      
2.47851       -0.00461      
2.48340       -0.00458      
2.48828       -0.00455      
2.49317       -0.00452      
2.49806       -0.00449      
2.50294       -0.00447      
2.50783       -0.00444      
2.51272       -0.00441      
2.51760       -0.00439      
2.52249       -0.00436      
2.52738       -0.00433      
2.53226       -0.00431      
2.53715       -0.00428      
2.54204       -0.00426      
2.54692       -0.00423      
2.55181       -0.00421      
2.55670       -0.00418      
2.56158       -0.00416      
2.56647       -0.00413      
2.57136       -0.00411      
2.57624       -0.00408      
2.58113       -0.00406      
2.58602       -0.00404      
2.59090       -0.00401      
2.59579       -0.00399      
2.60068       -0.00397      
2.60556       -0.00394      
2.61045       -0.00392      
2.61534       -0.00390      
2.62022       -0.00387      
2.62511       -0.00385      
2.63000       -0.00383      
2.63488       -0.00381      
2.63977       -0.00379      
2.64465       -0.00376      
2.64954       -0.00374      
2.65443       -0.00372      
2.65931       -0.00370      
2.66420       -0.00368      
2.66909       -0.00366      
2.67397       -0.00364      
2.67886       -0.00362      
2.68375       -0.00360      
2.68863       -0.00358      
2.69352       -0.00356      
2.69841       -0.00354      
2.70329       -0.00352      
2.70818       -0.00350      
2.71307       -0.00348      
2.71795       -0.00346      
2.72284       -0.00344      
2.72773       -0.00342      
2.73261       -0.00340      
2.73750       -0.00338      
2.74239       -0.00336      
2.74727       -0.00334      
2.75216       -0.00332      
2.75705       -0.00331      
2.76193       -0.00329      
2.76682       -0.00327      
2.77171       -0.00325      
2.77659       -0.00323      
2.78148       -0.00322      
2.78637       -0.00320      
2.79125       -0.00318      
2.79614       -0.00316      
2.80103       -0.00315      
2.80591       -0.00313      
2.81080       -0.00311      
2.81569       -0.00310      
2.82057       -0.00308      
2.82546       -0.00306      
2.83035       -0.00305      
2.83523       -0.00303      
2.84012       -0.00301      
2.84501       -0.00300      
2.84989       -0.00298      
2.85478       -0.00297      
2.85967       -0.00295      
2.86455       -0.00294      
2.86944       -0.00292      
2.87433       -0.00290      
2.87921       -0.00289      
2.88410       -0.00287      
2.88899       -0.00286      
2.89387       -0.00284      
2.89876       -0.00283      
2.90365       -0.00281      
2.90853       -0.00280      
2.91342       -0.00279      
2.91830       -0.00277      
2.92319       -0.00276      
2.92808       -0.00274      
2.93296       -0.00273      
2.93785       -0.00271      
2.94274       -0.00270      
2.94762       -0.00269      
2.95251       -0.00267      
2.95740       -0.00266      
2.96228       -0.00264      
2.96717       -0.00263      
2.97206       -0.00262      
2.97694       -0.00260      
2.98183       -0.00259      
2.98672       -0.00258      
2.99160       -0.00256      
2.99649       -0.00255      
3.00138       -0.00254      
3.00626       -0.00253      
3.01115       -0.00251      
3.01604       -0.00250      
3.02092       -0.00249      
3.02581       -0.00248      
3.03070       -0.00246      
3.03558       -0.00245      
3.04047       -0.00244      
3.04536       -0.00243      
3.05024       -0.00241      
3.05513       -0.00240      
3.06002       -0.00239      
3.06490       -0.00238      
3.06979       -0.00237      
3.07468       -0.00235      
3.07956       -0.00234      
3.08445       -0.00233      
3.08934       -0.00232      
3.09422       -0.00231      
3.09911       -0.00230      
3.10400       -0.00229      
3.10888       -0.00228      
3.11377       -0.00226      
3.11866       -0.00225      
3.12354       -0.00224      
3.12843       -0.00223      
3.13332       -0.00222      
3.13820       -0.00221      
3.14309       -0.00220      
3.14798       -0.00219      
3.15286       -0.00218      
3.15775       -0.00217      
3.16264       -0.00216      
3.16752       -0.00215      
3.17241       -0.00214      
3.17730       -0.00213      
3.18218       -0.00212      
3.18707       -0.00211      
3.19196       -0.00210      
3.19684       -0.00209      
3.20173       -0.00208      
3.20661       -0.00207      
3.21150       -0.00206      
3.21639       -0.00205      
3.22127       -0.00204      
3.22616       -0.00203      
3.23105       -0.00202      
3.23593       -0.00201      
3.24082       -0.00200      
3.24571       -0.00199      
3.25059       -0.00198      
3.25548       -0.00197      
3.26037       -0.00196      
3.26525       -0.00195      
3.27014       -0.00194      
3.27503       -0.00193      
3.27991       -0.00193      
3.28480       -0.00192      
3.28969       -0.00191      
3.29457       -0.00190      
3.29946       -0.00189      
3.30435       -0.00188      
3.30923       -0.00187      
3.31412       -0.00186      
3.31901       -0.00186      
3.32389       -0.00185      
3.32878       -0.00184      
3.33367       -0.00183      
3.33855       -0.00182      
3.34344       -0.00181      
3.34833       -0.00181      
3.35321       -0.00180      
3.35810       -0.00179      
3.36299       -0.00178      
3.36787       -0.00177      
3.37276       -0.00177      
3.37765       -0.00176      
3.38253       -0.00175      
3.38742       -0.00174      
3.39231       -0.00173      
3.39719       -0.00173      
3.40208       -0.00172      
3.40697       -0.00171      
3.41185       -0.00170      
3.41674       -0.00170      
3.42163       -0.00169      
3.42651       -0.00168      
3.43140       -0.00167      
3.43629       -0.00167      
3.44117       -0.00166      
3.44606       -0.00165      
3.45095       -0.00164      
3.45583       -0.00164      
3.46072       -0.00163      
3.46561       -0.00162      
3.47049       -0.00161      
3.47538       -0.00161      
3.48026       -0.00160      
3.48515       -0.00159      
3.49004       -0.00159      
3.49492       -0.00158      
3.49981       -0.00157      
3.50470       -0.00157      
3.50958       -0.00156      
3.51447       -0.00155      
3.51936       -0.00155      
3.52424       -0.00154      
3.52913       -0.00153      
3.53402       -0.00153      
3.53890       -0.00152      
3.54379       -0.00151      
3.54868       -0.00151      
3.55356       -0.00150      
3.55845       -0.00149      
3.56334       -0.00149      
3.56822       -0.00148      
3.57311       -0.00147      
3.57800       -0.00147      
3.58288       -0.00146      
3.58777       -0.00146      
3.59266       -0.00145      
3.59754       -0.00144      
3.60243       -0.00144      
3.60732       -0.00143      
3.61220       -0.00142      
3.61709       -0.00142      
3.62198       -0.00141      
3.62686       -0.00141      
3.63175       -0.00140      
3.63664       -0.00140      
3.64152       -0.00139      
3.64641       -0.00138      
3.65130       -0.00138      
3.65618       -0.00137      
3.66107       -0.00137      
3.66596       -0.00136      
3.67084       -0.00136      
3.67573       -0.00135      
3.68062       -0.00134      
3.68550       -0.00134      
3.69039       -0.00133      
3.69528       -0.00133      
3.70016       -0.00132      
3.70505       -0.00132      
3.70994       -0.00131      
3.71482       -0.00131      
3.71971       -0.00130      
3.72460       -0.00129      
3.72948       -0.00129      
3.73437       -0.00128      
3.73926       -0.00128      
3.74414       -0.00127      
3.74903       -0.00127      
3.75391       -0.00126      
3.75880       -0.00126      
3.76369       -0.00125      
3.76857       -0.00125      
3.77346       -0.00124      
3.77835       -0.00124      
3.78323       -0.00123      
3.78812       -0.00123      
3.79301       -0.00122      
3.79789       -0.00122      
3.80278       -0.00121      
3.80767       -0.00121      
3.81255       -0.00120      
3.81744       -0.00120      
3.82233       -0.00119      
3.82721       -0.00119      
3.83210       -0.00118      
3.83699       -0.00118      
3.84187       -0.00118      
3.84676       -0.00117      
3.85165       -0.00117      
3.85653       -0.00116      
3.86142       -0.00116      
3.86631       -0.00115      
3.87119       -0.00115      
3.87608       -0.00114      
3.88097       -0.00114      
3.88585       -0.00113      
3.89074       -0.00113      
3.89563       -0.00113      
3.90051       -0.00112      
3.90540       -0.00112      
3.91029       -0.00111      
3.91517       -0.00111      
3.92006       -0.00110      
3.92495       -0.00110      
3.92983       -0.00109      
3.93472       -0.00109      
3.93961       -0.00109      
3.94449       -0.00108      
3.94938       -0.00108      
3.95427       -0.00107      
3.95915       -0.00107      
3.96404       -0.00107      
3.96893       -0.00106      
3.97381       -0.00106      
3.97870       -0.00105      
3.98359       -0.00105      
3.98847       -0.00105      
3.99336       -0.00104      
3.99825       -0.00104      
4.00313       -0.00103      
4.00802       -0.00103      
4.01291       -0.00103      
4.01779       -0.00102      
4.02268       -0.00102      
4.02757       -0.00101      
4.03245       -0.00101      
4.03734       -0.00101      
4.04222       -0.00100      
4.04711       -0.00100      
4.05200       -0.00099      
4.05688       -0.00099      
4.06177       -0.00099      
4.06666       -0.00098      
4.07154       -0.00098      
4.07643       -0.00098      
4.08132       -0.00097      
4.08620       -0.00097      
4.09109       -0.00097      
4.09598       -0.00096      
4.10086       -0.00096      
4.10575       -0.00095      
4.11064       -0.00095      
4.11552       -0.00095      
4.12041       -0.00094      
4.12530       -0.00094      
4.13018       -0.00094      
4.13507       -0.00093      
4.13996       -0.00093      
4.14484       -0.00093      
4.14973       -0.00092      
4.15462       -0.00092      
4.15950       -0.00092      
4.16439       -0.00091      
4.16928       -0.00091      
4.17416       -0.00091      
4.17905       -0.00090      
4.18394       -0.00090      
4.18882       -0.00090      
4.19371       -0.00089      
4.19860       -0.00089      
4.20348       -0.00089      
4.20837       -0.00088      
4.21326       -0.00088      
4.21814       -0.00088      
4.22303       -0.00087      
4.22792       -0.00087      
4.23280       -0.00087      
4.23769       -0.00086      
4.24258       -0.00086      
4.24746       -0.00086      
4.25235       -0.00086      
4.25724       -0.00085      
4.26212       -0.00085      
4.26701       -0.00085      
4.27190       -0.00084      
4.27678       -0.00084      
4.28167       -0.00084      
4.28656       -0.00083      
4.29144       -0.00083      
4.29633       -0.00083      
4.30122       -0.00083      
4.30610       -0.00082      
4.31099       -0.00082      
4.31587       -0.00082      
4.32076       -0.00081      
4.32565       -0.00081      
4.33053       -0.00081      
4.33542       -0.00080      
4.34031       -0.00080      
4.34519       -0.00080      
4.35008       -0.00080      
4.35497       -0.00079      
4.35985       -0.00079      
4.36474       -0.00079      
4.36963       -0.00079      
4.37451       -0.00078      
4.37940       -0.00078      
4.38429       -0.00078      
4.38917       -0.00077      
4.39406       -0.00077      
4.39895       -0.00077      
4.40383       -0.00077      
4.40872       -0.00076      
4.41361       -0.00076      
4.41849       -0.00076      
4.42338       -0.00076      
4.42827       -0.00075      
4.43315       -0.00075      
4.43804       -0.00075      
4.44293       -0.00075      
4.44781       -0.00074      
4.45270       -0.00074      
4.45759       -0.00074      
4.46247       -0.00074      
4.46736       -0.00073      
4.47225       -0.00073      
4.47713       -0.00073      
4.48202       -0.00073      
4.48691       -0.00072      
4.49179       -0.00072      
4.49668       -0.00072      
4.50157       -0.00072      
4.50645       -0.00071      
4.51134       -0.00071      
4.51623       -0.00071      
4.52111       -0.00071      
4.52600       -0.00070      
4.53089       -0.00070      
4.53577       -0.00070      
4.54066       -0.00070      
4.54555       -0.00069      
4.55043       -0.00069      
4.55532       -0.00069      
4.56021       -0.00069      
4.56509       -0.00068      
4.56998       -0.00068      
4.57487       -0.00068      
4.57975       -0.00068      
4.58464       -0.00068      
4.58952       -0.00067      
4.59441       -0.00067      
4.59930       -0.00067      
4.60418       -0.00067      
4.60907       -0.00066      
4.61396       -0.00066      
4.61884       -0.00066      
4.62373       -0.00066      
4.62862       -0.00066      
4.63350       -0.00065      
4.63839       -0.00065      
4.64328       -0.00065      
4.64816       -0.00065      
4.65305       -0.00064      
4.65794       -0.00064      
4.66282       -0.00064      
4.66771       -0.00064      
4.67260       -0.00064      
4.67748       -0.00063      
4.68237       -0.00063      
4.68726       -0.00063      
4.69214       -0.00063      
4.69703       -0.00063      
4.70192       -0.00062      
4.70680       -0.00062      
4.71169       -0.00062      
4.71658       -0.00062      
4.72146       -0.00062      
4.72635       -0.00061      
4.73124       -0.00061      
4.73612       -0.00061      
4.74101       -0.00061      
4.74590       -0.00061      
4.75078       -0.00060      
4.75567       -0.00060      
4.76056       -0.00060      
4.76544       -0.00060      
4.77033       -0.00060      
4.77522       -0.00059      
4.78010       -0.00059      
4.78499       -0.00059      
4.78988       -0.00059      
4.79476       -0.00059      
4.79965       -0.00058      
4.80454       -0.00058      
4.80942       -0.00058      
4.81431       -0.00058      
4.81920       -0.00058      
4.82408       -0.00058      
4.82897       -0.00057      
4.83386       -0.00057      
4.83874       -0.00057      
4.84363       -0.00057      
4.84852       -0.00057      
4.85340       -0.00056      
4.85829       -0.00056      
4.86317       -0.00056      
4.86806       -0.00056      
4.87295       -0.00056      
4.87783       -0.00056      
4.88272       -0.00055      
4.88761       -0.00055      
4.89249       -0.00055      
4.89738       -0.00055      
4.90227       -0.00055      
4.90715       -0.00055      
4.91204       -0.00054      
4.91693       -0.00054      
4.92181       -0.00054      
4.92670       -0.00054      
4.93159       -0.00054      
4.93647       -0.00054      
4.94136       -0.00053      
4.94625       -0.00053      
4.95113       -0.00053      
4.95602       -0.00053      
4.96091       -0.00053      
4.96579       -0.00053      
4.97068       -0.00052      
4.97557       -0.00052      
4.98045       -0.00052      
4.98534       -0.00052      
4.99023       -0.00052      
4.99511       -0.00052      
5.00000       -0.00051      
