0.00100       1000000000027966931206144.00000
0.00589       577588570138543.75000
0.01077       409124583225.63257
0.01566       4597878249.03334
0.02055       176670113.25787
0.02543       13652799.75058
0.03032       1656983.50144 
0.03521       275809.10390  
0.04009       57997.69968   
0.04498       14610.36959   
0.04987       4257.46070    
0.05475       1405.22811    
0.05964       521.77191     
0.06453       220.03283     
0.06941       108.06937     
0.07430       63.12295      
0.07919       44.39859      
0.08407       36.42944      
0.08896       32.66357      
0.09385       31.15498      
0.09873       30.63602      
0.10362       29.68930      
0.10851       27.34657      
0.11339       24.06027      
0.11828       21.06559      
0.12317       18.09775      
0.12805       15.36452      
0.13294       13.27915      
0.13783       11.61306      
0.14271       10.04844      
0.14760       8.26749       
0.15248       6.37585       
0.15737       5.02991       
0.16226       4.25743       
0.16714       3.58842       
0.17203       2.88141       
0.17692       1.99586       
0.18180       1.17700       
0.18669       0.73200       
0.19158       0.33577       
0.19646       -0.42639      
0.20135       -1.27521      
0.20624       -1.98515      
0.21112       -2.59602      
0.21601       -3.13940      
0.22090       -3.50910      
0.22578       -3.60785      
0.23067       -3.63900      
0.23556       -3.77685      
0.24044       -3.50663      
0.24533       -3.13145      
0.25022       -3.05786      
0.25510       -2.88761      
0.25999       -2.54920      
0.26488       -2.23618      
0.26976       -1.97786      
0.27465       -1.79712      
0.27954       -1.71940      
0.28442       -1.58607      
0.28931       -1.24104      
0.29420       -0.87943      
0.29908       -0.75684      
0.30397       -0.63840      
0.30886       -0.35392      
0.31374       -0.25361      
0.31863       -0.30609      
0.32352       -0.04491      
0.32840       0.29912       
0.33329       0.21453       
0.33818       0.01968       
0.34306       0.20788       
0.34795       0.60391       
0.35284       0.87004       
0.35772       0.99897       
0.36261       1.10249       
0.36750       1.21941       
0.37238       1.31349       
0.37727       1.25726       
0.38216       1.03215       
0.38704       0.78629       
0.39193       0.75883       
0.39682       0.86690       
0.40170       0.86465       
0.40659       0.77993       
0.41148       0.77906       
0.41636       0.87512       
0.42125       0.96628       
0.42613       1.00238       
0.43102       1.02779       
0.43591       1.07990       
0.44079       1.15262       
0.44568       1.18492       
0.45057       1.11662       
0.45545       0.96838       
0.46034       0.86609       
0.46523       0.70631       
0.47011       0.53561       
0.47500       0.50463       
0.47989       0.49181       
0.48477       0.33377       
0.48966       0.09314       
0.49455       0.00866       
0.49943       0.20198       
0.50432       0.50598       
0.50921       0.65870       
0.51409       0.57093       
0.51898       0.34090       
0.52387       0.11440       
0.52875       0.03222       
0.53364       0.14584       
0.53853       0.36253       
0.54341       0.55706       
0.54830       0.60275       
0.55319       0.40912       
0.55807       0.11952       
0.56296       0.02982       
0.56785       0.20752       
0.57273       0.45953       
0.57762       0.58856       
0.58251       0.51878       
0.58739       0.33846       
0.59228       0.18759       
0.59717       0.11828       
0.60205       0.14688       
0.60694       0.22191       
0.61183       0.15259       
0.61671       -0.07600      
0.62160       -0.26357      
0.62649       -0.26169      
0.63137       -0.13480      
0.63626       -0.06186      
0.64115       -0.09583      
0.64603       -0.15516      
0.65092       -0.14726      
0.65581       -0.04880      
0.66069       0.11335       
0.66558       0.23176       
0.67047       0.24388       
0.67535       0.24260       
0.68024       0.15591       
0.68513       -0.14901      
0.69001       -0.27819      
0.69490       -0.09400      
0.69978       0.08545       
0.70467       0.20768       
0.70956       0.27678       
0.71444       0.27065       
0.71933       0.31439       
0.72422       0.40899       
0.72910       0.39921       
0.73399       0.35616       
0.73888       0.40506       
0.74376       0.51850       
0.74865       0.57871       
0.75354       0.51269       
0.75842       0.32748       
0.76331       0.05330       
0.76820       -0.27133      
0.77308       -0.57958      
0.77797       -0.77776      
0.78286       -0.78315      
0.78774       -0.60464      
0.79263       -0.40875      
0.79752       -0.35839      
0.80240       -0.46409      
0.80729       -0.57635      
0.81218       -0.57624      
0.81706       -0.48065      
0.82195       -0.35006      
0.82684       -0.23823      
0.83172       -0.17614      
0.83661       -0.14543      
0.84150       -0.11612      
0.84638       -0.12188      
0.85127       -0.31939      
0.85616       -0.57129      
0.86104       -0.49562      
0.86593       -0.30404      
0.87082       -0.32653      
0.87570       -0.47258      
0.88059       -0.55092      
0.88548       -0.50122      
0.89036       -0.39510      
0.89525       -0.28135      
0.90014       -0.21587      
0.90502       -0.23689      
0.90991       -0.32079      
0.91480       -0.37517      
0.91968       -0.33282      
0.92457       -0.21701      
0.92946       -0.10088      
0.93434       -0.01359      
0.93923       0.05371       
0.94412       0.05274       
0.94900       -0.02464      
0.95389       -0.08332      
0.95878       0.00818       
0.96366       0.21515       
0.96855       0.38050       
0.97343       0.42076       
0.97832       0.39899       
0.98321       0.39582       
0.98809       0.36908       
0.99298       0.26307       
0.99787       0.16701       
1.00275       0.11427       
1.00764       -0.02992      
1.01253       -0.23944      
1.01741       -0.28879      
1.02230       -0.11263      
1.02719       0.03796       
1.03207       -0.01535      
1.03696       -0.11269      
1.04185       -0.02392      
1.04673       0.18552       
1.05162       0.37461       
1.05651       0.48096       
1.06139       0.50543       
1.06628       0.49498       
1.07117       0.48737       
1.07605       0.47489       
1.08094       0.44469       
1.08583       0.39437       
1.09071       0.34503       
1.09560       0.32088       
1.10049       0.32766       
1.10537       0.35648       
1.11026       0.37888       
1.11515       0.41012       
1.12003       0.48408       
1.12492       0.58111       
1.12981       0.62477       
1.13469       0.59053       
1.13958       0.53739       
1.14447       0.56025       
1.14935       0.69030       
1.15424       0.89112       
1.15913       1.08592       
1.16401       1.20058       
1.16890       1.17271       
1.17379       1.01079       
1.17867       0.80230       
1.18356       0.63559       
1.18845       0.52953       
1.19333       0.44462       
1.19822       0.38125       
1.20311       0.35203       
1.20799       0.34420       
1.21288       0.30447       
1.21777       0.19497       
1.22265       0.10493       
1.22754       0.13727       
1.23243       0.25294       
1.23731       0.28499       
1.24220       0.15406       
1.24709       -0.02557      
1.25197       -0.07043      
1.25686       0.03703       
1.26174       0.11762       
1.26663       0.03274       
1.27152       -0.14165      
1.27640       -0.25623      
1.28129       -0.26044      
1.28618       -0.22639      
1.29106       -0.24819      
1.29595       -0.36524      
1.30084       -0.51065      
1.30572       -0.57057      
1.31061       -0.50867      
1.31550       -0.39951      
1.32038       -0.35920      
1.32527       -0.42252      
1.33016       -0.59637      
1.33504       -0.77758      
1.33993       -0.75650      
1.34482       -0.62919      
1.34970       -0.50615      
1.35459       -0.38398      
1.35948       -0.27715      
1.36436       -0.16718      
1.36925       -0.08665      
1.37414       -0.14404      
1.37902       -0.36522      
1.38391       -0.56862      
1.38880       -0.53827      
1.39368       -0.22744      
1.39857       0.09577       
1.40346       0.20141       
1.40834       0.13239       
1.41323       -0.00657      
1.41812       -0.08811      
1.42300       -0.09879      
1.42789       -0.08900      
1.43278       -0.06166      
1.43766       0.01292       
1.44255       0.12488       
1.44744       0.16603       
1.45232       0.10054       
1.45721       0.02664       
1.46210       0.03982       
1.46698       0.12112       
1.47187       0.13735       
1.47676       0.00912       
1.48164       -0.15717      
1.48653       -0.19371      
1.49142       -0.11795      
1.49630       -0.07141      
1.50119       -0.02674      
1.50608       -0.02647      
1.51096       -0.02621      
1.51585       -0.02594      
1.52074       -0.02568      
1.52562       -0.02542      
1.53051       -0.02517      
1.53539       -0.02492      
1.54028       -0.02467      
1.54517       -0.02443      
1.55005       -0.02419      
1.55494       -0.02395      
1.55983       -0.02372      
1.56471       -0.02349      
1.56960       -0.02326      
1.57449       -0.02304      
1.57937       -0.02281      
1.58426       -0.02259      
1.58915       -0.02238      
1.59403       -0.02216      
1.59892       -0.02195      
1.60381       -0.02174      
1.60869       -0.02154      
1.61358       -0.02134      
1.61847       -0.02114      
1.62335       -0.02094      
1.62824       -0.02074      
1.63313       -0.02055      
1.63801       -0.02036      
1.64290       -0.02017      
1.64779       -0.01998      
1.65267       -0.01980      
1.65756       -0.01962      
1.66245       -0.01944      
1.66733       -0.01926      
1.67222       -0.01909      
1.67711       -0.01891      
1.68199       -0.01874      
1.68688       -0.01857      
1.69177       -0.01841      
1.69665       -0.01824      
1.70154       -0.01808      
1.70643       -0.01792      
1.71131       -0.01776      
1.71620       -0.01760      
1.72109       -0.01745      
1.72597       -0.01729      
1.73086       -0.01714      
1.73575       -0.01699      
1.74063       -0.01684      
1.74552       -0.01670      
1.75041       -0.01655      
1.75529       -0.01641      
1.76018       -0.01627      
1.76507       -0.01613      
1.76995       -0.01599      
1.77484       -0.01585      
1.77973       -0.01572      
1.78461       -0.01558      
1.78950       -0.01545      
1.79439       -0.01532      
1.79927       -0.01519      
1.80416       -0.01506      
1.80904       -0.01494      
1.81393       -0.01481      
1.81882       -0.01469      
1.82370       -0.01457      
1.82859       -0.01444      
1.83348       -0.01432      
1.83836       -0.01421      
1.84325       -0.01409      
1.84814       -0.01397      
1.85302       -0.01386      
1.85791       -0.01375      
1.86280       -0.01363      
1.86768       -0.01352      
1.87257       -0.01341      
1.87746       -0.01331      
1.88234       -0.01320      
1.88723       -0.01309      
1.89212       -0.01299      
1.89700       -0.01288      
1.90189       -0.01278      
1.90678       -0.01268      
1.91166       -0.01258      
1.91655       -0.01248      
1.92144       -0.01238      
1.92632       -0.01228      
1.93121       -0.01219      
1.93610       -0.01209      
1.94098       -0.01200      
1.94587       -0.01190      
1.95076       -0.01181      
1.95564       -0.01172      
1.96053       -0.01163      
1.96542       -0.01154      
1.97030       -0.01145      
1.97519       -0.01136      
1.98008       -0.01128      
1.98496       -0.01119      
1.98985       -0.01110      
1.99474       -0.01102      
1.99962       -0.01094      
2.00451       -0.01085      
2.00940       -0.01077      
2.01428       -0.01069      
2.01917       -0.01061      
2.02406       -0.01053      
2.02894       -0.01045      
2.03383       -0.01038      
2.03872       -0.01030      
2.04360       -0.01022      
2.04849       -0.01015      
2.05338       -0.01007      
2.05826       -0.01000      
2.06315       -0.00992      
2.06804       -0.00985      
2.07292       -0.00978      
2.07781       -0.00971      
2.08270       -0.00964      
2.08758       -0.00957      
2.09247       -0.00950      
2.09735       -0.00943      
2.10224       -0.00936      
2.10713       -0.00929      
2.11201       -0.00923      
2.11690       -0.00916      
2.12179       -0.00910      
2.12667       -0.00903      
2.13156       -0.00897      
2.13645       -0.00890      
2.14133       -0.00884      
2.14622       -0.00878      
2.15111       -0.00872      
2.15599       -0.00866      
2.16088       -0.00860      
2.16577       -0.00853      
2.17065       -0.00848      
2.17554       -0.00842      
2.18043       -0.00836      
2.18531       -0.00830      
2.19020       -0.00824      
2.19509       -0.00819      
2.19997       -0.00813      
2.20486       -0.00807      
2.20975       -0.00802      
2.21463       -0.00796      
2.21952       -0.00791      
2.22441       -0.00786      
2.22929       -0.00780      
2.23418       -0.00775      
2.23907       -0.00770      
2.24395       -0.00764      
2.24884       -0.00759      
2.25373       -0.00754      
2.25861       -0.00749      
2.26350       -0.00744      
2.26839       -0.00739      
2.27327       -0.00734      
2.27816       -0.00729      
2.28305       -0.00725      
2.28793       -0.00720      
2.29282       -0.00715      
2.29771       -0.00710      
2.30259       -0.00706      
2.30748       -0.00701      
2.31237       -0.00696      
2.31725       -0.00692      
2.32214       -0.00687      
2.32703       -0.00683      
2.33191       -0.00678      
2.33680       -0.00674      
2.34169       -0.00670      
2.34657       -0.00665      
2.35146       -0.00661      
2.35635       -0.00657      
2.36123       -0.00653      
2.36612       -0.00648      
2.37100       -0.00644      
2.37589       -0.00640      
2.38078       -0.00636      
2.38566       -0.00632      
2.39055       -0.00628      
2.39544       -0.00624      
2.40032       -0.00620      
2.40521       -0.00616      
2.41010       -0.00612      
2.41498       -0.00609      
2.41987       -0.00605      
2.42476       -0.00601      
2.42964       -0.00597      
2.43453       -0.00594      
2.43942       -0.00590      
2.44430       -0.00586      
2.44919       -0.00583      
2.45408       -0.00579      
2.45896       -0.00575      
2.46385       -0.00572      
2.46874       -0.00568      
2.47362       -0.00565      
2.47851       -0.00561      
2.48340       -0.00558      
2.48828       -0.00555      
2.49317       -0.00551      
2.49806       -0.00548      
2.50294       -0.00545      
2.50783       -0.00541      
2.51272       -0.00538      
2.51760       -0.00535      
2.52249       -0.00532      
2.52738       -0.00528      
2.53226       -0.00525      
2.53715       -0.00522      
2.54204       -0.00519      
2.54692       -0.00516      
2.55181       -0.00513      
2.55670       -0.00510      
2.56158       -0.00507      
2.56647       -0.00504      
2.57136       -0.00501      
2.57624       -0.00498      
2.58113       -0.00495      
2.58602       -0.00492      
2.59090       -0.00489      
2.59579       -0.00486      
2.60068       -0.00484      
2.60556       -0.00481      
2.61045       -0.00478      
2.61534       -0.00475      
2.62022       -0.00472      
2.62511       -0.00470      
2.63000       -0.00467      
2.63488       -0.00464      
2.63977       -0.00462      
2.64465       -0.00459      
2.64954       -0.00456      
2.65443       -0.00454      
2.65931       -0.00451      
2.66420       -0.00449      
2.66909       -0.00446      
2.67397       -0.00444      
2.67886       -0.00441      
2.68375       -0.00439      
2.68863       -0.00436      
2.69352       -0.00434      
2.69841       -0.00431      
2.70329       -0.00429      
2.70818       -0.00426      
2.71307       -0.00424      
2.71795       -0.00422      
2.72284       -0.00419      
2.72773       -0.00417      
2.73261       -0.00415      
2.73750       -0.00412      
2.74239       -0.00410      
2.74727       -0.00408      
2.75216       -0.00406      
2.75705       -0.00403      
2.76193       -0.00401      
2.76682       -0.00399      
2.77171       -0.00397      
2.77659       -0.00395      
2.78148       -0.00392      
2.78637       -0.00390      
2.79125       -0.00388      
2.79614       -0.00386      
2.80103       -0.00384      
2.80591       -0.00382      
2.81080       -0.00380      
2.81569       -0.00378      
2.82057       -0.00376      
2.82546       -0.00374      
2.83035       -0.00372      
2.83523       -0.00370      
2.84012       -0.00368      
2.84501       -0.00366      
2.84989       -0.00364      
2.85478       -0.00362      
2.85967       -0.00360      
2.86455       -0.00358      
2.86944       -0.00356      
2.87433       -0.00354      
2.87921       -0.00353      
2.88410       -0.00351      
2.88899       -0.00349      
2.89387       -0.00347      
2.89876       -0.00345      
2.90365       -0.00343      
2.90853       -0.00342      
2.91342       -0.00340      
2.91830       -0.00338      
2.92319       -0.00336      
2.92808       -0.00335      
2.93296       -0.00333      
2.93785       -0.00331      
2.94274       -0.00329      
2.94762       -0.00328      
2.95251       -0.00326      
2.95740       -0.00324      
2.96228       -0.00323      
2.96717       -0.00321      
2.97206       -0.00319      
2.97694       -0.00318      
2.98183       -0.00316      
2.98672       -0.00315      
2.99160       -0.00313      
2.99649       -0.00311      
3.00138       -0.00310      
3.00626       -0.00308      
3.01115       -0.00307      
3.01604       -0.00305      
3.02092       -0.00304      
3.02581       -0.00302      
3.03070       -0.00301      
3.03558       -0.00299      
3.04047       -0.00298      
3.04536       -0.00296      
3.05024       -0.00295      
3.05513       -0.00293      
3.06002       -0.00292      
3.06490       -0.00290      
3.06979       -0.00289      
3.07468       -0.00287      
3.07956       -0.00286      
3.08445       -0.00285      
3.08934       -0.00283      
3.09422       -0.00282      
3.09911       -0.00280      
3.10400       -0.00279      
3.10888       -0.00278      
3.11377       -0.00276      
3.11866       -0.00275      
3.12354       -0.00274      
3.12843       -0.00272      
3.13332       -0.00271      
3.13820       -0.00270      
3.14309       -0.00268      
3.14798       -0.00267      
3.15286       -0.00266      
3.15775       -0.00265      
3.16264       -0.00263      
3.16752       -0.00262      
3.17241       -0.00261      
3.17730       -0.00260      
3.18218       -0.00258      
3.18707       -0.00257      
3.19196       -0.00256      
3.19684       -0.00255      
3.20173       -0.00253      
3.20661       -0.00252      
3.21150       -0.00251      
3.21639       -0.00250      
3.22127       -0.00249      
3.22616       -0.00247      
3.23105       -0.00246      
3.23593       -0.00245      
3.24082       -0.00244      
3.24571       -0.00243      
3.25059       -0.00242      
3.25548       -0.00241      
3.26037       -0.00239      
3.26525       -0.00238      
3.27014       -0.00237      
3.27503       -0.00236      
3.27991       -0.00235      
3.28480       -0.00234      
3.28969       -0.00233      
3.29457       -0.00232      
3.29946       -0.00231      
3.30435       -0.00230      
3.30923       -0.00229      
3.31412       -0.00228      
3.31901       -0.00227      
3.32389       -0.00226      
3.32878       -0.00224      
3.33367       -0.00223      
3.33855       -0.00222      
3.34344       -0.00221      
3.34833       -0.00220      
3.35321       -0.00219      
3.35810       -0.00218      
3.36299       -0.00217      
3.36787       -0.00216      
3.37276       -0.00215      
3.37765       -0.00215      
3.38253       -0.00214      
3.38742       -0.00213      
3.39231       -0.00212      
3.39719       -0.00211      
3.40208       -0.00210      
3.40697       -0.00209      
3.41185       -0.00208      
3.41674       -0.00207      
3.42163       -0.00206      
3.42651       -0.00205      
3.43140       -0.00204      
3.43629       -0.00203      
3.44117       -0.00202      
3.44606       -0.00202      
3.45095       -0.00201      
3.45583       -0.00200      
3.46072       -0.00199      
3.46561       -0.00198      
3.47049       -0.00197      
3.47538       -0.00196      
3.48026       -0.00195      
3.48515       -0.00195      
3.49004       -0.00194      
3.49492       -0.00193      
3.49981       -0.00192      
3.50470       -0.00191      
3.50958       -0.00190      
3.51447       -0.00190      
3.51936       -0.00189      
3.52424       -0.00188      
3.52913       -0.00187      
3.53402       -0.00186      
3.53890       -0.00185      
3.54379       -0.00185      
3.54868       -0.00184      
3.55356       -0.00183      
3.55845       -0.00182      
3.56334       -0.00182      
3.56822       -0.00181      
3.57311       -0.00180      
3.57800       -0.00179      
3.58288       -0.00178      
3.58777       -0.00178      
3.59266       -0.00177      
3.59754       -0.00176      
3.60243       -0.00175      
3.60732       -0.00175      
3.61220       -0.00174      
3.61709       -0.00173      
3.62198       -0.00173      
3.62686       -0.00172      
3.63175       -0.00171      
3.63664       -0.00170      
3.64152       -0.00170      
3.64641       -0.00169      
3.65130       -0.00168      
3.65618       -0.00168      
3.66107       -0.00167      
3.66596       -0.00166      
3.67084       -0.00165      
3.67573       -0.00165      
3.68062       -0.00164      
3.68550       -0.00163      
3.69039       -0.00163      
3.69528       -0.00162      
3.70016       -0.00161      
3.70505       -0.00161      
3.70994       -0.00160      
3.71482       -0.00159      
3.71971       -0.00159      
3.72460       -0.00158      
3.72948       -0.00157      
3.73437       -0.00157      
3.73926       -0.00156      
3.74414       -0.00156      
3.74903       -0.00155      
3.75391       -0.00154      
3.75880       -0.00154      
3.76369       -0.00153      
3.76857       -0.00152      
3.77346       -0.00152      
3.77835       -0.00151      
3.78323       -0.00151      
3.78812       -0.00150      
3.79301       -0.00149      
3.79789       -0.00149      
3.80278       -0.00148      
3.80767       -0.00148      
3.81255       -0.00147      
3.81744       -0.00146      
3.82233       -0.00146      
3.82721       -0.00145      
3.83210       -0.00145      
3.83699       -0.00144      
3.84187       -0.00144      
3.84676       -0.00143      
3.85165       -0.00142      
3.85653       -0.00142      
3.86142       -0.00141      
3.86631       -0.00141      
3.87119       -0.00140      
3.87608       -0.00140      
3.88097       -0.00139      
3.88585       -0.00139      
3.89074       -0.00138      
3.89563       -0.00137      
3.90051       -0.00137      
3.90540       -0.00136      
3.91029       -0.00136      
3.91517       -0.00135      
3.92006       -0.00135      
3.92495       -0.00134      
3.92983       -0.00134      
3.93472       -0.00133      
3.93961       -0.00133      
3.94449       -0.00132      
3.94938       -0.00132      
3.95427       -0.00131      
3.95915       -0.00131      
3.96404       -0.00130      
3.96893       -0.00130      
3.97381       -0.00129      
3.97870       -0.00129      
3.98359       -0.00128      
3.98847       -0.00128      
3.99336       -0.00127      
3.99825       -0.00127      
4.00313       -0.00126      
4.00802       -0.00126      
4.01291       -0.00125      
4.01779       -0.00125      
4.02268       -0.00124      
4.02757       -0.00124      
4.03245       -0.00123      
4.03734       -0.00123      
4.04222       -0.00122      
4.04711       -0.00122      
4.05200       -0.00122      
4.05688       -0.00121      
4.06177       -0.00121      
4.06666       -0.00120      
4.07154       -0.00120      
4.07643       -0.00119      
4.08132       -0.00119      
4.08620       -0.00118      
4.09109       -0.00118      
4.09598       -0.00117      
4.10086       -0.00117      
4.10575       -0.00117      
4.11064       -0.00116      
4.11552       -0.00116      
4.12041       -0.00115      
4.12530       -0.00115      
4.13018       -0.00114      
4.13507       -0.00114      
4.13996       -0.00114      
4.14484       -0.00113      
4.14973       -0.00113      
4.15462       -0.00112      
4.15950       -0.00112      
4.16439       -0.00112      
4.16928       -0.00111      
4.17416       -0.00111      
4.17905       -0.00110      
4.18394       -0.00110      
4.18882       -0.00110      
4.19371       -0.00109      
4.19860       -0.00109      
4.20348       -0.00108      
4.20837       -0.00108      
4.21326       -0.00108      
4.21814       -0.00107      
4.22303       -0.00107      
4.22792       -0.00106      
4.23280       -0.00106      
4.23769       -0.00106      
4.24258       -0.00105      
4.24746       -0.00105      
4.25235       -0.00104      
4.25724       -0.00104      
4.26212       -0.00104      
4.26701       -0.00103      
4.27190       -0.00103      
4.27678       -0.00103      
4.28167       -0.00102      
4.28656       -0.00102      
4.29144       -0.00102      
4.29633       -0.00101      
4.30122       -0.00101      
4.30610       -0.00100      
4.31099       -0.00100      
4.31587       -0.00100      
4.32076       -0.00099      
4.32565       -0.00099      
4.33053       -0.00099      
4.33542       -0.00098      
4.34031       -0.00098      
4.34519       -0.00098      
4.35008       -0.00097      
4.35497       -0.00097      
4.35985       -0.00097      
4.36474       -0.00096      
4.36963       -0.00096      
4.37451       -0.00096      
4.37940       -0.00095      
4.38429       -0.00095      
4.38917       -0.00095      
4.39406       -0.00094      
4.39895       -0.00094      
4.40383       -0.00094      
4.40872       -0.00093      
4.41361       -0.00093      
4.41849       -0.00093      
4.42338       -0.00092      
4.42827       -0.00092      
4.43315       -0.00092      
4.43804       -0.00091      
4.44293       -0.00091      
4.44781       -0.00091      
4.45270       -0.00090      
4.45759       -0.00090      
4.46247       -0.00090      
4.46736       -0.00090      
4.47225       -0.00089      
4.47713       -0.00089      
4.48202       -0.00089      
4.48691       -0.00088      
4.49179       -0.00088      
4.49668       -0.00088      
4.50157       -0.00087      
4.50645       -0.00087      
4.51134       -0.00087      
4.51623       -0.00087      
4.52111       -0.00086      
4.52600       -0.00086      
4.53089       -0.00086      
4.53577       -0.00085      
4.54066       -0.00085      
4.54555       -0.00085      
4.55043       -0.00084      
4.55532       -0.00084      
4.56021       -0.00084      
4.56509       -0.00084      
4.56998       -0.00083      
4.57487       -0.00083      
4.57975       -0.00083      
4.58464       -0.00083      
4.58952       -0.00082      
4.59441       -0.00082      
4.59930       -0.00082      
4.60418       -0.00081      
4.60907       -0.00081      
4.61396       -0.00081      
4.61884       -0.00081      
4.62373       -0.00080      
4.62862       -0.00080      
4.63350       -0.00080      
4.63839       -0.00080      
4.64328       -0.00079      
4.64816       -0.00079      
4.65305       -0.00079      
4.65794       -0.00079      
4.66282       -0.00078      
4.66771       -0.00078      
4.67260       -0.00078      
4.67748       -0.00077      
4.68237       -0.00077      
4.68726       -0.00077      
4.69214       -0.00077      
4.69703       -0.00076      
4.70192       -0.00076      
4.70680       -0.00076      
4.71169       -0.00076      
4.71658       -0.00075      
4.72146       -0.00075      
4.72635       -0.00075      
4.73124       -0.00075      
4.73612       -0.00075      
4.74101       -0.00074      
4.74590       -0.00074      
4.75078       -0.00074      
4.75567       -0.00074      
4.76056       -0.00073      
4.76544       -0.00073      
4.77033       -0.00073      
4.77522       -0.00073      
4.78010       -0.00072      
4.78499       -0.00072      
4.78988       -0.00072      
4.79476       -0.00072      
4.79965       -0.00071      
4.80454       -0.00071      
4.80942       -0.00071      
4.81431       -0.00071      
4.81920       -0.00071      
4.82408       -0.00070      
4.82897       -0.00070      
4.83386       -0.00070      
4.83874       -0.00070      
4.84363       -0.00069      
4.84852       -0.00069      
4.85340       -0.00069      
4.85829       -0.00069      
4.86317       -0.00069      
4.86806       -0.00068      
4.87295       -0.00068      
4.87783       -0.00068      
4.88272       -0.00068      
4.88761       -0.00067      
4.89249       -0.00067      
4.89738       -0.00067      
4.90227       -0.00067      
4.90715       -0.00067      
4.91204       -0.00066      
4.91693       -0.00066      
4.92181       -0.00066      
4.92670       -0.00066      
4.93159       -0.00066      
4.93647       -0.00065      
4.94136       -0.00065      
4.94625       -0.00065      
4.95113       -0.00065      
4.95602       -0.00065      
4.96091       -0.00064      
4.96579       -0.00064      
4.97068       -0.00064      
4.97557       -0.00064      
4.98045       -0.00064      
4.98534       -0.00063      
4.99023       -0.00063      
4.99511       -0.00063      
5.00000       -0.00063      
