0.00100       1000000000027966931206144.00000
0.00589       577588570138601.62500
0.01077       409124583285.08588
0.01566       4597878306.94812
0.02055       176670166.01433
0.02543       13652848.12241
0.03032       1657027.33920 
0.03521       275848.63973  
0.04009       58033.22981   
0.04498       14642.03985   
0.04987       4285.58567    
0.05475       1429.72160    
0.05964       542.63208     
0.06453       238.35600     
0.06941       123.72568     
0.07430       77.15301      
0.07919       56.76759      
0.08407       46.47920      
0.08896       41.80517      
0.09385       38.62455      
0.09873       37.03410      
0.10362       36.21330      
0.10851       35.79084      
0.11339       35.12611      
0.11828       34.37189      
0.12317       33.39495      
0.12805       31.83663      
0.13294       29.31739      
0.13783       26.02402      
0.14271       21.63941      
0.14760       17.54205      
0.15248       14.05212      
0.15737       10.87748      
0.16226       8.43654       
0.16714       6.29097       
0.17203       4.29354       
0.17692       2.64328       
0.18180       1.25250       
0.18669       0.06801       
0.19158       -0.94379      
0.19646       -1.83310      
0.20135       -2.65106      
0.20624       -3.42371      
0.21112       -4.30847      
0.21601       -5.00754      
0.22090       -5.40703      
0.22578       -5.79192      
0.23067       -6.06079      
0.23556       -5.97989      
0.24044       -5.95552      
0.24533       -5.93552      
0.25022       -5.66108      
0.25510       -5.38151      
0.25999       -5.14690      
0.26488       -4.89527      
0.26976       -4.56675      
0.27465       -4.28951      
0.27954       -4.06877      
0.28442       -3.82731      
0.28931       -3.55735      
0.29420       -3.32930      
0.29908       -3.04767      
0.30397       -2.78047      
0.30886       -2.66273      
0.31374       -2.49564      
0.31863       -2.11641      
0.32352       -1.91475      
0.32840       -1.76053      
0.33329       -1.40941      
0.33818       -1.27243      
0.34306       -0.97396      
0.34795       -0.66112      
0.35284       -0.47076      
0.35772       -0.24836      
0.36261       0.01462       
0.36750       0.07616       
0.37238       0.03557       
0.37727       0.18986       
0.38216       0.10218       
0.38704       -0.01447      
0.39193       0.03995       
0.39682       0.05535       
0.40170       0.02820       
0.40659       0.04804       
0.41148       0.08794       
0.41636       0.13058       
0.42125       0.21088       
0.42613       0.24288       
0.43102       0.24096       
0.43591       0.28699       
0.44079       0.40076       
0.44568       0.36316       
0.45057       0.27518       
0.45545       0.36671       
0.46034       0.40155       
0.46523       0.41617       
0.47011       0.42435       
0.47500       0.28774       
0.47989       0.32210       
0.48477       0.37915       
0.48966       0.23952       
0.49455       0.20287       
0.49943       0.17915       
0.50432       0.13741       
0.50921       0.09682       
0.51409       0.09353       
0.51898       -0.08024      
0.52387       -0.18946      
0.52875       -0.04348      
0.53364       -0.12956      
0.53853       -0.24167      
0.54341       -0.30359      
0.54830       -0.37957      
0.55319       -0.38541      
0.55807       -0.35090      
0.56296       -0.45791      
0.56785       -0.58706      
0.57273       -0.54122      
0.57762       -0.50535      
0.58251       -0.54001      
0.58739       -0.59460      
0.59228       -0.63233      
0.59717       -0.60516      
0.60205       -0.54996      
0.60694       -0.53790      
0.61183       -0.56790      
0.61671       -0.49846      
0.62160       -0.40700      
0.62649       -0.41650      
0.63137       -0.44603      
0.63626       -0.41157      
0.64115       -0.37191      
0.64603       -0.35844      
0.65092       -0.33861      
0.65581       -0.32078      
0.66069       -0.29639      
0.66558       -0.25600      
0.67047       -0.24609      
0.67535       -0.28007      
0.68024       -0.26067      
0.68513       -0.14745      
0.69001       -0.07211      
0.69490       -0.11163      
0.69978       -0.14087      
0.70467       -0.08737      
0.70956       -0.04193      
0.71444       -0.05247      
0.71933       -0.05785      
0.72422       -0.01600      
0.72910       0.03868       
0.73399       0.06085       
0.73888       0.05351       
0.74376       0.03212       
0.74865       0.04498       
0.75354       0.10770       
0.75842       0.12018       
0.76331       0.04395       
0.76820       0.01480       
0.77308       0.09377       
0.77797       0.12735       
0.78286       0.10224       
0.78774       0.08157       
0.79263       0.07899       
0.79752       0.07324       
0.80240       0.03510       
0.80729       0.02767       
0.81218       0.02789       
0.81706       0.01355       
0.82195       0.02425       
0.82684       0.04041       
0.83172       -0.02122      
0.83661       -0.10322      
0.84150       -0.05150      
0.84638       0.01986       
0.85127       -0.04185      
0.85616       -0.05624      
0.86104       -0.22111      
0.86593       -0.23292      
0.87082       -0.00469      
0.87570       -0.15428      
0.88059       -0.22106      
0.88548       -0.18523      
0.89036       -0.12041      
0.89525       -0.11131      
0.90014       -0.13904      
0.90502       -0.18633      
0.90991       -0.17733      
0.91480       0.05158       
0.91968       -0.20549      
0.92457       -0.05510      
0.92946       -0.21647      
0.93434       -0.17057      
0.93923       -0.09954      
0.94412       -0.05279      
0.94900       -0.08507      
0.95389       -0.18555      
0.95878       -0.16196      
0.96366       -0.04754      
0.96855       -0.05322      
0.97343       -0.20100      
0.97832       -0.19216      
0.98321       -0.11104      
0.98809       -0.04946      
0.99298       -0.09811      
0.99787       -0.19866      
1.00275       -0.20941      
1.00764       -0.12812      
1.01253       -0.08561      
1.01741       -0.11626      
1.02230       -0.14672      
1.02719       -0.11536      
1.03207       -0.06077      
1.03696       -0.05945      
1.04185       -0.10452      
1.04673       -0.12041      
1.05162       -0.11835      
1.05651       -0.11960      
1.06139       -0.07046      
1.06628       -0.00231      
1.07117       -0.02243      
1.07605       -0.12404      
1.08094       -0.16756      
1.08583       -0.10521      
1.09071       -0.03661      
1.09560       -0.03989      
1.10049       -0.08133      
1.10537       -0.09943      
1.11026       -0.08366      
1.11515       -0.07297      
1.12003       -0.12804      
1.12492       -0.14628      
1.12981       -0.07872      
1.13469       -0.04590      
1.13958       -0.03967      
1.14447       -0.01433      
1.14935       -0.07767      
1.15424       -0.13494      
1.15913       -0.03088      
1.16401       -0.07355      
1.16890       -0.06113      
1.17379       -0.04585      
1.17867       -0.11461      
1.18356       -0.03042      
1.18845       -0.03716      
1.19333       -0.11568      
1.19822       -0.12237      
1.20311       -0.06880      
1.20799       -0.04816      
1.21288       -0.06050      
1.21777       -0.10338      
1.22265       -0.10234      
1.22754       -0.08372      
1.23243       -0.12250      
1.23731       -0.10110      
1.24220       -0.03089      
1.24709       -0.08358      
1.25197       -0.17956      
1.25686       -0.14689      
1.26174       -0.06676      
1.26663       -0.06854      
1.27152       -0.09358      
1.27640       -0.09217      
1.28129       -0.08902      
1.28618       -0.09840      
1.29106       -0.09439      
1.29595       -0.06552      
1.30084       -0.07087      
1.30572       -0.10148      
1.31061       -0.14198      
1.31550       -0.13377      
1.32038       -0.03963      
1.32527       -0.05054      
1.33016       -0.15118      
1.33504       -0.07454      
1.33993       -0.03770      
1.34482       -0.07541      
1.34970       -0.09736      
1.35459       -0.00275      
1.35948       0.06176       
1.36436       -0.11362      
1.36925       -0.19850      
1.37414       -0.02009      
1.37902       0.03338       
1.38391       -0.02628      
1.38880       -0.04127      
1.39368       -0.04263      
1.39857       -0.06672      
1.40346       -0.09311      
1.40834       -0.08493      
1.41323       -0.04396      
1.41812       -0.00843      
1.42300       -0.02663      
1.42789       -0.08311      
1.43278       -0.07272      
1.43766       0.00181       
1.44255       -0.00463      
1.44744       -0.07130      
1.45232       -0.03816      
1.45721       -0.00878      
1.46210       -0.02655      
1.46698       -0.03495      
1.47187       -0.01184      
1.47676       0.02542       
1.48164       0.01968       
1.48653       -0.04397      
1.49142       -0.05966      
1.49630       -0.03207      
1.50119       -0.02522      
1.50608       -0.02496      
1.51096       -0.02471      
1.51585       -0.02446      
1.52074       -0.02421      
1.52562       -0.02397      
1.53051       -0.02373      
1.53539       -0.02349      
1.54028       -0.02326      
1.54517       -0.02303      
1.55005       -0.02280      
1.55494       -0.02258      
1.55983       -0.02236      
1.56471       -0.02214      
1.56960       -0.02192      
1.57449       -0.02171      
1.57937       -0.02150      
1.58426       -0.02129      
1.58915       -0.02109      
1.59403       -0.02089      
1.59892       -0.02069      
1.60381       -0.02049      
1.60869       -0.02030      
1.61358       -0.02010      
1.61847       -0.01991      
1.62335       -0.01973      
1.62824       -0.01954      
1.63313       -0.01936      
1.63801       -0.01918      
1.64290       -0.01900      
1.64779       -0.01883      
1.65267       -0.01865      
1.65756       -0.01848      
1.66245       -0.01831      
1.66733       -0.01814      
1.67222       -0.01798      
1.67711       -0.01781      
1.68199       -0.01765      
1.68688       -0.01749      
1.69177       -0.01734      
1.69665       -0.01718      
1.70154       -0.01703      
1.70643       -0.01687      
1.71131       -0.01672      
1.71620       -0.01658      
1.72109       -0.01643      
1.72597       -0.01628      
1.73086       -0.01614      
1.73575       -0.01600      
1.74063       -0.01586      
1.74552       -0.01572      
1.75041       -0.01558      
1.75529       -0.01545      
1.76018       -0.01532      
1.76507       -0.01518      
1.76995       -0.01505      
1.77484       -0.01492      
1.77973       -0.01480      
1.78461       -0.01467      
1.78950       -0.01455      
1.79439       -0.01442      
1.79927       -0.01430      
1.80416       -0.01418      
1.80904       -0.01406      
1.81393       -0.01394      
1.81882       -0.01383      
1.82370       -0.01371      
1.82859       -0.01360      
1.83348       -0.01348      
1.83836       -0.01337      
1.84325       -0.01326      
1.84814       -0.01315      
1.85302       -0.01305      
1.85791       -0.01294      
1.86280       -0.01283      
1.86768       -0.01273      
1.87257       -0.01263      
1.87746       -0.01252      
1.88234       -0.01242      
1.88723       -0.01232      
1.89212       -0.01222      
1.89700       -0.01213      
1.90189       -0.01203      
1.90678       -0.01193      
1.91166       -0.01184      
1.91655       -0.01174      
1.92144       -0.01165      
1.92632       -0.01156      
1.93121       -0.01147      
1.93610       -0.01138      
1.94098       -0.01129      
1.94587       -0.01120      
1.95076       -0.01111      
1.95564       -0.01103      
1.96053       -0.01094      
1.96542       -0.01086      
1.97030       -0.01077      
1.97519       -0.01069      
1.98008       -0.01061      
1.98496       -0.01053      
1.98985       -0.01045      
1.99474       -0.01037      
1.99962       -0.01029      
2.00451       -0.01021      
2.00940       -0.01014      
2.01428       -0.01006      
2.01917       -0.00998      
2.02406       -0.00991      
2.02894       -0.00983      
2.03383       -0.00976      
2.03872       -0.00969      
2.04360       -0.00962      
2.04849       -0.00955      
2.05338       -0.00947      
2.05826       -0.00940      
2.06315       -0.00934      
2.06804       -0.00927      
2.07292       -0.00920      
2.07781       -0.00913      
2.08270       -0.00907      
2.08758       -0.00900      
2.09247       -0.00893      
2.09735       -0.00887      
2.10224       -0.00881      
2.10713       -0.00874      
2.11201       -0.00868      
2.11690       -0.00862      
2.12179       -0.00856      
2.12667       -0.00849      
2.13156       -0.00843      
2.13645       -0.00837      
2.14133       -0.00832      
2.14622       -0.00826      
2.15111       -0.00820      
2.15599       -0.00814      
2.16088       -0.00808      
2.16577       -0.00803      
2.17065       -0.00797      
2.17554       -0.00792      
2.18043       -0.00786      
2.18531       -0.00781      
2.19020       -0.00775      
2.19509       -0.00770      
2.19997       -0.00765      
2.20486       -0.00759      
2.20975       -0.00754      
2.21463       -0.00749      
2.21952       -0.00744      
2.22441       -0.00739      
2.22929       -0.00734      
2.23418       -0.00729      
2.23907       -0.00724      
2.24395       -0.00719      
2.24884       -0.00714      
2.25373       -0.00709      
2.25861       -0.00704      
2.26350       -0.00700      
2.26839       -0.00695      
2.27327       -0.00690      
2.27816       -0.00686      
2.28305       -0.00681      
2.28793       -0.00677      
2.29282       -0.00672      
2.29771       -0.00668      
2.30259       -0.00663      
2.30748       -0.00659      
2.31237       -0.00655      
2.31725       -0.00651      
2.32214       -0.00646      
2.32703       -0.00642      
2.33191       -0.00638      
2.33680       -0.00634      
2.34169       -0.00630      
2.34657       -0.00626      
2.35146       -0.00622      
2.35635       -0.00618      
2.36123       -0.00614      
2.36612       -0.00610      
2.37100       -0.00606      
2.37589       -0.00602      
2.38078       -0.00598      
2.38566       -0.00594      
2.39055       -0.00590      
2.39544       -0.00587      
2.40032       -0.00583      
2.40521       -0.00579      
2.41010       -0.00576      
2.41498       -0.00572      
2.41987       -0.00569      
2.42476       -0.00565      
2.42964       -0.00561      
2.43453       -0.00558      
2.43942       -0.00554      
2.44430       -0.00551      
2.44919       -0.00548      
2.45408       -0.00544      
2.45896       -0.00541      
2.46385       -0.00538      
2.46874       -0.00534      
2.47362       -0.00531      
2.47851       -0.00528      
2.48340       -0.00525      
2.48828       -0.00521      
2.49317       -0.00518      
2.49806       -0.00515      
2.50294       -0.00512      
2.50783       -0.00509      
2.51272       -0.00506      
2.51760       -0.00503      
2.52249       -0.00500      
2.52738       -0.00497      
2.53226       -0.00494      
2.53715       -0.00491      
2.54204       -0.00488      
2.54692       -0.00485      
2.55181       -0.00482      
2.55670       -0.00479      
2.56158       -0.00476      
2.56647       -0.00474      
2.57136       -0.00471      
2.57624       -0.00468      
2.58113       -0.00465      
2.58602       -0.00463      
2.59090       -0.00460      
2.59579       -0.00457      
2.60068       -0.00454      
2.60556       -0.00452      
2.61045       -0.00449      
2.61534       -0.00447      
2.62022       -0.00444      
2.62511       -0.00441      
2.63000       -0.00439      
2.63488       -0.00436      
2.63977       -0.00434      
2.64465       -0.00431      
2.64954       -0.00429      
2.65443       -0.00426      
2.65931       -0.00424      
2.66420       -0.00422      
2.66909       -0.00419      
2.67397       -0.00417      
2.67886       -0.00414      
2.68375       -0.00412      
2.68863       -0.00410      
2.69352       -0.00407      
2.69841       -0.00405      
2.70329       -0.00403      
2.70818       -0.00401      
2.71307       -0.00398      
2.71795       -0.00396      
2.72284       -0.00394      
2.72773       -0.00392      
2.73261       -0.00390      
2.73750       -0.00387      
2.74239       -0.00385      
2.74727       -0.00383      
2.75216       -0.00381      
2.75705       -0.00379      
2.76193       -0.00377      
2.76682       -0.00375      
2.77171       -0.00373      
2.77659       -0.00371      
2.78148       -0.00369      
2.78637       -0.00367      
2.79125       -0.00365      
2.79614       -0.00363      
2.80103       -0.00361      
2.80591       -0.00359      
2.81080       -0.00357      
2.81569       -0.00355      
2.82057       -0.00353      
2.82546       -0.00351      
2.83035       -0.00349      
2.83523       -0.00347      
2.84012       -0.00346      
2.84501       -0.00344      
2.84989       -0.00342      
2.85478       -0.00340      
2.85967       -0.00338      
2.86455       -0.00337      
2.86944       -0.00335      
2.87433       -0.00333      
2.87921       -0.00331      
2.88410       -0.00329      
2.88899       -0.00328      
2.89387       -0.00326      
2.89876       -0.00324      
2.90365       -0.00323      
2.90853       -0.00321      
2.91342       -0.00319      
2.91830       -0.00318      
2.92319       -0.00316      
2.92808       -0.00314      
2.93296       -0.00313      
2.93785       -0.00311      
2.94274       -0.00309      
2.94762       -0.00308      
2.95251       -0.00306      
2.95740       -0.00305      
2.96228       -0.00303      
2.96717       -0.00302      
2.97206       -0.00300      
2.97694       -0.00299      
2.98183       -0.00297      
2.98672       -0.00296      
2.99160       -0.00294      
2.99649       -0.00293      
3.00138       -0.00291      
3.00626       -0.00290      
3.01115       -0.00288      
3.01604       -0.00287      
3.02092       -0.00285      
3.02581       -0.00284      
3.03070       -0.00282      
3.03558       -0.00281      
3.04047       -0.00280      
3.04536       -0.00278      
3.05024       -0.00277      
3.05513       -0.00275      
3.06002       -0.00274      
3.06490       -0.00273      
3.06979       -0.00271      
3.07468       -0.00270      
3.07956       -0.00269      
3.08445       -0.00267      
3.08934       -0.00266      
3.09422       -0.00265      
3.09911       -0.00263      
3.10400       -0.00262      
3.10888       -0.00261      
3.11377       -0.00260      
3.11866       -0.00258      
3.12354       -0.00257      
3.12843       -0.00256      
3.13332       -0.00255      
3.13820       -0.00253      
3.14309       -0.00252      
3.14798       -0.00251      
3.15286       -0.00250      
3.15775       -0.00248      
3.16264       -0.00247      
3.16752       -0.00246      
3.17241       -0.00245      
3.17730       -0.00244      
3.18218       -0.00243      
3.18707       -0.00241      
3.19196       -0.00240      
3.19684       -0.00239      
3.20173       -0.00238      
3.20661       -0.00237      
3.21150       -0.00236      
3.21639       -0.00235      
3.22127       -0.00234      
3.22616       -0.00232      
3.23105       -0.00231      
3.23593       -0.00230      
3.24082       -0.00229      
3.24571       -0.00228      
3.25059       -0.00227      
3.25548       -0.00226      
3.26037       -0.00225      
3.26525       -0.00224      
3.27014       -0.00223      
3.27503       -0.00222      
3.27991       -0.00221      
3.28480       -0.00220      
3.28969       -0.00219      
3.29457       -0.00218      
3.29946       -0.00217      
3.30435       -0.00216      
3.30923       -0.00215      
3.31412       -0.00214      
3.31901       -0.00213      
3.32389       -0.00212      
3.32878       -0.00211      
3.33367       -0.00210      
3.33855       -0.00209      
3.34344       -0.00208      
3.34833       -0.00207      
3.35321       -0.00206      
3.35810       -0.00205      
3.36299       -0.00204      
3.36787       -0.00203      
3.37276       -0.00202      
3.37765       -0.00201      
3.38253       -0.00201      
3.38742       -0.00200      
3.39231       -0.00199      
3.39719       -0.00198      
3.40208       -0.00197      
3.40697       -0.00196      
3.41185       -0.00195      
3.41674       -0.00194      
3.42163       -0.00194      
3.42651       -0.00193      
3.43140       -0.00192      
3.43629       -0.00191      
3.44117       -0.00190      
3.44606       -0.00189      
3.45095       -0.00188      
3.45583       -0.00188      
3.46072       -0.00187      
3.46561       -0.00186      
3.47049       -0.00185      
3.47538       -0.00184      
3.48026       -0.00184      
3.48515       -0.00183      
3.49004       -0.00182      
3.49492       -0.00181      
3.49981       -0.00180      
3.50470       -0.00180      
3.50958       -0.00179      
3.51447       -0.00178      
3.51936       -0.00177      
3.52424       -0.00176      
3.52913       -0.00176      
3.53402       -0.00175      
3.53890       -0.00174      
3.54379       -0.00173      
3.54868       -0.00173      
3.55356       -0.00172      
3.55845       -0.00171      
3.56334       -0.00171      
3.56822       -0.00170      
3.57311       -0.00169      
3.57800       -0.00168      
3.58288       -0.00168      
3.58777       -0.00167      
3.59266       -0.00166      
3.59754       -0.00165      
3.60243       -0.00165      
3.60732       -0.00164      
3.61220       -0.00163      
3.61709       -0.00163      
3.62198       -0.00162      
3.62686       -0.00161      
3.63175       -0.00161      
3.63664       -0.00160      
3.64152       -0.00159      
3.64641       -0.00159      
3.65130       -0.00158      
3.65618       -0.00157      
3.66107       -0.00157      
3.66596       -0.00156      
3.67084       -0.00155      
3.67573       -0.00155      
3.68062       -0.00154      
3.68550       -0.00153      
3.69039       -0.00153      
3.69528       -0.00152      
3.70016       -0.00152      
3.70505       -0.00151      
3.70994       -0.00150      
3.71482       -0.00150      
3.71971       -0.00149      
3.72460       -0.00148      
3.72948       -0.00148      
3.73437       -0.00147      
3.73926       -0.00147      
3.74414       -0.00146      
3.74903       -0.00145      
3.75391       -0.00145      
3.75880       -0.00144      
3.76369       -0.00144      
3.76857       -0.00143      
3.77346       -0.00143      
3.77835       -0.00142      
3.78323       -0.00141      
3.78812       -0.00141      
3.79301       -0.00140      
3.79789       -0.00140      
3.80278       -0.00139      
3.80767       -0.00139      
3.81255       -0.00138      
3.81744       -0.00138      
3.82233       -0.00137      
3.82721       -0.00136      
3.83210       -0.00136      
3.83699       -0.00135      
3.84187       -0.00135      
3.84676       -0.00134      
3.85165       -0.00134      
3.85653       -0.00133      
3.86142       -0.00133      
3.86631       -0.00132      
3.87119       -0.00132      
3.87608       -0.00131      
3.88097       -0.00131      
3.88585       -0.00130      
3.89074       -0.00130      
3.89563       -0.00129      
3.90051       -0.00129      
3.90540       -0.00128      
3.91029       -0.00128      
3.91517       -0.00127      
3.92006       -0.00127      
3.92495       -0.00126      
3.92983       -0.00126      
3.93472       -0.00125      
3.93961       -0.00125      
3.94449       -0.00124      
3.94938       -0.00124      
3.95427       -0.00123      
3.95915       -0.00123      
3.96404       -0.00122      
3.96893       -0.00122      
3.97381       -0.00121      
3.97870       -0.00121      
3.98359       -0.00120      
3.98847       -0.00120      
3.99336       -0.00119      
3.99825       -0.00119      
4.00313       -0.00119      
4.00802       -0.00118      
4.01291       -0.00118      
4.01779       -0.00117      
4.02268       -0.00117      
4.02757       -0.00116      
4.03245       -0.00116      
4.03734       -0.00115      
4.04222       -0.00115      
4.04711       -0.00115      
4.05200       -0.00114      
4.05688       -0.00114      
4.06177       -0.00113      
4.06666       -0.00113      
4.07154       -0.00112      
4.07643       -0.00112      
4.08132       -0.00112      
4.08620       -0.00111      
4.09109       -0.00111      
4.09598       -0.00110      
4.10086       -0.00110      
4.10575       -0.00109      
4.11064       -0.00109      
4.11552       -0.00109      
4.12041       -0.00108      
4.12530       -0.00108      
4.13018       -0.00107      
4.13507       -0.00107      
4.13996       -0.00107      
4.14484       -0.00106      
4.14973       -0.00106      
4.15462       -0.00106      
4.15950       -0.00105      
4.16439       -0.00105      
4.16928       -0.00104      
4.17416       -0.00104      
4.17905       -0.00104      
4.18394       -0.00103      
4.18882       -0.00103      
4.19371       -0.00102      
4.19860       -0.00102      
4.20348       -0.00102      
4.20837       -0.00101      
4.21326       -0.00101      
4.21814       -0.00101      
4.22303       -0.00100      
4.22792       -0.00100      
4.23280       -0.00100      
4.23769       -0.00099      
4.24258       -0.00099      
4.24746       -0.00098      
4.25235       -0.00098      
4.25724       -0.00098      
4.26212       -0.00097      
4.26701       -0.00097      
4.27190       -0.00097      
4.27678       -0.00096      
4.28167       -0.00096      
4.28656       -0.00096      
4.29144       -0.00095      
4.29633       -0.00095      
4.30122       -0.00095      
4.30610       -0.00094      
4.31099       -0.00094      
4.31587       -0.00094      
4.32076       -0.00093      
4.32565       -0.00093      
4.33053       -0.00093      
4.33542       -0.00092      
4.34031       -0.00092      
4.34519       -0.00092      
4.35008       -0.00091      
4.35497       -0.00091      
4.35985       -0.00091      
4.36474       -0.00090      
4.36963       -0.00090      
4.37451       -0.00090      
4.37940       -0.00089      
4.38429       -0.00089      
4.38917       -0.00089      
4.39406       -0.00089      
4.39895       -0.00088      
4.40383       -0.00088      
4.40872       -0.00088      
4.41361       -0.00087      
4.41849       -0.00087      
4.42338       -0.00087      
4.42827       -0.00086      
4.43315       -0.00086      
4.43804       -0.00086      
4.44293       -0.00085      
4.44781       -0.00085      
4.45270       -0.00085      
4.45759       -0.00085      
4.46247       -0.00084      
4.46736       -0.00084      
4.47225       -0.00084      
4.47713       -0.00083      
4.48202       -0.00083      
4.48691       -0.00083      
4.49179       -0.00083      
4.49668       -0.00082      
4.50157       -0.00082      
4.50645       -0.00082      
4.51134       -0.00081      
4.51623       -0.00081      
4.52111       -0.00081      
4.52600       -0.00081      
4.53089       -0.00080      
4.53577       -0.00080      
4.54066       -0.00080      
4.54555       -0.00080      
4.55043       -0.00079      
4.55532       -0.00079      
4.56021       -0.00079      
4.56509       -0.00079      
4.56998       -0.00078      
4.57487       -0.00078      
4.57975       -0.00078      
4.58464       -0.00077      
4.58952       -0.00077      
4.59441       -0.00077      
4.59930       -0.00077      
4.60418       -0.00076      
4.60907       -0.00076      
4.61396       -0.00076      
4.61884       -0.00076      
4.62373       -0.00075      
4.62862       -0.00075      
4.63350       -0.00075      
4.63839       -0.00075      
4.64328       -0.00074      
4.64816       -0.00074      
4.65305       -0.00074      
4.65794       -0.00074      
4.66282       -0.00073      
4.66771       -0.00073      
4.67260       -0.00073      
4.67748       -0.00073      
4.68237       -0.00072      
4.68726       -0.00072      
4.69214       -0.00072      
4.69703       -0.00072      
4.70192       -0.00072      
4.70680       -0.00071      
4.71169       -0.00071      
4.71658       -0.00071      
4.72146       -0.00071      
4.72635       -0.00070      
4.73124       -0.00070      
4.73612       -0.00070      
4.74101       -0.00070      
4.74590       -0.00069      
4.75078       -0.00069      
4.75567       -0.00069      
4.76056       -0.00069      
4.76544       -0.00069      
4.77033       -0.00068      
4.77522       -0.00068      
4.78010       -0.00068      
4.78499       -0.00068      
4.78988       -0.00068      
4.79476       -0.00067      
4.79965       -0.00067      
4.80454       -0.00067      
4.80942       -0.00067      
4.81431       -0.00066      
4.81920       -0.00066      
4.82408       -0.00066      
4.82897       -0.00066      
4.83386       -0.00066      
4.83874       -0.00065      
4.84363       -0.00065      
4.84852       -0.00065      
4.85340       -0.00065      
4.85829       -0.00065      
4.86317       -0.00064      
4.86806       -0.00064      
4.87295       -0.00064      
4.87783       -0.00064      
4.88272       -0.00064      
4.88761       -0.00063      
4.89249       -0.00063      
4.89738       -0.00063      
4.90227       -0.00063      
4.90715       -0.00063      
4.91204       -0.00062      
4.91693       -0.00062      
4.92181       -0.00062      
4.92670       -0.00062      
4.93159       -0.00062      
4.93647       -0.00061      
4.94136       -0.00061      
4.94625       -0.00061      
4.95113       -0.00061      
4.95602       -0.00061      
4.96091       -0.00060      
4.96579       -0.00060      
4.97068       -0.00060      
4.97557       -0.00060      
4.98045       -0.00060      
4.98534       -0.00060      
4.99023       -0.00059      
4.99511       -0.00059      
5.00000       -0.00059      
