0.00100       1000000000006650740080640.00000
0.00589       577588570142764.62500
0.01077       409124583265.77264
0.01566       4597878290.09172
0.02055       176670156.05296
0.02543       13652835.90824
0.03032       1657012.67374 
0.03521       275831.74250  
0.04009       58013.49483   
0.04498       14619.84624   
0.04987       4261.47560    
0.05475       1403.02598    
0.05964       513.86109     
0.06453       207.17853     
0.06941       90.95257      
0.07430       42.60044      
0.07919       20.52328      
0.08407       9.06640       
0.08896       2.54491       
0.09385       -1.46958      
0.09873       -4.61975      
0.10362       -6.09638      
0.10851       -7.24962      
0.11339       -8.56276      
0.11828       -9.49862      
0.12317       -9.98899      
0.12805       -10.54359     
0.13294       -11.15233     
0.13783       -11.37435     
0.14271       -11.49185     
0.14760       -11.75421     
0.15248       -11.80194     
0.15737       -11.84918     
0.16226       -11.84998     
0.16714       -12.15709     
0.17203       -12.31904     
0.17692       -12.51067     
0.18180       -12.89553     
0.18669       -13.10474     
0.19158       -13.28090     
0.19646       -13.74400     
0.20135       -14.08367     
0.20624       -14.16289     
0.21112       -14.71452     
0.21601       -15.05431     
0.22090       -15.42983     
0.22578       -15.86366     
0.23067       -16.04459     
0.23556       -16.21686     
0.24044       -16.53114     
0.24533       -16.85753     
0.25022       -17.25715     
0.25510       -17.66523     
0.25999       -17.95089     
0.26488       -18.08298     
0.26976       -18.21162     
0.27465       -18.31470     
0.27954       -18.02485     
0.28442       -17.92042     
0.28931       -17.78224     
0.29420       -17.45913     
0.29908       -17.25719     
0.30397       -16.91720     
0.30886       -16.49934     
0.31374       -16.42233     
0.31863       -15.87465     
0.32352       -15.42189     
0.32840       -15.21369     
0.33329       -14.84211     
0.33818       -14.46201     
0.34306       -14.28251     
0.34795       -14.27317     
0.35284       -14.22407     
0.35772       -14.31304     
0.36261       -14.52686     
0.36750       -14.67289     
0.37238       -14.79088     
0.37727       -14.93909     
0.38216       -14.99631     
0.38704       -14.87252     
0.39193       -14.87513     
0.39682       -14.92091     
0.40170       -14.86241     
0.40659       -14.68299     
0.41148       -14.53453     
0.41636       -14.25676     
0.42125       -14.16105     
0.42613       -13.69620     
0.43102       -13.44119     
0.43591       -13.17452     
0.44079       -12.93282     
0.44568       -12.65516     
0.45057       -12.43647     
0.45545       -12.35931     
0.46034       -12.20944     
0.46523       -12.06032     
0.47011       -11.88476     
0.47500       -11.67698     
0.47989       -11.60720     
0.48477       -11.45354     
0.48966       -11.21996     
0.49455       -11.18137     
0.49943       -11.14856     
0.50432       -10.98401     
0.50921       -10.84421     
0.51409       -10.85482     
0.51898       -10.81947     
0.52387       -10.60687     
0.52875       -10.44316     
0.53364       -10.60646     
0.53853       -10.45923     
0.54341       -10.23828     
0.54830       -10.32889     
0.55319       -10.21627     
0.55807       -9.98172      
0.56296       -10.03220     
0.56785       -9.92033      
0.57273       -9.81762      
0.57762       -9.77596      
0.58251       -9.67700      
0.58739       -9.53426      
0.59228       -9.45978      
0.59717       -9.42355      
0.60205       -9.34118      
0.60694       -9.24739      
0.61183       -9.14821      
0.61671       -9.08717      
0.62160       -9.07836      
0.62649       -8.99592      
0.63137       -8.87025      
0.63626       -8.79894      
0.64115       -8.79450      
0.64603       -8.73798      
0.65092       -8.51391      
0.65581       -8.39669      
0.66069       -8.37907      
0.66558       -8.27973      
0.67047       -8.15032      
0.67535       -8.01251      
0.68024       -7.96934      
0.68513       -7.95121      
0.69001       -7.83569      
0.69490       -7.69326      
0.69978       -7.53059      
0.70467       -7.63247      
0.70956       -7.60967      
0.71444       -7.27174      
0.71933       -7.42631      
0.72422       -7.41931      
0.72910       -7.26530      
0.73399       -7.25966      
0.73888       -7.22557      
0.74376       -7.15220      
0.74865       -7.12058      
0.75354       -7.07777      
0.75842       -6.95948      
0.76331       -6.83964      
0.76820       -6.91818      
0.77308       -6.93003      
0.77797       -6.75108      
0.78286       -6.65787      
0.78774       -6.70430      
0.79263       -6.71027      
0.79752       -6.54486      
0.80240       -6.44412      
0.80729       -6.52932      
0.81218       -6.53266      
0.81706       -6.38268      
0.82195       -6.36817      
0.82684       -6.41948      
0.83172       -6.32670      
0.83661       -6.21860      
0.84150       -6.19448      
0.84638       -6.20087      
0.85127       -6.18478      
0.85616       -6.11544      
0.86104       -6.02118      
0.86593       -6.00181      
0.87082       -6.04781      
0.87570       -5.89104      
0.88059       -5.81349      
0.88548       -5.87127      
0.89036       -5.82645      
0.89525       -5.71249      
0.90014       -5.69855      
0.90502       -5.67463      
0.90991       -5.63430      
0.91480       -5.55168      
0.91968       -5.53160      
0.92457       -5.65372      
0.92946       -5.60104      
0.93434       -5.38888      
0.93923       -5.36304      
0.94412       -5.42139      
0.94900       -5.33001      
0.95389       -5.15799      
0.95878       -5.14485      
0.96366       -5.25058      
0.96855       -5.12366      
0.97343       -5.02396      
0.97832       -5.05862      
0.98321       -5.01174      
0.98809       -5.05487      
0.99298       -5.04271      
0.99787       -4.87977      
1.00275       -4.87363      
1.00764       -4.90990      
1.01253       -4.85286      
1.01741       -4.82970      
1.02230       -4.83847      
1.02719       -4.85370      
1.03207       -4.85492      
1.03696       -4.79783      
1.04185       -4.66389      
1.04673       -4.71695      
1.05162       -4.68035      
1.05651       -4.56272      
1.06139       -4.61010      
1.06628       -4.57888      
1.07117       -4.50291      
1.07605       -4.43369      
1.08094       -4.49133      
1.08583       -4.54007      
1.09071       -4.38601      
1.09560       -4.32520      
1.10049       -4.37051      
1.10537       -4.27179      
1.11026       -4.21831      
1.11515       -4.29267      
1.12003       -4.17341      
1.12492       -4.07485      
1.12981       -4.16817      
1.13469       -4.19254      
1.13958       -4.04102      
1.14447       -3.97539      
1.14935       -3.99974      
1.15424       -3.96933      
1.15913       -3.94212      
1.16401       -3.98340      
1.16890       -3.90114      
1.17379       -3.84675      
1.17867       -3.85231      
1.18356       -3.84288      
1.18845       -3.83452      
1.19333       -3.81782      
1.19822       -3.75325      
1.20311       -3.69188      
1.20799       -3.69496      
1.21288       -3.70559      
1.21777       -3.60982      
1.22265       -3.53339      
1.22754       -3.57605      
1.23243       -3.61987      
1.23731       -3.56758      
1.24220       -3.55240      
1.24709       -3.54172      
1.25197       -3.45554      
1.25686       -3.43351      
1.26174       -3.43833      
1.26663       -3.41254      
1.27152       -3.42179      
1.27640       -3.39685      
1.28129       -3.32851      
1.28618       -3.28374      
1.29106       -3.29060      
1.29595       -3.28235      
1.30084       -3.23142      
1.30572       -3.21456      
1.31061       -3.21756      
1.31550       -3.14442      
1.32038       -3.12110      
1.32527       -3.20324      
1.33016       -3.21214      
1.33504       -3.11771      
1.33993       -3.10156      
1.34482       -3.10518      
1.34970       -3.04443      
1.35459       -2.99740      
1.35948       -2.93234      
1.36436       -2.94590      
1.36925       -2.98141      
1.37414       -2.95473      
1.37902       -2.96352      
1.38391       -2.78973      
1.38880       -2.88920      
1.39368       -2.90657      
1.39857       -2.81355      
1.40346       -2.81510      
1.40834       -2.83169      
1.41323       -2.80197      
1.41812       -2.67004      
1.42300       -2.71319      
1.42789       -2.77228      
1.43278       -2.64597      
1.43766       -2.66661      
1.44255       -2.72362      
1.44744       -2.65088      
1.45232       -2.63514      
1.45721       -2.64381      
1.46210       -2.61803      
1.46698       -2.57951      
1.47187       -2.54215      
1.47676       -2.55307      
1.48164       -2.56824      
1.48653       -2.50868      
1.49142       -2.51349      
1.49630       -2.54850      
1.50119       -2.49289      
1.50608       -2.47634      
1.51096       -2.45989      
1.51585       -2.44355      
1.52074       -2.42733      
1.52562       -2.41121      
1.53051       -2.39520      
1.53539       -2.37929      
1.54028       -2.36350      
1.54517       -2.34781      
1.55005       -2.33222      
1.55494       -2.31674      
1.55983       -2.30136      
1.56471       -2.28608      
1.56960       -2.27091      
1.57449       -2.25584      
1.57937       -2.24087      
1.58426       -2.22600      
1.58915       -2.21122      
1.59403       -2.19655      
1.59892       -2.18198      
1.60381       -2.16750      
1.60869       -2.15312      
1.61358       -2.13883      
1.61847       -2.12464      
1.62335       -2.11055      
1.62824       -2.09655      
1.63313       -2.08264      
1.63801       -2.06883      
1.64290       -2.05510      
1.64779       -2.04147      
1.65267       -2.02794      
1.65756       -2.01449      
1.66245       -2.00113      
1.66733       -1.98786      
1.67222       -1.97468      
1.67711       -1.96158      
1.68199       -1.94858      
1.68688       -1.93566      
1.69177       -1.92282      
1.69665       -1.91008      
1.70154       -1.89741      
1.70643       -1.88484      
1.71131       -1.87234      
1.71620       -1.85993      
1.72109       -1.84760      
1.72597       -1.83536      
1.73086       -1.82319      
1.73575       -1.81111      
1.74063       -1.79911      
1.74552       -1.78719      
1.75041       -1.77534      
1.75529       -1.76358      
1.76018       -1.75190      
1.76507       -1.74029      
1.76995       -1.72876      
1.77484       -1.71730      
1.77973       -1.70593      
1.78461       -1.69463      
1.78950       -1.68340      
1.79439       -1.67225      
1.79927       -1.66117      
1.80416       -1.65017      
1.80904       -1.63924      
1.81393       -1.62838      
1.81882       -1.61760      
1.82370       -1.60688      
1.82859       -1.59624      
1.83348       -1.58567      
1.83836       -1.57517      
1.84325       -1.56474      
1.84814       -1.55438      
1.85302       -1.54409      
1.85791       -1.53387      
1.86280       -1.52371      
1.86768       -1.51362      
1.87257       -1.50360      
1.87746       -1.49365      
1.88234       -1.48376      
1.88723       -1.47394      
1.89212       -1.46418      
1.89700       -1.45449      
1.90189       -1.44486      
1.90678       -1.43530      
1.91166       -1.42580      
1.91655       -1.41637      
1.92144       -1.40699      
1.92632       -1.39768      
1.93121       -1.38843      
1.93610       -1.37924      
1.94098       -1.37012      
1.94587       -1.36105      
1.95076       -1.35205      
1.95564       -1.34310      
1.96053       -1.33422      
1.96542       -1.32539      
1.97030       -1.31662      
1.97519       -1.30791      
1.98008       -1.29926      
1.98496       -1.29066      
1.98985       -1.28213      
1.99474       -1.27365      
1.99962       -1.26522      
2.00451       -1.25685      
2.00940       -1.24854      
2.01428       -1.24028      
2.01917       -1.23208      
2.02406       -1.22393      
2.02894       -1.21584      
2.03383       -1.20780      
2.03872       -1.19981      
2.04360       -1.19188      
2.04849       -1.18400      
2.05338       -1.17617      
2.05826       -1.16839      
2.06315       -1.16067      
2.06804       -1.15299      
2.07292       -1.14537      
2.07781       -1.13780      
2.08270       -1.13028      
2.08758       -1.12281      
2.09247       -1.11538      
2.09735       -1.10801      
2.10224       -1.10069      
2.10713       -1.09341      
2.11201       -1.08619      
2.11690       -1.07901      
2.12179       -1.07188      
2.12667       -1.06479      
2.13156       -1.05776      
2.13645       -1.05077      
2.14133       -1.04382      
2.14622       -1.03692      
2.15111       -1.03007      
2.15599       -1.02327      
2.16088       -1.01651      
2.16577       -1.00979      
2.17065       -1.00312      
2.17554       -0.99649      
2.18043       -0.98991      
2.18531       -0.98337      
2.19020       -0.97687      
2.19509       -0.97042      
2.19997       -0.96401      
2.20486       -0.95764      
2.20975       -0.95131      
2.21463       -0.94503      
2.21952       -0.93879      
2.22441       -0.93259      
2.22929       -0.92643      
2.23418       -0.92031      
2.23907       -0.91423      
2.24395       -0.90820      
2.24884       -0.90220      
2.25373       -0.89624      
2.25861       -0.89032      
2.26350       -0.88444      
2.26839       -0.87860      
2.27327       -0.87280      
2.27816       -0.86704      
2.28305       -0.86131      
2.28793       -0.85563      
2.29282       -0.84998      
2.29771       -0.84437      
2.30259       -0.83879      
2.30748       -0.83326      
2.31237       -0.82776      
2.31725       -0.82229      
2.32214       -0.81686      
2.32703       -0.81147      
2.33191       -0.80612      
2.33680       -0.80080      
2.34169       -0.79551      
2.34657       -0.79026      
2.35146       -0.78504      
2.35635       -0.77986      
2.36123       -0.77472      
2.36612       -0.76960      
2.37100       -0.76453      
2.37589       -0.75948      
2.38078       -0.75447      
2.38566       -0.74949      
2.39055       -0.74455      
2.39544       -0.73963      
2.40032       -0.73475      
2.40521       -0.72991      
2.41010       -0.72509      
2.41498       -0.72031      
2.41987       -0.71555      
2.42476       -0.71083      
2.42964       -0.70615      
2.43453       -0.70149      
2.43942       -0.69686      
2.44430       -0.69226      
2.44919       -0.68770      
2.45408       -0.68316      
2.45896       -0.67866      
2.46385       -0.67418      
2.46874       -0.66973      
2.47362       -0.66532      
2.47851       -0.66093      
2.48340       -0.65657      
2.48828       -0.65224      
2.49317       -0.64794      
2.49806       -0.64367      
2.50294       -0.63942      
2.50783       -0.63521      
2.51272       -0.63102      
2.51760       -0.62686      
2.52249       -0.62272      
2.52738       -0.61862      
2.53226       -0.61454      
2.53715       -0.61049      
2.54204       -0.60646      
2.54692       -0.60247      
2.55181       -0.59849      
2.55670       -0.59455      
2.56158       -0.59063      
2.56647       -0.58674      
2.57136       -0.58287      
2.57624       -0.57903      
2.58113       -0.57521      
2.58602       -0.57142      
2.59090       -0.56765      
2.59579       -0.56391      
2.60068       -0.56020      
2.60556       -0.55650      
2.61045       -0.55284      
2.61534       -0.54919      
2.62022       -0.54557      
2.62511       -0.54198      
2.63000       -0.53841      
2.63488       -0.53486      
2.63977       -0.53134      
2.64465       -0.52783      
2.64954       -0.52436      
2.65443       -0.52090      
2.65931       -0.51747      
2.66420       -0.51406      
2.66909       -0.51067      
2.67397       -0.50731      
2.67886       -0.50397      
2.68375       -0.50065      
2.68863       -0.49735      
2.69352       -0.49407      
2.69841       -0.49082      
2.70329       -0.48759      
2.70818       -0.48438      
2.71307       -0.48119      
2.71795       -0.47802      
2.72284       -0.47487      
2.72773       -0.47174      
2.73261       -0.46863      
2.73750       -0.46555      
2.74239       -0.46248      
2.74727       -0.45944      
2.75216       -0.45641      
2.75705       -0.45341      
2.76193       -0.45042      
2.76682       -0.44745      
2.77171       -0.44451      
2.77659       -0.44158      
2.78148       -0.43867      
2.78637       -0.43579      
2.79125       -0.43292      
2.79614       -0.43007      
2.80103       -0.42723      
2.80591       -0.42442      
2.81080       -0.42163      
2.81569       -0.41885      
2.82057       -0.41610      
2.82546       -0.41336      
2.83035       -0.41064      
2.83523       -0.40793      
2.84012       -0.40525      
2.84501       -0.40258      
2.84989       -0.39993      
2.85478       -0.39730      
2.85967       -0.39468      
2.86455       -0.39209      
2.86944       -0.38951      
2.87433       -0.38694      
2.87921       -0.38440      
2.88410       -0.38187      
2.88899       -0.37935      
2.89387       -0.37686      
2.89876       -0.37438      
2.90365       -0.37192      
2.90853       -0.36947      
2.91342       -0.36704      
2.91830       -0.36462      
2.92319       -0.36222      
2.92808       -0.35984      
2.93296       -0.35747      
2.93785       -0.35512      
2.94274       -0.35279      
2.94762       -0.35046      
2.95251       -0.34816      
2.95740       -0.34587      
2.96228       -0.34359      
2.96717       -0.34133      
2.97206       -0.33909      
2.97694       -0.33686      
2.98183       -0.33464      
2.98672       -0.33244      
2.99160       -0.33026      
2.99649       -0.32808      
3.00138       -0.32593      
3.00626       -0.32378      
3.01115       -0.32165      
3.01604       -0.31954      
3.02092       -0.31744      
3.02581       -0.31535      
3.03070       -0.31328      
3.03558       -0.31122      
3.04047       -0.30917      
3.04536       -0.30714      
3.05024       -0.30512      
3.05513       -0.30311      
3.06002       -0.30112      
3.06490       -0.29914      
3.06979       -0.29717      
3.07468       -0.29522      
3.07956       -0.29328      
3.08445       -0.29135      
3.08934       -0.28943      
3.09422       -0.28753      
3.09911       -0.28564      
3.10400       -0.28376      
3.10888       -0.28190      
3.11377       -0.28005      
3.11866       -0.27821      
3.12354       -0.27638      
3.12843       -0.27456      
3.13332       -0.27276      
3.13820       -0.27096      
3.14309       -0.26918      
3.14798       -0.26741      
3.15286       -0.26566      
3.15775       -0.26391      
3.16264       -0.26218      
3.16752       -0.26045      
3.17241       -0.25874      
3.17730       -0.25704      
3.18218       -0.25535      
3.18707       -0.25368      
3.19196       -0.25201      
3.19684       -0.25035      
3.20173       -0.24871      
3.20661       -0.24707      
3.21150       -0.24545      
3.21639       -0.24384      
3.22127       -0.24224      
3.22616       -0.24065      
3.23105       -0.23906      
3.23593       -0.23749      
3.24082       -0.23593      
3.24571       -0.23438      
3.25059       -0.23285      
3.25548       -0.23132      
3.26037       -0.22980      
3.26525       -0.22829      
3.27014       -0.22679      
3.27503       -0.22530      
3.27991       -0.22382      
3.28480       -0.22235      
3.28969       -0.22089      
3.29457       -0.21944      
3.29946       -0.21800      
3.30435       -0.21657      
3.30923       -0.21514      
3.31412       -0.21373      
3.31901       -0.21233      
3.32389       -0.21093      
3.32878       -0.20955      
3.33367       -0.20817      
3.33855       -0.20681      
3.34344       -0.20545      
3.34833       -0.20410      
3.35321       -0.20276      
3.35810       -0.20143      
3.36299       -0.20011      
3.36787       -0.19879      
3.37276       -0.19749      
3.37765       -0.19619      
3.38253       -0.19490      
3.38742       -0.19362      
3.39231       -0.19235      
3.39719       -0.19109      
3.40208       -0.18984      
3.40697       -0.18859      
3.41185       -0.18735      
3.41674       -0.18612      
3.42163       -0.18490      
3.42651       -0.18369      
3.43140       -0.18248      
3.43629       -0.18129      
3.44117       -0.18010      
3.44606       -0.17891      
3.45095       -0.17774      
3.45583       -0.17657      
3.46072       -0.17542      
3.46561       -0.17426      
3.47049       -0.17312      
3.47538       -0.17199      
3.48026       -0.17086      
3.48515       -0.16974      
3.49004       -0.16862      
3.49492       -0.16752      
3.49981       -0.16642      
3.50470       -0.16533      
3.50958       -0.16424      
3.51447       -0.16316      
3.51936       -0.16209      
3.52424       -0.16103      
3.52913       -0.15997      
3.53402       -0.15892      
3.53890       -0.15788      
3.54379       -0.15685      
3.54868       -0.15582      
3.55356       -0.15480      
3.55845       -0.15378      
3.56334       -0.15277      
3.56822       -0.15177      
3.57311       -0.15078      
3.57800       -0.14979      
3.58288       -0.14880      
3.58777       -0.14783      
3.59266       -0.14686      
3.59754       -0.14590      
3.60243       -0.14494      
3.60732       -0.14399      
3.61220       -0.14304      
3.61709       -0.14211      
3.62198       -0.14118      
3.62686       -0.14025      
3.63175       -0.13933      
3.63664       -0.13842      
3.64152       -0.13751      
3.64641       -0.13661      
3.65130       -0.13571      
3.65618       -0.13482      
3.66107       -0.13394      
3.66596       -0.13306      
3.67084       -0.13219      
3.67573       -0.13132      
3.68062       -0.13046      
3.68550       -0.12961      
3.69039       -0.12876      
3.69528       -0.12791      
3.70016       -0.12708      
3.70505       -0.12624      
3.70994       -0.12541      
3.71482       -0.12459      
3.71971       -0.12378      
3.72460       -0.12297      
3.72948       -0.12216      
3.73437       -0.12136      
3.73926       -0.12056      
3.74414       -0.11977      
3.74903       -0.11899      
3.75391       -0.11821      
3.75880       -0.11744      
3.76369       -0.11667      
3.76857       -0.11590      
3.77346       -0.11514      
3.77835       -0.11439      
3.78323       -0.11364      
3.78812       -0.11289      
3.79301       -0.11215      
3.79789       -0.11142      
3.80278       -0.11069      
3.80767       -0.10996      
3.81255       -0.10924      
3.81744       -0.10853      
3.82233       -0.10782      
3.82721       -0.10711      
3.83210       -0.10641      
3.83699       -0.10571      
3.84187       -0.10502      
3.84676       -0.10433      
3.85165       -0.10365      
3.85653       -0.10297      
3.86142       -0.10230      
3.86631       -0.10163      
3.87119       -0.10096      
3.87608       -0.10030      
3.88097       -0.09964      
3.88585       -0.09899      
3.89074       -0.09834      
3.89563       -0.09770      
3.90051       -0.09706      
3.90540       -0.09642      
3.91029       -0.09579      
3.91517       -0.09517      
3.92006       -0.09454      
3.92495       -0.09392      
3.92983       -0.09331      
3.93472       -0.09270      
3.93961       -0.09209      
3.94449       -0.09149      
3.94938       -0.09089      
3.95427       -0.09029      
3.95915       -0.08970      
3.96404       -0.08912      
3.96893       -0.08853      
3.97381       -0.08795      
3.97870       -0.08738      
3.98359       -0.08681      
3.98847       -0.08624      
3.99336       -0.08567      
3.99825       -0.08511      
4.00313       -0.08456      
4.00802       -0.08400      
4.01291       -0.08345      
4.01779       -0.08291      
4.02268       -0.08236      
4.02757       -0.08182      
4.03245       -0.08129      
4.03734       -0.08076      
4.04222       -0.08023      
4.04711       -0.07970      
4.05200       -0.07918      
4.05688       -0.07866      
4.06177       -0.07815      
4.06666       -0.07764      
4.07154       -0.07713      
4.07643       -0.07663      
4.08132       -0.07613      
4.08620       -0.07563      
4.09109       -0.07513      
4.09598       -0.07464      
4.10086       -0.07415      
4.10575       -0.07367      
4.11064       -0.07319      
4.11552       -0.07271      
4.12041       -0.07223      
4.12530       -0.07176      
4.13018       -0.07129      
4.13507       -0.07082      
4.13996       -0.07036      
4.14484       -0.06990      
4.14973       -0.06944      
4.15462       -0.06899      
4.15950       -0.06854      
4.16439       -0.06809      
4.16928       -0.06764      
4.17416       -0.06720      
4.17905       -0.06676      
4.18394       -0.06633      
4.18882       -0.06589      
4.19371       -0.06546      
4.19860       -0.06503      
4.20348       -0.06461      
4.20837       -0.06419      
4.21326       -0.06377      
4.21814       -0.06335      
4.22303       -0.06294      
4.22792       -0.06252      
4.23280       -0.06212      
4.23769       -0.06171      
4.24258       -0.06131      
4.24746       -0.06091      
4.25235       -0.06051      
4.25724       -0.06011      
4.26212       -0.05972      
4.26701       -0.05933      
4.27190       -0.05894      
4.27678       -0.05856      
4.28167       -0.05817      
4.28656       -0.05779      
4.29144       -0.05742      
4.29633       -0.05704      
4.30122       -0.05667      
4.30610       -0.05630      
4.31099       -0.05593      
4.31587       -0.05556      
4.32076       -0.05520      
4.32565       -0.05484      
4.33053       -0.05448      
4.33542       -0.05413      
4.34031       -0.05377      
4.34519       -0.05342      
4.35008       -0.05307      
4.35497       -0.05273      
4.35985       -0.05238      
4.36474       -0.05204      
4.36963       -0.05170      
4.37451       -0.05136      
4.37940       -0.05103      
4.38429       -0.05069      
4.38917       -0.05036      
4.39406       -0.05003      
4.39895       -0.04971      
4.40383       -0.04938      
4.40872       -0.04906      
4.41361       -0.04874      
4.41849       -0.04842      
4.42338       -0.04810      
4.42827       -0.04779      
4.43315       -0.04748      
4.43804       -0.04717      
4.44293       -0.04686      
4.44781       -0.04655      
4.45270       -0.04625      
4.45759       -0.04595      
4.46247       -0.04565      
4.46736       -0.04535      
4.47225       -0.04505      
4.47713       -0.04476      
4.48202       -0.04447      
4.48691       -0.04418      
4.49179       -0.04389      
4.49668       -0.04360      
4.50157       -0.04332      
4.50645       -0.04303      
4.51134       -0.04275      
4.51623       -0.04247      
4.52111       -0.04220      
4.52600       -0.04192      
4.53089       -0.04165      
4.53577       -0.04138      
4.54066       -0.04111      
4.54555       -0.04084      
4.55043       -0.04057      
4.55532       -0.04031      
4.56021       -0.04004      
4.56509       -0.03978      
4.56998       -0.03952      
4.57487       -0.03926      
4.57975       -0.03901      
4.58464       -0.03875      
4.58952       -0.03850      
4.59441       -0.03825      
4.59930       -0.03800      
4.60418       -0.03775      
4.60907       -0.03751      
4.61396       -0.03726      
4.61884       -0.03702      
4.62373       -0.03678      
4.62862       -0.03654      
4.63350       -0.03630      
4.63839       -0.03606      
4.64328       -0.03583      
4.64816       -0.03559      
4.65305       -0.03536      
4.65794       -0.03513      
4.66282       -0.03490      
4.66771       -0.03467      
4.67260       -0.03445      
4.67748       -0.03422      
4.68237       -0.03400      
4.68726       -0.03378      
4.69214       -0.03356      
4.69703       -0.03334      
4.70192       -0.03312      
4.70680       -0.03290      
4.71169       -0.03269      
4.71658       -0.03248      
4.72146       -0.03227      
4.72635       -0.03206      
4.73124       -0.03185      
4.73612       -0.03164      
4.74101       -0.03143      
4.74590       -0.03123      
4.75078       -0.03102      
4.75567       -0.03082      
4.76056       -0.03062      
4.76544       -0.03042      
4.77033       -0.03022      
4.77522       -0.03003      
4.78010       -0.02983      
4.78499       -0.02964      
4.78988       -0.02944      
4.79476       -0.02925      
4.79965       -0.02906      
4.80454       -0.02887      
4.80942       -0.02868      
4.81431       -0.02850      
4.81920       -0.02831      
4.82408       -0.02812      
4.82897       -0.02794      
4.83386       -0.02776      
4.83874       -0.02758      
4.84363       -0.02740      
4.84852       -0.02722      
4.85340       -0.02704      
4.85829       -0.02687      
4.86317       -0.02669      
4.86806       -0.02652      
4.87295       -0.02635      
4.87783       -0.02617      
4.88272       -0.02600      
4.88761       -0.02583      
4.89249       -0.02567      
4.89738       -0.02550      
4.90227       -0.02533      
4.90715       -0.02517      
4.91204       -0.02500      
4.91693       -0.02484      
4.92181       -0.02468      
4.92670       -0.02452      
4.93159       -0.02436      
4.93647       -0.02420      
4.94136       -0.02404      
4.94625       -0.02389      
4.95113       -0.02373      
4.95602       -0.02358      
4.96091       -0.02342      
4.96579       -0.02327      
4.97068       -0.02312      
4.97557       -0.02297      
4.98045       -0.02282      
4.98534       -0.02267      
4.99023       -0.02252      
4.99511       -0.02237      
5.00000       -0.02223      
