0.00100       1000000000006650740080640.00000
0.00589       577588570142764.62500
0.01077       409124583265.71729
0.01566       4597878290.03695
0.02055       176670154.44744
0.02543       13652836.79983
0.03032       1657016.25833 
0.03521       275837.44882  
0.04009       58021.25485   
0.04498       14629.79150   
0.04987       4272.36039    
0.05475       1415.42091    
0.05964       527.14400     
0.06453       220.88189     
0.06941       104.74995     
0.07430       56.59288      
0.07919       34.02739      
0.08407       22.15168      
0.08896       15.29223      
0.09385       10.65292      
0.09873       7.02396       
0.10362       4.74639       
0.10851       3.05795       
0.11339       1.04325       
0.11828       -0.33031      
0.12317       -1.41981      
0.12805       -2.46790      
0.13294       -3.20418      
0.13783       -3.78266      
0.14271       -4.27204      
0.14760       -4.53902      
0.15248       -4.83366      
0.15737       -4.93774      
0.16226       -5.15342      
0.16714       -5.58759      
0.17203       -6.25234      
0.17692       -7.33517      
0.18180       -8.47984      
0.18669       -10.05037     
0.19158       -11.44858     
0.19646       -12.94882     
0.20135       -14.51170     
0.20624       -15.66939     
0.21112       -16.59268     
0.21601       -17.54465     
0.22090       -18.07175     
0.22578       -18.34642     
0.23067       -18.73081     
0.23556       -18.97531     
0.24044       -19.14461     
0.24533       -19.37249     
0.25022       -19.71603     
0.25510       -20.23870     
0.25999       -20.89929     
0.26488       -21.51618     
0.26976       -22.00420     
0.27465       -22.52752     
0.27954       -22.71130     
0.28442       -22.67581     
0.28931       -22.75937     
0.29420       -22.64767     
0.29908       -22.40689     
0.30397       -22.14028     
0.30886       -21.83731     
0.31374       -21.59856     
0.31863       -21.24662     
0.32352       -20.70466     
0.32840       -20.37116     
0.33329       -20.16516     
0.33818       -19.64590     
0.34306       -19.20535     
0.34795       -18.91574     
0.35284       -18.53070     
0.35772       -18.06829     
0.36261       -17.65536     
0.36750       -17.28872     
0.37238       -16.89489     
0.37727       -16.50723     
0.38216       -16.25609     
0.38704       -16.01167     
0.39193       -15.77440     
0.39682       -15.64136     
0.40170       -15.47126     
0.40659       -15.26985     
0.41148       -15.07341     
0.41636       -14.89219     
0.42125       -14.69834     
0.42613       -14.46497     
0.43102       -14.26480     
0.43591       -14.05873     
0.44079       -13.83257     
0.44568       -13.69071     
0.45057       -13.53777     
0.45545       -13.37367     
0.46034       -13.22898     
0.46523       -13.06324     
0.47011       -12.88393     
0.47500       -12.72931     
0.47989       -12.57849     
0.48477       -12.41977     
0.48966       -12.25703     
0.49455       -12.11640     
0.49943       -11.98341     
0.50432       -11.84666     
0.50921       -11.68827     
0.51409       -11.57777     
0.51898       -11.54292     
0.52387       -11.43786     
0.52875       -11.27098     
0.53364       -11.18089     
0.53853       -11.13065     
0.54341       -11.07140     
0.54830       -10.98740     
0.55319       -10.94168     
0.55807       -10.90136     
0.56296       -10.84708     
0.56785       -10.74307     
0.57273       -10.67753     
0.57762       -10.62733     
0.58251       -10.59947     
0.58739       -10.50657     
0.59228       -10.36082     
0.59717       -10.33131     
0.60205       -10.30572     
0.60694       -10.17983     
0.61183       -10.06352     
0.61671       -9.98488      
0.62160       -9.87217      
0.62649       -9.75272      
0.63137       -9.65148      
0.63626       -9.57328      
0.64115       -9.47386      
0.64603       -9.34962      
0.65092       -9.20635      
0.65581       -9.11598      
0.66069       -9.05909      
0.66558       -8.93713      
0.67047       -8.79447      
0.67535       -8.70981      
0.68024       -8.66964      
0.68513       -8.56877      
0.69001       -8.43227      
0.69490       -8.36289      
0.69978       -8.28943      
0.70467       -8.16237      
0.70956       -8.14061      
0.71444       -8.13566      
0.71933       -8.02975      
0.72422       -7.85289      
0.72910       -7.78912      
0.73399       -7.88851      
0.73888       -7.77646      
0.74376       -7.61344      
0.74865       -7.62066      
0.75354       -7.58147      
0.75842       -7.48616      
0.76331       -7.45144      
0.76820       -7.41430      
0.77308       -7.35613      
0.77797       -7.32425      
0.78286       -7.23331      
0.78774       -7.13705      
0.79263       -7.14827      
0.79752       -7.16108      
0.80240       -7.07532      
0.80729       -6.97796      
0.81218       -6.90402      
0.81706       -6.86468      
0.82195       -6.85223      
0.82684       -6.82932      
0.83172       -6.75578      
0.83661       -6.69445      
0.84150       -6.69001      
0.84638       -6.66298      
0.85127       -6.57944      
0.85616       -6.53629      
0.86104       -6.47699      
0.86593       -6.41976      
0.87082       -6.42436      
0.87570       -6.37856      
0.88059       -6.23511      
0.88548       -6.19052      
0.89036       -6.22170      
0.89525       -6.14115      
0.90014       -6.07760      
0.90502       -6.04683      
0.90991       -6.00492      
0.91480       -5.94787      
0.91968       -5.87847      
0.92457       -5.84287      
0.92946       -5.82770      
0.93434       -5.81122      
0.93923       -5.77192      
0.94412       -5.69235      
0.94900       -5.63014      
0.95389       -5.61885      
0.95878       -5.60038      
0.96366       -5.57142      
0.96855       -5.56144      
0.97343       -5.52898      
0.97832       -5.47228      
0.98321       -5.43714      
0.98809       -5.38489      
0.99298       -5.32763      
0.99787       -5.33019      
1.00275       -5.31555      
1.00764       -5.20401      
1.01253       -5.13081      
1.01741       -5.17311      
1.02230       -5.13039      
1.02719       -5.06862      
1.03207       -5.04321      
1.03696       -4.99758      
1.04185       -4.95763      
1.04673       -4.91413      
1.05162       -4.91582      
1.05651       -4.92461      
1.06139       -4.83171      
1.06628       -4.76457      
1.07117       -4.78501      
1.07605       -4.76573      
1.08094       -4.66928      
1.08583       -4.62295      
1.09071       -4.65643      
1.09560       -4.62095      
1.10049       -4.51272      
1.10537       -4.49875      
1.11026       -4.53502      
1.11515       -4.49747      
1.12003       -4.42668      
1.12492       -4.39724      
1.12981       -4.39358      
1.13469       -4.39867      
1.13958       -4.37111      
1.14447       -4.29613      
1.14935       -4.26284      
1.15424       -4.28240      
1.15913       -4.26802      
1.16401       -4.21713      
1.16890       -4.20401      
1.17379       -4.23008      
1.17867       -4.16108      
1.18356       -4.09992      
1.18845       -4.10269      
1.19333       -4.09301      
1.19822       -4.05039      
1.20311       -4.02412      
1.20799       -4.02492      
1.21288       -3.98360      
1.21777       -3.89323      
1.22265       -3.91554      
1.22754       -3.86983      
1.23243       -3.79121      
1.23731       -3.84848      
1.24220       -3.82324      
1.24709       -3.73276      
1.25197       -3.73048      
1.25686       -3.74563      
1.26174       -3.68250      
1.26663       -3.61135      
1.27152       -3.61678      
1.27640       -3.66685      
1.28129       -3.66433      
1.28618       -3.57546      
1.29106       -3.46513      
1.29595       -3.40827      
1.30084       -3.45617      
1.30572       -3.54944      
1.31061       -3.50385      
1.31550       -3.34758      
1.32038       -3.33004      
1.32527       -3.38606      
1.33016       -3.37979      
1.33504       -3.34417      
1.33993       -3.30500      
1.34482       -3.27265      
1.34970       -3.24252      
1.35459       -3.20815      
1.35948       -3.17674      
1.36436       -3.16321      
1.36925       -3.16603      
1.37414       -3.11092      
1.37902       -3.04767      
1.38391       -3.08623      
1.38880       -3.13045      
1.39368       -3.08177      
1.39857       -3.02132      
1.40346       -3.00892      
1.40834       -2.99425      
1.41323       -2.93873      
1.41812       -2.91620      
1.42300       -2.93119      
1.42789       -2.90445      
1.43278       -2.86113      
1.43766       -2.87531      
1.44255       -2.86924      
1.44744       -2.78500      
1.45232       -2.78688      
1.45721       -2.91862      
1.46210       -2.84437      
1.46698       -2.67462      
1.47187       -2.68510      
1.47676       -2.71385      
1.48164       -2.66774      
1.48653       -2.61879      
1.49142       -2.58660      
1.49630       -2.54974      
1.50119       -2.51703      
1.50608       -2.50021      
1.51096       -2.48351      
1.51585       -2.46692      
1.52074       -2.45045      
1.52562       -2.43408      
1.53051       -2.41783      
1.53539       -2.40169      
1.54028       -2.38566      
1.54517       -2.36973      
1.55005       -2.35392      
1.55494       -2.33821      
1.55983       -2.32261      
1.56471       -2.30711      
1.56960       -2.29172      
1.57449       -2.27644      
1.57937       -2.26126      
1.58426       -2.24618      
1.58915       -2.23120      
1.59403       -2.21632      
1.59892       -2.20155      
1.60381       -2.18687      
1.60869       -2.17230      
1.61358       -2.15782      
1.61847       -2.14344      
1.62335       -2.12916      
1.62824       -2.11497      
1.63313       -2.10088      
1.63801       -2.08689      
1.64290       -2.07299      
1.64779       -2.05918      
1.65267       -2.04547      
1.65756       -2.03185      
1.66245       -2.01832      
1.66733       -2.00489      
1.67222       -1.99154      
1.67711       -1.97828      
1.68199       -1.96512      
1.68688       -1.95204      
1.69177       -1.93905      
1.69665       -1.92615      
1.70154       -1.91333      
1.70643       -1.90060      
1.71131       -1.88796      
1.71620       -1.87540      
1.72109       -1.86293      
1.72597       -1.85054      
1.73086       -1.83823      
1.73575       -1.82601      
1.74063       -1.81387      
1.74552       -1.80181      
1.75041       -1.78983      
1.75529       -1.77793      
1.76018       -1.76612      
1.76507       -1.75438      
1.76995       -1.74272      
1.77484       -1.73114      
1.77973       -1.71963      
1.78461       -1.70821      
1.78950       -1.69686      
1.79439       -1.68559      
1.79927       -1.67439      
1.80416       -1.66327      
1.80904       -1.65222      
1.81393       -1.64125      
1.81882       -1.63035      
1.82370       -1.61952      
1.82859       -1.60877      
1.83348       -1.59809      
1.83836       -1.58748      
1.84325       -1.57694      
1.84814       -1.56647      
1.85302       -1.55607      
1.85791       -1.54575      
1.86280       -1.53549      
1.86768       -1.52530      
1.87257       -1.51518      
1.87746       -1.50512      
1.88234       -1.49513      
1.88723       -1.48522      
1.89212       -1.47536      
1.89700       -1.46557      
1.90189       -1.45585      
1.90678       -1.44620      
1.91166       -1.43660      
1.91655       -1.42708      
1.92144       -1.41761      
1.92632       -1.40821      
1.93121       -1.39888      
1.93610       -1.38960      
1.94098       -1.38039      
1.94587       -1.37124      
1.95076       -1.36215      
1.95564       -1.35312      
1.96053       -1.34415      
1.96542       -1.33524      
1.97030       -1.32639      
1.97519       -1.31760      
1.98008       -1.30887      
1.98496       -1.30019      
1.98985       -1.29158      
1.99474       -1.28302      
1.99962       -1.27452      
2.00451       -1.26608      
2.00940       -1.25769      
2.01428       -1.24936      
2.01917       -1.24108      
2.02406       -1.23286      
2.02894       -1.22470      
2.03383       -1.21659      
2.03872       -1.20853      
2.04360       -1.20053      
2.04849       -1.19258      
2.05338       -1.18468      
2.05826       -1.17684      
2.06315       -1.16904      
2.06804       -1.16130      
2.07292       -1.15362      
2.07781       -1.14598      
2.08270       -1.13839      
2.08758       -1.13086      
2.09247       -1.12338      
2.09735       -1.11594      
2.10224       -1.10856      
2.10713       -1.10122      
2.11201       -1.09393      
2.11690       -1.08669      
2.12179       -1.07950      
2.12667       -1.07236      
2.13156       -1.06527      
2.13645       -1.05822      
2.14133       -1.05122      
2.14622       -1.04427      
2.15111       -1.03736      
2.15599       -1.03050      
2.16088       -1.02368      
2.16577       -1.01691      
2.17065       -1.01019      
2.17554       -1.00351      
2.18043       -0.99687      
2.18531       -0.99028      
2.19020       -0.98373      
2.19509       -0.97723      
2.19997       -0.97077      
2.20486       -0.96435      
2.20975       -0.95797      
2.21463       -0.95164      
2.21952       -0.94535      
2.22441       -0.93910      
2.22929       -0.93289      
2.23418       -0.92673      
2.23907       -0.92060      
2.24395       -0.91452      
2.24884       -0.90848      
2.25373       -0.90247      
2.25861       -0.89651      
2.26350       -0.89059      
2.26839       -0.88470      
2.27327       -0.87886      
2.27816       -0.87305      
2.28305       -0.86728      
2.28793       -0.86155      
2.29282       -0.85586      
2.29771       -0.85021      
2.30259       -0.84459      
2.30748       -0.83901      
2.31237       -0.83347      
2.31725       -0.82797      
2.32214       -0.82250      
2.32703       -0.81707      
2.33191       -0.81167      
2.33680       -0.80631      
2.34169       -0.80099      
2.34657       -0.79570      
2.35146       -0.79045      
2.35635       -0.78523      
2.36123       -0.78005      
2.36612       -0.77490      
2.37100       -0.76978      
2.37589       -0.76470      
2.38078       -0.75965      
2.38566       -0.75464      
2.39055       -0.74966      
2.39544       -0.74471      
2.40032       -0.73980      
2.40521       -0.73491      
2.41010       -0.73006      
2.41498       -0.72525      
2.41987       -0.72046      
2.42476       -0.71571      
2.42964       -0.71099      
2.43453       -0.70630      
2.43942       -0.70164      
2.44430       -0.69701      
2.44919       -0.69241      
2.45408       -0.68784      
2.45896       -0.68330      
2.46385       -0.67880      
2.46874       -0.67432      
2.47362       -0.66987      
2.47851       -0.66545      
2.48340       -0.66107      
2.48828       -0.65671      
2.49317       -0.65238      
2.49806       -0.64807      
2.50294       -0.64380      
2.50783       -0.63956      
2.51272       -0.63534      
2.51760       -0.63115      
2.52249       -0.62699      
2.52738       -0.62286      
2.53226       -0.61875      
2.53715       -0.61467      
2.54204       -0.61062      
2.54692       -0.60659      
2.55181       -0.60260      
2.55670       -0.59862      
2.56158       -0.59468      
2.56647       -0.59076      
2.57136       -0.58687      
2.57624       -0.58300      
2.58113       -0.57916      
2.58602       -0.57534      
2.59090       -0.57155      
2.59579       -0.56778      
2.60068       -0.56404      
2.60556       -0.56033      
2.61045       -0.55664      
2.61534       -0.55297      
2.62022       -0.54933      
2.62511       -0.54571      
2.63000       -0.54211      
2.63488       -0.53854      
2.63977       -0.53499      
2.64465       -0.53147      
2.64954       -0.52797      
2.65443       -0.52449      
2.65931       -0.52104      
2.66420       -0.51761      
2.66909       -0.51420      
2.67397       -0.51081      
2.67886       -0.50745      
2.68375       -0.50411      
2.68863       -0.50079      
2.69352       -0.49749      
2.69841       -0.49422      
2.70329       -0.49096      
2.70818       -0.48773      
2.71307       -0.48452      
2.71795       -0.48133      
2.72284       -0.47816      
2.72773       -0.47501      
2.73261       -0.47189      
2.73750       -0.46878      
2.74239       -0.46570      
2.74727       -0.46263      
2.75216       -0.45959      
2.75705       -0.45656      
2.76193       -0.45356      
2.76682       -0.45057      
2.77171       -0.44761      
2.77659       -0.44466      
2.78148       -0.44174      
2.78637       -0.43883      
2.79125       -0.43594      
2.79614       -0.43308      
2.80103       -0.43023      
2.80591       -0.42740      
2.81080       -0.42458      
2.81569       -0.42179      
2.82057       -0.41902      
2.82546       -0.41626      
2.83035       -0.41352      
2.83523       -0.41080      
2.84012       -0.40810      
2.84501       -0.40542      
2.84989       -0.40275      
2.85478       -0.40010      
2.85967       -0.39747      
2.86455       -0.39486      
2.86944       -0.39226      
2.87433       -0.38968      
2.87921       -0.38712      
2.88410       -0.38458      
2.88899       -0.38205      
2.89387       -0.37954      
2.89876       -0.37704      
2.90365       -0.37456      
2.90853       -0.37210      
2.91342       -0.36965      
2.91830       -0.36722      
2.92319       -0.36481      
2.92808       -0.36241      
2.93296       -0.36003      
2.93785       -0.35766      
2.94274       -0.35531      
2.94762       -0.35298      
2.95251       -0.35066      
2.95740       -0.34835      
2.96228       -0.34607      
2.96717       -0.34379      
2.97206       -0.34153      
2.97694       -0.33929      
2.98183       -0.33706      
2.98672       -0.33484      
2.99160       -0.33265      
2.99649       -0.33046      
3.00138       -0.32829      
3.00626       -0.32613      
3.01115       -0.32399      
3.01604       -0.32186      
3.02092       -0.31975      
3.02581       -0.31765      
3.03070       -0.31556      
3.03558       -0.31349      
3.04047       -0.31143      
3.04536       -0.30939      
3.05024       -0.30735      
3.05513       -0.30534      
3.06002       -0.30333      
3.06490       -0.30134      
3.06979       -0.29936      
3.07468       -0.29739      
3.07956       -0.29544      
3.08445       -0.29350      
3.08934       -0.29158      
3.09422       -0.28966      
3.09911       -0.28776      
3.10400       -0.28587      
3.10888       -0.28399      
3.11377       -0.28213      
3.11866       -0.28028      
3.12354       -0.27844      
3.12843       -0.27661      
3.13332       -0.27480      
3.13820       -0.27299      
3.14309       -0.27120      
3.14798       -0.26942      
3.15286       -0.26765      
3.15775       -0.26590      
3.16264       -0.26415      
3.16752       -0.26242      
3.17241       -0.26070      
3.17730       -0.25899      
3.18218       -0.25729      
3.18707       -0.25560      
3.19196       -0.25392      
3.19684       -0.25226      
3.20173       -0.25060      
3.20661       -0.24896      
3.21150       -0.24733      
3.21639       -0.24570      
3.22127       -0.24409      
3.22616       -0.24249      
3.23105       -0.24090      
3.23593       -0.23932      
3.24082       -0.23775      
3.24571       -0.23619      
3.25059       -0.23464      
3.25548       -0.23310      
3.26037       -0.23158      
3.26525       -0.23006      
3.27014       -0.22855      
3.27503       -0.22705      
3.27991       -0.22556      
3.28480       -0.22408      
3.28969       -0.22261      
3.29457       -0.22115      
3.29946       -0.21970      
3.30435       -0.21826      
3.30923       -0.21683      
3.31412       -0.21541      
3.31901       -0.21400      
3.32389       -0.21260      
3.32878       -0.21120      
3.33367       -0.20982      
3.33855       -0.20845      
3.34344       -0.20708      
3.34833       -0.20572      
3.35321       -0.20437      
3.35810       -0.20304      
3.36299       -0.20171      
3.36787       -0.20038      
3.37276       -0.19907      
3.37765       -0.19777      
3.38253       -0.19647      
3.38742       -0.19518      
3.39231       -0.19390      
3.39719       -0.19263      
3.40208       -0.19137      
3.40697       -0.19012      
3.41185       -0.18887      
3.41674       -0.18764      
3.42163       -0.18641      
3.42651       -0.18519      
3.43140       -0.18397      
3.43629       -0.18277      
3.44117       -0.18157      
3.44606       -0.18038      
3.45095       -0.17920      
3.45583       -0.17803      
3.46072       -0.17686      
3.46561       -0.17571      
3.47049       -0.17455      
3.47538       -0.17341      
3.48026       -0.17228      
3.48515       -0.17115      
3.49004       -0.17003      
3.49492       -0.16892      
3.49981       -0.16781      
3.50470       -0.16671      
3.50958       -0.16562      
3.51447       -0.16454      
3.51936       -0.16346      
3.52424       -0.16239      
3.52913       -0.16133      
3.53402       -0.16027      
3.53890       -0.15922      
3.54379       -0.15818      
3.54868       -0.15715      
3.55356       -0.15612      
3.55845       -0.15510      
3.56334       -0.15408      
3.56822       -0.15307      
3.57311       -0.15207      
3.57800       -0.15108      
3.58288       -0.15009      
3.58777       -0.14911      
3.59266       -0.14813      
3.59754       -0.14716      
3.60243       -0.14620      
3.60732       -0.14524      
3.61220       -0.14429      
3.61709       -0.14335      
3.62198       -0.14241      
3.62686       -0.14148      
3.63175       -0.14055      
3.63664       -0.13964      
3.64152       -0.13872      
3.64641       -0.13782      
3.65130       -0.13691      
3.65618       -0.13602      
3.66107       -0.13513      
3.66596       -0.13425      
3.67084       -0.13337      
3.67573       -0.13250      
3.68062       -0.13163      
3.68550       -0.13077      
3.69039       -0.12992      
3.69528       -0.12907      
3.70016       -0.12822      
3.70505       -0.12738      
3.70994       -0.12655      
3.71482       -0.12572      
3.71971       -0.12490      
3.72460       -0.12409      
3.72948       -0.12328      
3.73437       -0.12247      
3.73926       -0.12167      
3.74414       -0.12088      
3.74903       -0.12009      
3.75391       -0.11930      
3.75880       -0.11852      
3.76369       -0.11775      
3.76857       -0.11698      
3.77346       -0.11621      
3.77835       -0.11545      
3.78323       -0.11470      
3.78812       -0.11395      
3.79301       -0.11321      
3.79789       -0.11247      
3.80278       -0.11173      
3.80767       -0.11100      
3.81255       -0.11028      
3.81744       -0.10956      
3.82233       -0.10884      
3.82721       -0.10813      
3.83210       -0.10743      
3.83699       -0.10672      
3.84187       -0.10603      
3.84676       -0.10533      
3.85165       -0.10465      
3.85653       -0.10396      
3.86142       -0.10329      
3.86631       -0.10261      
3.87119       -0.10194      
3.87608       -0.10128      
3.88097       -0.10061      
3.88585       -0.09996      
3.89074       -0.09931      
3.89563       -0.09866      
3.90051       -0.09801      
3.90540       -0.09737      
3.91029       -0.09674      
3.91517       -0.09611      
3.92006       -0.09548      
3.92495       -0.09486      
3.92983       -0.09424      
3.93472       -0.09362      
3.93961       -0.09301      
3.94449       -0.09241      
3.94938       -0.09180      
3.95427       -0.09120      
3.95915       -0.09061      
3.96404       -0.09002      
3.96893       -0.08943      
3.97381       -0.08885      
3.97870       -0.08827      
3.98359       -0.08769      
3.98847       -0.08712      
3.99336       -0.08655      
3.99825       -0.08599      
4.00313       -0.08543      
4.00802       -0.08487      
4.01291       -0.08432      
4.01779       -0.08377      
4.02268       -0.08322      
4.02757       -0.08268      
4.03245       -0.08214      
4.03734       -0.08160      
4.04222       -0.08107      
4.04711       -0.08054      
4.05200       -0.08002      
4.05688       -0.07950      
4.06177       -0.07898      
4.06666       -0.07846      
4.07154       -0.07795      
4.07643       -0.07744      
4.08132       -0.07694      
4.08620       -0.07644      
4.09109       -0.07594      
4.09598       -0.07544      
4.10086       -0.07495      
4.10575       -0.07446      
4.11064       -0.07398      
4.11552       -0.07350      
4.12041       -0.07302      
4.12530       -0.07254      
4.13018       -0.07207      
4.13507       -0.07160      
4.13996       -0.07113      
4.14484       -0.07067      
4.14973       -0.07021      
4.15462       -0.06975      
4.15950       -0.06930      
4.16439       -0.06885      
4.16928       -0.06840      
4.17416       -0.06795      
4.17905       -0.06751      
4.18394       -0.06707      
4.18882       -0.06664      
4.19371       -0.06620      
4.19860       -0.06577      
4.20348       -0.06534      
4.20837       -0.06492      
4.21326       -0.06449      
4.21814       -0.06407      
4.22303       -0.06366      
4.22792       -0.06324      
4.23280       -0.06283      
4.23769       -0.06242      
4.24258       -0.06202      
4.24746       -0.06161      
4.25235       -0.06121      
4.25724       -0.06081      
4.26212       -0.06042      
4.26701       -0.06002      
4.27190       -0.05963      
4.27678       -0.05925      
4.28167       -0.05886      
4.28656       -0.05848      
4.29144       -0.05810      
4.29633       -0.05772      
4.30122       -0.05734      
4.30610       -0.05697      
4.31099       -0.05660      
4.31587       -0.05623      
4.32076       -0.05587      
4.32565       -0.05550      
4.33053       -0.05514      
4.33542       -0.05478      
4.34031       -0.05443      
4.34519       -0.05407      
4.35008       -0.05372      
4.35497       -0.05337      
4.35985       -0.05303      
4.36474       -0.05268      
4.36963       -0.05234      
4.37451       -0.05200      
4.37940       -0.05166      
4.38429       -0.05132      
4.38917       -0.05099      
4.39406       -0.05066      
4.39895       -0.05033      
4.40383       -0.05000      
4.40872       -0.04968      
4.41361       -0.04935      
4.41849       -0.04903      
4.42338       -0.04872      
4.42827       -0.04840      
4.43315       -0.04808      
4.43804       -0.04777      
4.44293       -0.04746      
4.44781       -0.04715      
4.45270       -0.04685      
4.45759       -0.04654      
4.46247       -0.04624      
4.46736       -0.04594      
4.47225       -0.04564      
4.47713       -0.04535      
4.48202       -0.04505      
4.48691       -0.04476      
4.49179       -0.04447      
4.49668       -0.04418      
4.50157       -0.04389      
4.50645       -0.04361      
4.51134       -0.04332      
4.51623       -0.04304      
4.52111       -0.04276      
4.52600       -0.04249      
4.53089       -0.04221      
4.53577       -0.04194      
4.54066       -0.04166      
4.54555       -0.04139      
4.55043       -0.04112      
4.55532       -0.04086      
4.56021       -0.04059      
4.56509       -0.04033      
4.56998       -0.04007      
4.57487       -0.03981      
4.57975       -0.03955      
4.58464       -0.03929      
4.58952       -0.03904      
4.59441       -0.03878      
4.59930       -0.03853      
4.60418       -0.03828      
4.60907       -0.03803      
4.61396       -0.03779      
4.61884       -0.03754      
4.62373       -0.03730      
4.62862       -0.03706      
4.63350       -0.03682      
4.63839       -0.03658      
4.64328       -0.03634      
4.64816       -0.03611      
4.65305       -0.03587      
4.65794       -0.03564      
4.66282       -0.03541      
4.66771       -0.03518      
4.67260       -0.03495      
4.67748       -0.03472      
4.68237       -0.03450      
4.68726       -0.03428      
4.69214       -0.03405      
4.69703       -0.03383      
4.70192       -0.03361      
4.70680       -0.03340      
4.71169       -0.03318      
4.71658       -0.03296      
4.72146       -0.03275      
4.72635       -0.03254      
4.73124       -0.03233      
4.73612       -0.03212      
4.74101       -0.03191      
4.74590       -0.03170      
4.75078       -0.03150      
4.75567       -0.03129      
4.76056       -0.03109      
4.76544       -0.03089      
4.77033       -0.03069      
4.77522       -0.03049      
4.78010       -0.03029      
4.78499       -0.03010      
4.78988       -0.02990      
4.79476       -0.02971      
4.79965       -0.02952      
4.80454       -0.02933      
4.80942       -0.02914      
4.81431       -0.02895      
4.81920       -0.02876      
4.82408       -0.02857      
4.82897       -0.02839      
4.83386       -0.02821      
4.83874       -0.02802      
4.84363       -0.02784      
4.84852       -0.02766      
4.85340       -0.02748      
4.85829       -0.02730      
4.86317       -0.02713      
4.86806       -0.02695      
4.87295       -0.02678      
4.87783       -0.02660      
4.88272       -0.02643      
4.88761       -0.02626      
4.89249       -0.02609      
4.89738       -0.02592      
4.90227       -0.02576      
4.90715       -0.02559      
4.91204       -0.02542      
4.91693       -0.02526      
4.92181       -0.02510      
4.92670       -0.02493      
4.93159       -0.02477      
4.93647       -0.02461      
4.94136       -0.02445      
4.94625       -0.02430      
4.95113       -0.02414      
4.95602       -0.02398      
4.96091       -0.02383      
4.96579       -0.02367      
4.97068       -0.02352      
4.97557       -0.02337      
4.98045       -0.02322      
4.98534       -0.02307      
4.99023       -0.02292      
4.99511       -0.02277      
5.00000       -0.02262      
