0.00100       1000000000006650740080640.00000
0.00589       577588570142765.50000
0.01077       409124583266.48969
0.01566       4597878290.80935
0.02055       176670157.36470
0.02543       13652846.31115
0.03032       1657031.75402 
0.03521       275858.56157  
0.04009       58048.14770   
0.04498       14661.73477   
0.04987       4304.46937    
0.05475       1446.87284    
0.05964       558.58660     
0.06453       252.31731     
0.06941       136.97505     
0.07430       88.72766      
0.07919       66.71062      
0.08407       55.94310      
0.08896       49.67798      
0.09385       45.95051      
0.09873       43.47944      
0.10362       41.67132      
0.10851       40.51290      
0.11339       38.76619      
0.11828       37.20831      
0.12317       36.19480      
0.12805       34.60149      
0.13294       33.61442      
0.13783       32.20219      
0.14271       31.10267      
0.14760       29.35733      
0.15248       26.35817      
0.15737       22.56236      
0.16226       17.70250      
0.16714       13.10804      
0.17203       8.08061       
0.17692       3.53255       
0.18180       -0.26886      
0.18669       -3.68053      
0.19158       -6.62040      
0.19646       -9.25655      
0.20135       -11.48103     
0.20624       -13.44988     
0.21112       -14.98229     
0.21601       -16.28809     
0.22090       -17.40927     
0.22578       -18.18379     
0.23067       -18.90537     
0.23556       -19.57512     
0.24044       -20.13672     
0.24533       -20.62142     
0.25022       -21.27700     
0.25510       -21.53396     
0.25999       -21.94945     
0.26488       -22.20572     
0.26976       -22.26034     
0.27465       -22.43538     
0.27954       -22.39790     
0.28442       -22.37514     
0.28931       -22.21321     
0.29420       -22.06652     
0.29908       -21.91143     
0.30397       -21.49305     
0.30886       -21.12161     
0.31374       -20.79788     
0.31863       -20.40359     
0.32352       -19.97886     
0.32840       -19.58033     
0.33329       -19.22583     
0.33818       -18.73378     
0.34306       -18.32704     
0.34795       -17.91165     
0.35284       -17.52768     
0.35772       -17.08382     
0.36261       -16.70674     
0.36750       -16.47017     
0.37238       -16.10703     
0.37727       -15.83915     
0.38216       -15.59296     
0.38704       -15.48256     
0.39193       -15.17489     
0.39682       -15.04761     
0.40170       -15.13286     
0.40659       -14.96750     
0.41148       -15.06994     
0.41636       -15.17277     
0.42125       -15.18926     
0.42613       -15.12768     
0.43102       -15.06570     
0.43591       -14.98093     
0.44079       -14.78067     
0.44568       -14.63785     
0.45057       -14.40830     
0.45545       -14.05242     
0.46034       -13.83665     
0.46523       -13.53000     
0.47011       -13.15988     
0.47500       -12.96274     
0.47989       -12.79007     
0.48477       -12.45818     
0.48966       -12.17341     
0.49455       -12.12118     
0.49943       -11.87823     
0.50432       -11.58116     
0.50921       -11.53828     
0.51409       -11.42769     
0.51898       -11.24714     
0.52387       -11.07734     
0.52875       -10.97316     
0.53364       -10.82770     
0.53853       -10.74233     
0.54341       -10.66500     
0.54830       -10.57842     
0.55319       -10.48224     
0.55807       -10.41394     
0.56296       -10.37408     
0.56785       -10.24622     
0.57273       -10.20745     
0.57762       -10.12897     
0.58251       -9.92988      
0.58739       -9.92127      
0.59228       -9.91368      
0.59717       -9.80040      
0.60205       -9.70220      
0.60694       -9.68704      
0.61183       -9.59177      
0.61671       -9.48771      
0.62160       -9.40176      
0.62649       -9.42463      
0.63137       -9.38348      
0.63626       -9.23861      
0.64115       -9.14498      
0.64603       -9.10127      
0.65092       -9.01477      
0.65581       -8.94093      
0.66069       -8.81854      
0.66558       -8.70590      
0.67047       -8.61595      
0.67535       -8.62092      
0.68024       -8.55255      
0.68513       -8.38494      
0.69001       -8.37064      
0.69490       -8.16782      
0.69978       -8.17552      
0.70467       -8.16768      
0.70956       -8.05685      
0.71444       -7.85809      
0.71933       -7.77136      
0.72422       -7.84054      
0.72910       -7.75839      
0.73399       -7.45051      
0.73888       -7.52525      
0.74376       -7.53018      
0.74865       -7.34669      
0.75354       -7.25671      
0.75842       -7.32269      
0.76331       -7.28504      
0.76820       -7.17716      
0.77308       -7.08611      
0.77797       -7.09985      
0.78286       -7.05879      
0.78774       -6.99651      
0.79263       -7.00170      
0.79752       -6.92860      
0.80240       -6.78902      
0.80729       -6.75147      
0.81218       -6.77979      
0.81706       -6.74313      
0.82195       -6.65582      
0.82684       -6.59009      
0.83172       -6.63165      
0.83661       -6.52902      
0.84150       -6.39591      
0.84638       -6.49386      
0.85127       -6.47255      
0.85616       -6.35540      
0.86104       -6.31944      
0.86593       -6.26526      
0.87082       -6.24367      
0.87570       -6.22295      
0.88059       -6.13355      
0.88548       -6.03410      
0.89036       -6.01727      
0.89525       -6.03304      
0.90014       -5.99351      
0.90502       -5.84831      
0.90991       -5.80174      
0.91480       -5.87775      
0.91968       -5.81119      
0.92457       -5.68358      
0.92946       -5.72293      
0.93434       -5.76357      
0.93923       -5.62804      
0.94412       -5.52967      
0.94900       -5.60632      
0.95389       -5.58724      
0.95878       -5.45250      
0.96366       -5.43363      
0.96855       -5.45501      
0.97343       -5.38139      
0.97832       -5.26625      
0.98321       -5.30741      
0.98809       -5.32265      
0.99298       -5.18185      
0.99787       -5.13455      
1.00275       -5.21804      
1.00764       -5.17998      
1.01253       -5.04212      
1.01741       -4.99349      
1.02230       -5.07401      
1.02719       -5.01926      
1.03207       -4.88789      
1.03696       -4.85086      
1.04185       -4.83981      
1.04673       -4.71048      
1.05162       -4.65793      
1.05651       -4.71764      
1.06139       -4.69631      
1.06628       -4.62258      
1.07117       -4.57475      
1.07605       -4.58035      
1.08094       -4.63087      
1.08583       -4.52543      
1.09071       -4.41823      
1.09560       -4.45944      
1.10049       -4.42070      
1.10537       -4.35511      
1.11026       -4.32949      
1.11515       -4.30539      
1.12003       -4.31116      
1.12492       -4.26754      
1.12981       -4.18166      
1.13469       -4.24703      
1.13958       -4.22683      
1.14447       -4.10883      
1.14935       -4.13091      
1.15424       -4.12697      
1.15913       -4.04233      
1.16401       -4.00129      
1.16890       -3.99885      
1.17379       -3.92203      
1.17867       -3.88498      
1.18356       -3.89257      
1.18845       -3.87022      
1.19333       -3.85048      
1.19822       -3.80907      
1.20311       -3.74774      
1.20799       -3.79371      
1.21288       -3.82525      
1.21777       -3.71040      
1.22265       -3.63039      
1.22754       -3.67107      
1.23243       -3.65314      
1.23731       -3.57269      
1.24220       -3.60634      
1.24709       -3.60905      
1.25197       -3.49049      
1.25686       -3.43421      
1.26174       -3.46592      
1.26663       -3.43373      
1.27152       -3.29708      
1.27640       -3.24322      
1.28129       -3.33905      
1.28618       -3.23116      
1.29106       -3.10109      
1.29595       -3.22407      
1.30084       -3.25951      
1.30572       -3.08407      
1.31061       -3.02723      
1.31550       -3.11004      
1.32038       -3.14267      
1.32527       -3.07988      
1.33016       -3.01640      
1.33504       -3.10394      
1.33993       -3.13424      
1.34482       -3.10967      
1.34970       -3.05680      
1.35459       -3.01625      
1.35948       -2.95884      
1.36436       -2.97761      
1.36925       -2.95519      
1.37414       -2.88974      
1.37902       -2.85599      
1.38391       -2.86514      
1.38880       -2.85705      
1.39368       -2.86374      
1.39857       -2.84752      
1.40346       -2.72000      
1.40834       -2.69076      
1.41323       -2.81458      
1.41812       -2.80375      
1.42300       -2.69687      
1.42789       -2.70993      
1.43278       -2.74794      
1.43766       -2.71905      
1.44255       -2.69808      
1.44744       -2.73116      
1.45232       -2.60525      
1.45721       -2.60477      
1.46210       -2.65607      
1.46698       -2.61091      
1.47187       -2.55141      
1.47676       -2.52057      
1.48164       -2.43464      
1.48653       -2.47526      
1.49142       -2.51239      
1.49630       -2.44086      
1.50119       -2.51587      
1.50608       -2.49907      
1.51096       -2.48238      
1.51585       -2.46580      
1.52074       -2.44934      
1.52562       -2.43298      
1.53051       -2.41674      
1.53539       -2.40061      
1.54028       -2.38459      
1.54517       -2.36868      
1.55005       -2.35287      
1.55494       -2.33718      
1.55983       -2.32159      
1.56471       -2.30610      
1.56960       -2.29072      
1.57449       -2.27544      
1.57937       -2.26027      
1.58426       -2.24520      
1.58915       -2.23023      
1.59403       -2.21537      
1.59892       -2.20060      
1.60381       -2.18594      
1.60869       -2.17137      
1.61358       -2.15690      
1.61847       -2.14253      
1.62335       -2.12826      
1.62824       -2.11408      
1.63313       -2.10000      
1.63801       -2.08601      
1.64290       -2.07212      
1.64779       -2.05832      
1.65267       -2.04462      
1.65756       -2.03101      
1.66245       -2.01749      
1.66733       -2.00406      
1.67222       -1.99072      
1.67711       -1.97747      
1.68199       -1.96431      
1.68688       -1.95124      
1.69177       -1.93826      
1.69665       -1.92536      
1.70154       -1.91256      
1.70643       -1.89983      
1.71131       -1.88720      
1.71620       -1.87465      
1.72109       -1.86218      
1.72597       -1.84980      
1.73086       -1.83750      
1.73575       -1.82528      
1.74063       -1.81315      
1.74552       -1.80110      
1.75041       -1.78912      
1.75529       -1.77723      
1.76018       -1.76542      
1.76507       -1.75369      
1.76995       -1.74204      
1.77484       -1.73046      
1.77973       -1.71896      
1.78461       -1.70754      
1.78950       -1.69620      
1.79439       -1.68493      
1.79927       -1.67374      
1.80416       -1.66263      
1.80904       -1.65159      
1.81393       -1.64062      
1.81882       -1.62972      
1.82370       -1.61890      
1.82859       -1.60815      
1.83348       -1.59748      
1.83836       -1.58687      
1.84325       -1.57634      
1.84814       -1.56588      
1.85302       -1.55549      
1.85791       -1.54516      
1.86280       -1.53491      
1.86768       -1.52472      
1.87257       -1.51461      
1.87746       -1.50456      
1.88234       -1.49458      
1.88723       -1.48466      
1.89212       -1.47481      
1.89700       -1.46503      
1.90189       -1.45531      
1.90678       -1.44566      
1.91166       -1.43607      
1.91655       -1.42655      
1.92144       -1.41709      
1.92632       -1.40769      
1.93121       -1.39836      
1.93610       -1.38909      
1.94098       -1.37988      
1.94587       -1.37073      
1.95076       -1.36165      
1.95564       -1.35262      
1.96053       -1.34366      
1.96542       -1.33475      
1.97030       -1.32591      
1.97519       -1.31712      
1.98008       -1.30839      
1.98496       -1.29972      
1.98985       -1.29111      
1.99474       -1.28256      
1.99962       -1.27406      
2.00451       -1.26562      
2.00940       -1.25724      
2.01428       -1.24891      
2.01917       -1.24064      
2.02406       -1.23242      
2.02894       -1.22426      
2.03383       -1.21615      
2.03872       -1.20810      
2.04360       -1.20010      
2.04849       -1.19215      
2.05338       -1.18426      
2.05826       -1.17642      
2.06315       -1.16863      
2.06804       -1.16089      
2.07292       -1.15321      
2.07781       -1.14558      
2.08270       -1.13799      
2.08758       -1.13046      
2.09247       -1.12298      
2.09735       -1.11555      
2.10224       -1.10817      
2.10713       -1.10083      
2.11201       -1.09355      
2.11690       -1.08631      
2.12179       -1.07913      
2.12667       -1.07199      
2.13156       -1.06489      
2.13645       -1.05785      
2.14133       -1.05085      
2.14622       -1.04390      
2.15111       -1.03700      
2.15599       -1.03014      
2.16088       -1.02332      
2.16577       -1.01656      
2.17065       -1.00983      
2.17554       -1.00316      
2.18043       -0.99652      
2.18531       -0.98993      
2.19020       -0.98339      
2.19509       -0.97689      
2.19997       -0.97043      
2.20486       -0.96401      
2.20975       -0.95764      
2.21463       -0.95131      
2.21952       -0.94502      
2.22441       -0.93878      
2.22929       -0.93257      
2.23418       -0.92641      
2.23907       -0.92029      
2.24395       -0.91420      
2.24884       -0.90816      
2.25373       -0.90216      
2.25861       -0.89620      
2.26350       -0.89028      
2.26839       -0.88440      
2.27327       -0.87855      
2.27816       -0.87275      
2.28305       -0.86698      
2.28793       -0.86126      
2.29282       -0.85557      
2.29771       -0.84992      
2.30259       -0.84430      
2.30748       -0.83873      
2.31237       -0.83319      
2.31725       -0.82769      
2.32214       -0.82222      
2.32703       -0.81679      
2.33191       -0.81140      
2.33680       -0.80604      
2.34169       -0.80072      
2.34657       -0.79543      
2.35146       -0.79018      
2.35635       -0.78496      
2.36123       -0.77978      
2.36612       -0.77463      
2.37100       -0.76952      
2.37589       -0.76444      
2.38078       -0.75939      
2.38566       -0.75438      
2.39055       -0.74940      
2.39544       -0.74446      
2.40032       -0.73954      
2.40521       -0.73466      
2.41010       -0.72982      
2.41498       -0.72500      
2.41987       -0.72022      
2.42476       -0.71546      
2.42964       -0.71074      
2.43453       -0.70605      
2.43942       -0.70140      
2.44430       -0.69677      
2.44919       -0.69217      
2.45408       -0.68761      
2.45896       -0.68307      
2.46385       -0.67857      
2.46874       -0.67409      
2.47362       -0.66964      
2.47851       -0.66523      
2.48340       -0.66084      
2.48828       -0.65648      
2.49317       -0.65215      
2.49806       -0.64785      
2.50294       -0.64358      
2.50783       -0.63934      
2.51272       -0.63512      
2.51760       -0.63094      
2.52249       -0.62678      
2.52738       -0.62264      
2.53226       -0.61854      
2.53715       -0.61446      
2.54204       -0.61041      
2.54692       -0.60639      
2.55181       -0.60239      
2.55670       -0.59842      
2.56158       -0.59448      
2.56647       -0.59056      
2.57136       -0.58667      
2.57624       -0.58280      
2.58113       -0.57896      
2.58602       -0.57514      
2.59090       -0.57135      
2.59579       -0.56759      
2.60068       -0.56385      
2.60556       -0.56013      
2.61045       -0.55644      
2.61534       -0.55278      
2.62022       -0.54914      
2.62511       -0.54552      
2.63000       -0.54193      
2.63488       -0.53836      
2.63977       -0.53481      
2.64465       -0.53129      
2.64954       -0.52779      
2.65443       -0.52431      
2.65931       -0.52086      
2.66420       -0.51743      
2.66909       -0.51402      
2.67397       -0.51064      
2.67886       -0.50727      
2.68375       -0.50393      
2.68863       -0.50062      
2.69352       -0.49732      
2.69841       -0.49405      
2.70329       -0.49079      
2.70818       -0.48756      
2.71307       -0.48435      
2.71795       -0.48116      
2.72284       -0.47800      
2.72773       -0.47485      
2.73261       -0.47172      
2.73750       -0.46862      
2.74239       -0.46553      
2.74727       -0.46247      
2.75216       -0.45943      
2.75705       -0.45640      
2.76193       -0.45340      
2.76682       -0.45042      
2.77171       -0.44745      
2.77659       -0.44451      
2.78148       -0.44158      
2.78637       -0.43868      
2.79125       -0.43579      
2.79614       -0.43292      
2.80103       -0.43008      
2.80591       -0.42725      
2.81080       -0.42444      
2.81569       -0.42164      
2.82057       -0.41887      
2.82546       -0.41611      
2.83035       -0.41338      
2.83523       -0.41066      
2.84012       -0.40796      
2.84501       -0.40527      
2.84989       -0.40261      
2.85478       -0.39996      
2.85967       -0.39733      
2.86455       -0.39472      
2.86944       -0.39212      
2.87433       -0.38954      
2.87921       -0.38698      
2.88410       -0.38444      
2.88899       -0.38191      
2.89387       -0.37940      
2.89876       -0.37691      
2.90365       -0.37443      
2.90853       -0.37197      
2.91342       -0.36952      
2.91830       -0.36709      
2.92319       -0.36468      
2.92808       -0.36228      
2.93296       -0.35990      
2.93785       -0.35754      
2.94274       -0.35519      
2.94762       -0.35285      
2.95251       -0.35053      
2.95740       -0.34823      
2.96228       -0.34594      
2.96717       -0.34367      
2.97206       -0.34141      
2.97694       -0.33917      
2.98183       -0.33694      
2.98672       -0.33472      
2.99160       -0.33252      
2.99649       -0.33034      
3.00138       -0.32817      
3.00626       -0.32601      
3.01115       -0.32387      
3.01604       -0.32174      
3.02092       -0.31963      
3.02581       -0.31753      
3.03070       -0.31545      
3.03558       -0.31337      
3.04047       -0.31132      
3.04536       -0.30927      
3.05024       -0.30724      
3.05513       -0.30522      
3.06002       -0.30322      
3.06490       -0.30123      
3.06979       -0.29925      
3.07468       -0.29728      
3.07956       -0.29533      
3.08445       -0.29339      
3.08934       -0.29147      
3.09422       -0.28955      
3.09911       -0.28765      
3.10400       -0.28576      
3.10888       -0.28389      
3.11377       -0.28202      
3.11866       -0.28017      
3.12354       -0.27833      
3.12843       -0.27651      
3.13332       -0.27469      
3.13820       -0.27289      
3.14309       -0.27110      
3.14798       -0.26932      
3.15286       -0.26755      
3.15775       -0.26580      
3.16264       -0.26405      
3.16752       -0.26232      
3.17241       -0.26060      
3.17730       -0.25889      
3.18218       -0.25719      
3.18707       -0.25550      
3.19196       -0.25383      
3.19684       -0.25216      
3.20173       -0.25051      
3.20661       -0.24886      
3.21150       -0.24723      
3.21639       -0.24561      
3.22127       -0.24400      
3.22616       -0.24240      
3.23105       -0.24081      
3.23593       -0.23923      
3.24082       -0.23766      
3.24571       -0.23610      
3.25059       -0.23455      
3.25548       -0.23301      
3.26037       -0.23149      
3.26525       -0.22997      
3.27014       -0.22846      
3.27503       -0.22696      
3.27991       -0.22547      
3.28480       -0.22400      
3.28969       -0.22253      
3.29457       -0.22107      
3.29946       -0.21962      
3.30435       -0.21818      
3.30923       -0.21675      
3.31412       -0.21533      
3.31901       -0.21392      
3.32389       -0.21251      
3.32878       -0.21112      
3.33367       -0.20974      
3.33855       -0.20836      
3.34344       -0.20700      
3.34833       -0.20564      
3.35321       -0.20429      
3.35810       -0.20295      
3.36299       -0.20162      
3.36787       -0.20030      
3.37276       -0.19899      
3.37765       -0.19769      
3.38253       -0.19639      
3.38742       -0.19510      
3.39231       -0.19383      
3.39719       -0.19256      
3.40208       -0.19130      
3.40697       -0.19004      
3.41185       -0.18880      
3.41674       -0.18756      
3.42163       -0.18633      
3.42651       -0.18511      
3.43140       -0.18390      
3.43629       -0.18269      
3.44117       -0.18150      
3.44606       -0.18031      
3.45095       -0.17913      
3.45583       -0.17796      
3.46072       -0.17679      
3.46561       -0.17563      
3.47049       -0.17448      
3.47538       -0.17334      
3.48026       -0.17220      
3.48515       -0.17108      
3.49004       -0.16996      
3.49492       -0.16884      
3.49981       -0.16774      
3.50470       -0.16664      
3.50958       -0.16555      
3.51447       -0.16447      
3.51936       -0.16339      
3.52424       -0.16232      
3.52913       -0.16126      
3.53402       -0.16020      
3.53890       -0.15915      
3.54379       -0.15811      
3.54868       -0.15708      
3.55356       -0.15605      
3.55845       -0.15503      
3.56334       -0.15401      
3.56822       -0.15301      
3.57311       -0.15201      
3.57800       -0.15101      
3.58288       -0.15002      
3.58777       -0.14904      
3.59266       -0.14807      
3.59754       -0.14710      
3.60243       -0.14614      
3.60732       -0.14518      
3.61220       -0.14423      
3.61709       -0.14329      
3.62198       -0.14235      
3.62686       -0.14142      
3.63175       -0.14049      
3.63664       -0.13957      
3.64152       -0.13866      
3.64641       -0.13775      
3.65130       -0.13685      
3.65618       -0.13596      
3.66107       -0.13507      
3.66596       -0.13419      
3.67084       -0.13331      
3.67573       -0.13244      
3.68062       -0.13157      
3.68550       -0.13071      
3.69039       -0.12986      
3.69528       -0.12901      
3.70016       -0.12816      
3.70505       -0.12733      
3.70994       -0.12649      
3.71482       -0.12567      
3.71971       -0.12485      
3.72460       -0.12403      
3.72948       -0.12322      
3.73437       -0.12241      
3.73926       -0.12161      
3.74414       -0.12082      
3.74903       -0.12003      
3.75391       -0.11925      
3.75880       -0.11847      
3.76369       -0.11769      
3.76857       -0.11692      
3.77346       -0.11616      
3.77835       -0.11540      
3.78323       -0.11465      
3.78812       -0.11390      
3.79301       -0.11315      
3.79789       -0.11241      
3.80278       -0.11168      
3.80767       -0.11095      
3.81255       -0.11023      
3.81744       -0.10951      
3.82233       -0.10879      
3.82721       -0.10808      
3.83210       -0.10737      
3.83699       -0.10667      
3.84187       -0.10598      
3.84676       -0.10528      
3.85165       -0.10460      
3.85653       -0.10391      
3.86142       -0.10323      
3.86631       -0.10256      
3.87119       -0.10189      
3.87608       -0.10123      
3.88097       -0.10057      
3.88585       -0.09991      
3.89074       -0.09926      
3.89563       -0.09861      
3.90051       -0.09796      
3.90540       -0.09733      
3.91029       -0.09669      
3.91517       -0.09606      
3.92006       -0.09543      
3.92495       -0.09481      
3.92983       -0.09419      
3.93472       -0.09358      
3.93961       -0.09297      
3.94449       -0.09236      
3.94938       -0.09176      
3.95427       -0.09116      
3.95915       -0.09056      
3.96404       -0.08997      
3.96893       -0.08938      
3.97381       -0.08880      
3.97870       -0.08822      
3.98359       -0.08765      
3.98847       -0.08708      
3.99336       -0.08651      
3.99825       -0.08594      
4.00313       -0.08538      
4.00802       -0.08483      
4.01291       -0.08427      
4.01779       -0.08372      
4.02268       -0.08318      
4.02757       -0.08263      
4.03245       -0.08210      
4.03734       -0.08156      
4.04222       -0.08103      
4.04711       -0.08050      
4.05200       -0.07998      
4.05688       -0.07945      
4.06177       -0.07894      
4.06666       -0.07842      
4.07154       -0.07791      
4.07643       -0.07740      
4.08132       -0.07690      
4.08620       -0.07640      
4.09109       -0.07590      
4.09598       -0.07540      
4.10086       -0.07491      
4.10575       -0.07442      
4.11064       -0.07394      
4.11552       -0.07346      
4.12041       -0.07298      
4.12530       -0.07250      
4.13018       -0.07203      
4.13507       -0.07156      
4.13996       -0.07110      
4.14484       -0.07063      
4.14973       -0.07017      
4.15462       -0.06971      
4.15950       -0.06926      
4.16439       -0.06881      
4.16928       -0.06836      
4.17416       -0.06792      
4.17905       -0.06747      
4.18394       -0.06703      
4.18882       -0.06660      
4.19371       -0.06616      
4.19860       -0.06573      
4.20348       -0.06530      
4.20837       -0.06488      
4.21326       -0.06446      
4.21814       -0.06404      
4.22303       -0.06362      
4.22792       -0.06321      
4.23280       -0.06279      
4.23769       -0.06239      
4.24258       -0.06198      
4.24746       -0.06158      
4.25235       -0.06118      
4.25724       -0.06078      
4.26212       -0.06038      
4.26701       -0.05999      
4.27190       -0.05960      
4.27678       -0.05921      
4.28167       -0.05883      
4.28656       -0.05844      
4.29144       -0.05806      
4.29633       -0.05768      
4.30122       -0.05731      
4.30610       -0.05694      
4.31099       -0.05657      
4.31587       -0.05620      
4.32076       -0.05583      
4.32565       -0.05547      
4.33053       -0.05511      
4.33542       -0.05475      
4.34031       -0.05439      
4.34519       -0.05404      
4.35008       -0.05369      
4.35497       -0.05334      
4.35985       -0.05299      
4.36474       -0.05265      
4.36963       -0.05231      
4.37451       -0.05197      
4.37940       -0.05163      
4.38429       -0.05129      
4.38917       -0.05096      
4.39406       -0.05063      
4.39895       -0.05030      
4.40383       -0.04997      
4.40872       -0.04965      
4.41361       -0.04932      
4.41849       -0.04900      
4.42338       -0.04868      
4.42827       -0.04837      
4.43315       -0.04805      
4.43804       -0.04774      
4.44293       -0.04743      
4.44781       -0.04712      
4.45270       -0.04682      
4.45759       -0.04651      
4.46247       -0.04621      
4.46736       -0.04591      
4.47225       -0.04561      
4.47713       -0.04532      
4.48202       -0.04502      
4.48691       -0.04473      
4.49179       -0.04444      
4.49668       -0.04415      
4.50157       -0.04386      
4.50645       -0.04358      
4.51134       -0.04329      
4.51623       -0.04301      
4.52111       -0.04273      
4.52600       -0.04246      
4.53089       -0.04218      
4.53577       -0.04191      
4.54066       -0.04164      
4.54555       -0.04136      
4.55043       -0.04110      
4.55532       -0.04083      
4.56021       -0.04056      
4.56509       -0.04030      
4.56998       -0.04004      
4.57487       -0.03978      
4.57975       -0.03952      
4.58464       -0.03927      
4.58952       -0.03901      
4.59441       -0.03876      
4.59930       -0.03851      
4.60418       -0.03826      
4.60907       -0.03801      
4.61396       -0.03776      
4.61884       -0.03752      
4.62373       -0.03727      
4.62862       -0.03703      
4.63350       -0.03679      
4.63839       -0.03655      
4.64328       -0.03631      
4.64816       -0.03608      
4.65305       -0.03585      
4.65794       -0.03561      
4.66282       -0.03538      
4.66771       -0.03515      
4.67260       -0.03492      
4.67748       -0.03470      
4.68237       -0.03447      
4.68726       -0.03425      
4.69214       -0.03403      
4.69703       -0.03381      
4.70192       -0.03359      
4.70680       -0.03337      
4.71169       -0.03315      
4.71658       -0.03294      
4.72146       -0.03273      
4.72635       -0.03251      
4.73124       -0.03230      
4.73612       -0.03209      
4.74101       -0.03189      
4.74590       -0.03168      
4.75078       -0.03147      
4.75567       -0.03127      
4.76056       -0.03107      
4.76544       -0.03087      
4.77033       -0.03067      
4.77522       -0.03047      
4.78010       -0.03027      
4.78499       -0.03007      
4.78988       -0.02988      
4.79476       -0.02969      
4.79965       -0.02949      
4.80454       -0.02930      
4.80942       -0.02911      
4.81431       -0.02892      
4.81920       -0.02874      
4.82408       -0.02855      
4.82897       -0.02837      
4.83386       -0.02818      
4.83874       -0.02800      
4.84363       -0.02782      
4.84852       -0.02764      
4.85340       -0.02746      
4.85829       -0.02728      
4.86317       -0.02711      
4.86806       -0.02693      
4.87295       -0.02676      
4.87783       -0.02658      
4.88272       -0.02641      
4.88761       -0.02624      
4.89249       -0.02607      
4.89738       -0.02590      
4.90227       -0.02573      
4.90715       -0.02557      
4.91204       -0.02540      
4.91693       -0.02524      
4.92181       -0.02507      
4.92670       -0.02491      
4.93159       -0.02475      
4.93647       -0.02459      
4.94136       -0.02443      
4.94625       -0.02427      
4.95113       -0.02412      
4.95602       -0.02396      
4.96091       -0.02381      
4.96579       -0.02365      
4.97068       -0.02350      
4.97557       -0.02335      
4.98045       -0.02320      
4.98534       -0.02305      
4.99023       -0.02290      
4.99511       -0.02275      
5.00000       -0.02260      
