0.00100       1000000000006650740080640.00000
0.00589       577588570142785.00000
0.01077       409124583286.02527
0.01566       4597878310.21740
0.02055       176670176.64603
0.02543       13652865.46662
0.03032       1657050.78446 
0.03521       275872.24678  
0.04009       58056.34106   
0.04498       14664.71133   
0.04987       4308.53551    
0.05475       1452.19919    
0.05964       564.86328     
0.06453       260.03590     
0.06941       145.40205     
0.07430       98.99250      
0.07919       77.93550      
0.08407       67.86015      
0.08896       63.12052      
0.09385       59.63764      
0.09873       58.03438      
0.10362       57.08464      
0.10851       56.00868      
0.11339       54.24045      
0.11828       51.95629      
0.12317       48.36537      
0.12805       44.90709      
0.13294       41.21952      
0.13783       37.80144      
0.14271       34.35944      
0.14760       30.21100      
0.15248       26.26857      
0.15737       22.50269      
0.16226       19.28558      
0.16714       16.27422      
0.17203       13.37013      
0.17692       10.57270      
0.18180       7.69217       
0.18669       4.57811       
0.19158       1.65347       
0.19646       -1.48072      
0.20135       -3.57628      
0.20624       -5.70393      
0.21112       -7.31613      
0.21601       -8.39086      
0.22090       -9.44576      
0.22578       -10.21341     
0.23067       -10.73322     
0.23556       -10.94802     
0.24044       -11.25946     
0.24533       -11.04239     
0.25022       -10.99980     
0.25510       -10.76288     
0.25999       -10.37588     
0.26488       -10.04358     
0.26976       -9.52794      
0.27465       -9.26656      
0.27954       -9.01681      
0.28442       -8.74476      
0.28931       -8.63012      
0.29420       -8.76926      
0.29908       -9.17975      
0.30397       -9.68153      
0.30886       -10.03642     
0.31374       -10.36281     
0.31863       -10.33909     
0.32352       -10.21714     
0.32840       -10.03743     
0.33329       -9.63929      
0.33818       -9.16838      
0.34306       -8.72013      
0.34795       -8.09855      
0.35284       -7.39711      
0.35772       -6.79518      
0.36261       -6.24691      
0.36750       -5.67203      
0.37238       -5.13819      
0.37727       -4.64261      
0.38216       -4.27408      
0.38704       -3.74847      
0.39193       -3.39193      
0.39682       -3.03382      
0.40170       -2.60908      
0.40659       -2.35352      
0.41148       -2.07847      
0.41636       -1.73116      
0.42125       -1.49705      
0.42613       -1.34984      
0.43102       -1.06728      
0.43591       -0.92761      
0.44079       -0.87740      
0.44568       -0.60493      
0.45057       -0.57846      
0.45545       -0.49616      
0.46034       -0.56485      
0.46523       -0.50320      
0.47011       -0.53492      
0.47500       -0.59012      
0.47989       -0.69539      
0.48477       -0.71259      
0.48966       -0.76569      
0.49455       -0.74260      
0.49943       -0.73533      
0.50432       -0.90345      
0.50921       -0.76556      
0.51409       -0.83056      
0.51898       -0.83150      
0.52387       -0.92407      
0.52875       -0.88812      
0.53364       -0.91688      
0.53853       -1.01653      
0.54341       -0.88748      
0.54830       -0.86877      
0.55319       -0.93248      
0.55807       -0.88416      
0.56296       -0.85244      
0.56785       -0.85120      
0.57273       -0.83099      
0.57762       -0.81452      
0.58251       -0.84025      
0.58739       -0.84414      
0.59228       -0.83394      
0.59717       -0.77447      
0.60205       -0.78946      
0.60694       -0.83335      
0.61183       -0.74747      
0.61671       -0.75969      
0.62160       -0.90928      
0.62649       -0.79464      
0.63137       -0.68969      
0.63626       -0.81444      
0.64115       -0.66723      
0.64603       -0.67680      
0.65092       -0.68609      
0.65581       -0.54964      
0.66069       -0.53889      
0.66558       -0.53005      
0.67047       -0.56880      
0.67535       -0.55195      
0.68024       -0.49247      
0.68513       -0.40243      
0.69001       -0.41283      
0.69490       -0.45609      
0.69978       -0.44994      
0.70467       -0.37431      
0.70956       -0.34354      
0.71444       -0.38376      
0.71933       -0.39880      
0.72422       -0.31666      
0.72910       -0.26680      
0.73399       -0.20383      
0.73888       -0.26270      
0.74376       -0.36411      
0.74865       -0.19074      
0.75354       -0.12872      
0.75842       -0.30163      
0.76331       -0.26778      
0.76820       -0.23013      
0.77308       -0.27723      
0.77797       -0.19193      
0.78286       -0.17067      
0.78774       -0.17898      
0.79263       -0.16268      
0.79752       -0.16406      
0.80240       -0.19283      
0.80729       -0.21581      
0.81218       -0.19999      
0.81706       -0.12785      
0.82195       -0.13392      
0.82684       -0.21683      
0.83172       -0.14935      
0.83661       -0.13105      
0.84150       -0.13897      
0.84638       -0.10972      
0.85127       -0.18638      
0.85616       -0.23059      
0.86104       -0.13413      
0.86593       -0.14497      
0.87082       -0.23773      
0.87570       -0.21781      
0.88059       -0.13037      
0.88548       -0.11734      
0.89036       -0.23473      
0.89525       -0.22953      
0.90014       -0.16066      
0.90502       -0.19773      
0.90991       -0.24691      
0.91480       -0.22447      
0.91968       -0.18845      
0.92457       -0.22126      
0.92946       -0.22230      
0.93434       -0.20487      
0.93923       -0.25904      
0.94412       -0.23326      
0.94900       -0.19424      
0.95389       -0.21316      
0.95878       -0.32492      
0.96366       -0.29607      
0.96855       -0.18905      
0.97343       -0.24380      
0.97832       -0.24340      
0.98321       -0.22438      
0.98809       -0.23549      
0.99298       -0.20924      
0.99787       -0.24439      
1.00275       -0.21672      
1.00764       -0.19527      
1.01253       -0.30801      
1.01741       -0.29064      
1.02230       -0.16719      
1.02719       -0.17515      
1.03207       -0.26392      
1.03696       -0.20847      
1.04185       -0.12817      
1.04673       -0.23843      
1.05162       -0.23976      
1.05651       -0.12476      
1.06139       -0.08175      
1.06628       -0.18057      
1.07117       -0.23846      
1.07605       -0.09369      
1.08094       -0.21778      
1.08583       -0.08624      
1.09071       -0.17948      
1.09560       -0.11249      
1.10049       0.01585       
1.10537       -0.06105      
1.11026       -0.05396      
1.11515       -0.01337      
1.12003       -0.02438      
1.12492       -0.09443      
1.12981       -0.10097      
1.13469       -0.06550      
1.13958       -0.13641      
1.14447       -0.01789      
1.14935       -0.04731      
1.15424       -0.13436      
1.15913       -0.06231      
1.16401       -0.03349      
1.16890       -0.07511      
1.17379       -0.12306      
1.17867       -0.08637      
1.18356       -0.01938      
1.18845       -0.04909      
1.19333       -0.07884      
1.19822       -0.09194      
1.20311       -0.02108      
1.20799       -0.03066      
1.21288       -0.10502      
1.21777       0.05551       
1.22265       -0.03302      
1.22754       -0.20628      
1.23243       -0.05289      
1.23731       -0.00151      
1.24220       -0.02095      
1.24709       -0.05243      
1.25197       -0.01221      
1.25686       0.02599       
1.26174       -0.00409      
1.26663       -0.05247      
1.27152       -0.01582      
1.27640       0.01716       
1.28129       -0.02088      
1.28618       -0.09189      
1.29106       -0.13354      
1.29595       -0.06651      
1.30084       -0.01585      
1.30572       -0.08814      
1.31061       -0.12598      
1.31550       -0.01227      
1.32038       -0.07135      
1.32527       -0.16808      
1.33016       -0.07065      
1.33504       -0.08246      
1.33993       -0.18862      
1.34482       -0.15186      
1.34970       -0.10981      
1.35459       -0.13694      
1.35948       -0.12384      
1.36436       -0.04499      
1.36925       -0.10095      
1.37414       -0.16243      
1.37902       -0.07892      
1.38391       -0.01019      
1.38880       -0.02786      
1.39368       -0.10245      
1.39857       -0.05316      
1.40346       -0.03420      
1.40834       -0.01082      
1.41323       -0.04606      
1.41812       -0.00309      
1.42300       -0.04785      
1.42789       -0.13021      
1.43278       -0.06696      
1.43766       -0.00104      
1.44255       -0.05400      
1.44744       -0.16835      
1.45232       -0.13045      
1.45721       -0.02705      
1.46210       0.04853       
1.46698       -0.08355      
1.47187       -0.20982      
1.47676       -0.08574      
1.48164       -0.01683      
1.48653       -0.12192      
1.49142       -0.16631      
1.49630       -0.10694      
1.50119       -0.02881      
1.50608       -0.02850      
1.51096       -0.02819      
1.51585       -0.02789      
1.52074       -0.02759      
1.52562       -0.02730      
1.53051       -0.02701      
1.53539       -0.02673      
1.54028       -0.02644      
1.54517       -0.02617      
1.55005       -0.02589      
1.55494       -0.02562      
1.55983       -0.02536      
1.56471       -0.02509      
1.56960       -0.02483      
1.57449       -0.02458      
1.57937       -0.02433      
1.58426       -0.02408      
1.58915       -0.02383      
1.59403       -0.02359      
1.59892       -0.02335      
1.60381       -0.02311      
1.60869       -0.02288      
1.61358       -0.02265      
1.61847       -0.02242      
1.62335       -0.02220      
1.62824       -0.02198      
1.63313       -0.02176      
1.63801       -0.02154      
1.64290       -0.02133      
1.64779       -0.02112      
1.65267       -0.02091      
1.65756       -0.02071      
1.66245       -0.02051      
1.66733       -0.02031      
1.67222       -0.02011      
1.67711       -0.01992      
1.68199       -0.01972      
1.68688       -0.01953      
1.69177       -0.01935      
1.69665       -0.01916      
1.70154       -0.01898      
1.70643       -0.01880      
1.71131       -0.01862      
1.71620       -0.01844      
1.72109       -0.01827      
1.72597       -0.01810      
1.73086       -0.01793      
1.73575       -0.01776      
1.74063       -0.01760      
1.74552       -0.01743      
1.75041       -0.01727      
1.75529       -0.01711      
1.76018       -0.01695      
1.76507       -0.01680      
1.76995       -0.01664      
1.77484       -0.01649      
1.77973       -0.01634      
1.78461       -0.01619      
1.78950       -0.01604      
1.79439       -0.01590      
1.79927       -0.01576      
1.80416       -0.01561      
1.80904       -0.01547      
1.81393       -0.01534      
1.81882       -0.01520      
1.82370       -0.01506      
1.82859       -0.01493      
1.83348       -0.01480      
1.83836       -0.01467      
1.84325       -0.01454      
1.84814       -0.01441      
1.85302       -0.01428      
1.85791       -0.01416      
1.86280       -0.01403      
1.86768       -0.01391      
1.87257       -0.01379      
1.87746       -0.01367      
1.88234       -0.01355      
1.88723       -0.01344      
1.89212       -0.01332      
1.89700       -0.01321      
1.90189       -0.01310      
1.90678       -0.01298      
1.91166       -0.01287      
1.91655       -0.01276      
1.92144       -0.01266      
1.92632       -0.01255      
1.93121       -0.01244      
1.93610       -0.01234      
1.94098       -0.01224      
1.94587       -0.01213      
1.95076       -0.01203      
1.95564       -0.01193      
1.96053       -0.01183      
1.96542       -0.01173      
1.97030       -0.01164      
1.97519       -0.01154      
1.98008       -0.01145      
1.98496       -0.01135      
1.98985       -0.01126      
1.99474       -0.01117      
1.99962       -0.01108      
2.00451       -0.01099      
2.00940       -0.01090      
2.01428       -0.01081      
2.01917       -0.01072      
2.02406       -0.01064      
2.02894       -0.01055      
2.03383       -0.01047      
2.03872       -0.01038      
2.04360       -0.01030      
2.04849       -0.01022      
2.05338       -0.01014      
2.05826       -0.01006      
2.06315       -0.00998      
2.06804       -0.00990      
2.07292       -0.00982      
2.07781       -0.00974      
2.08270       -0.00967      
2.08758       -0.00959      
2.09247       -0.00952      
2.09735       -0.00944      
2.10224       -0.00937      
2.10713       -0.00930      
2.11201       -0.00923      
2.11690       -0.00915      
2.12179       -0.00908      
2.12667       -0.00901      
2.13156       -0.00895      
2.13645       -0.00888      
2.14133       -0.00881      
2.14622       -0.00874      
2.15111       -0.00868      
2.15599       -0.00861      
2.16088       -0.00855      
2.16577       -0.00848      
2.17065       -0.00842      
2.17554       -0.00835      
2.18043       -0.00829      
2.18531       -0.00823      
2.19020       -0.00817      
2.19509       -0.00811      
2.19997       -0.00805      
2.20486       -0.00799      
2.20975       -0.00793      
2.21463       -0.00787      
2.21952       -0.00781      
2.22441       -0.00775      
2.22929       -0.00770      
2.23418       -0.00764      
2.23907       -0.00758      
2.24395       -0.00753      
2.24884       -0.00747      
2.25373       -0.00742      
2.25861       -0.00737      
2.26350       -0.00731      
2.26839       -0.00726      
2.27327       -0.00721      
2.27816       -0.00716      
2.28305       -0.00711      
2.28793       -0.00705      
2.29282       -0.00700      
2.29771       -0.00695      
2.30259       -0.00690      
2.30748       -0.00686      
2.31237       -0.00681      
2.31725       -0.00676      
2.32214       -0.00671      
2.32703       -0.00666      
2.33191       -0.00662      
2.33680       -0.00657      
2.34169       -0.00652      
2.34657       -0.00648      
2.35146       -0.00643      
2.35635       -0.00639      
2.36123       -0.00634      
2.36612       -0.00630      
2.37100       -0.00626      
2.37589       -0.00621      
2.38078       -0.00617      
2.38566       -0.00613      
2.39055       -0.00609      
2.39544       -0.00604      
2.40032       -0.00600      
2.40521       -0.00596      
2.41010       -0.00592      
2.41498       -0.00588      
2.41987       -0.00584      
2.42476       -0.00580      
2.42964       -0.00576      
2.43453       -0.00572      
2.43942       -0.00568      
2.44430       -0.00565      
2.44919       -0.00561      
2.45408       -0.00557      
2.45896       -0.00553      
2.46385       -0.00550      
2.46874       -0.00546      
2.47362       -0.00542      
2.47851       -0.00539      
2.48340       -0.00535      
2.48828       -0.00532      
2.49317       -0.00528      
2.49806       -0.00525      
2.50294       -0.00521      
2.50783       -0.00518      
2.51272       -0.00514      
2.51760       -0.00511      
2.52249       -0.00508      
2.52738       -0.00504      
2.53226       -0.00501      
2.53715       -0.00498      
2.54204       -0.00495      
2.54692       -0.00491      
2.55181       -0.00488      
2.55670       -0.00485      
2.56158       -0.00482      
2.56647       -0.00479      
2.57136       -0.00476      
2.57624       -0.00473      
2.58113       -0.00470      
2.58602       -0.00467      
2.59090       -0.00464      
2.59579       -0.00461      
2.60068       -0.00458      
2.60556       -0.00455      
2.61045       -0.00452      
2.61534       -0.00449      
2.62022       -0.00446      
2.62511       -0.00444      
2.63000       -0.00441      
2.63488       -0.00438      
2.63977       -0.00435      
2.64465       -0.00433      
2.64954       -0.00430      
2.65443       -0.00427      
2.65931       -0.00425      
2.66420       -0.00422      
2.66909       -0.00419      
2.67397       -0.00417      
2.67886       -0.00414      
2.68375       -0.00412      
2.68863       -0.00409      
2.69352       -0.00407      
2.69841       -0.00404      
2.70329       -0.00402      
2.70818       -0.00399      
2.71307       -0.00397      
2.71795       -0.00394      
2.72284       -0.00392      
2.72773       -0.00390      
2.73261       -0.00387      
2.73750       -0.00385      
2.74239       -0.00382      
2.74727       -0.00380      
2.75216       -0.00378      
2.75705       -0.00376      
2.76193       -0.00373      
2.76682       -0.00371      
2.77171       -0.00369      
2.77659       -0.00367      
2.78148       -0.00365      
2.78637       -0.00362      
2.79125       -0.00360      
2.79614       -0.00358      
2.80103       -0.00356      
2.80591       -0.00354      
2.81080       -0.00352      
2.81569       -0.00350      
2.82057       -0.00348      
2.82546       -0.00346      
2.83035       -0.00344      
2.83523       -0.00342      
2.84012       -0.00340      
2.84501       -0.00338      
2.84989       -0.00336      
2.85478       -0.00334      
2.85967       -0.00332      
2.86455       -0.00330      
2.86944       -0.00328      
2.87433       -0.00326      
2.87921       -0.00324      
2.88410       -0.00322      
2.88899       -0.00320      
2.89387       -0.00318      
2.89876       -0.00317      
2.90365       -0.00315      
2.90853       -0.00313      
2.91342       -0.00311      
2.91830       -0.00309      
2.92319       -0.00308      
2.92808       -0.00306      
2.93296       -0.00304      
2.93785       -0.00303      
2.94274       -0.00301      
2.94762       -0.00299      
2.95251       -0.00297      
2.95740       -0.00296      
2.96228       -0.00294      
2.96717       -0.00292      
2.97206       -0.00291      
2.97694       -0.00289      
2.98183       -0.00288      
2.98672       -0.00286      
2.99160       -0.00284      
2.99649       -0.00283      
3.00138       -0.00281      
3.00626       -0.00280      
3.01115       -0.00278      
3.01604       -0.00277      
3.02092       -0.00275      
3.02581       -0.00273      
3.03070       -0.00272      
3.03558       -0.00270      
3.04047       -0.00269      
3.04536       -0.00268      
3.05024       -0.00266      
3.05513       -0.00265      
3.06002       -0.00263      
3.06490       -0.00262      
3.06979       -0.00260      
3.07468       -0.00259      
3.07956       -0.00257      
3.08445       -0.00256      
3.08934       -0.00255      
3.09422       -0.00253      
3.09911       -0.00252      
3.10400       -0.00251      
3.10888       -0.00249      
3.11377       -0.00248      
3.11866       -0.00247      
3.12354       -0.00245      
3.12843       -0.00244      
3.13332       -0.00243      
3.13820       -0.00241      
3.14309       -0.00240      
3.14798       -0.00239      
3.15286       -0.00237      
3.15775       -0.00236      
3.16264       -0.00235      
3.16752       -0.00234      
3.17241       -0.00232      
3.17730       -0.00231      
3.18218       -0.00230      
3.18707       -0.00229      
3.19196       -0.00228      
3.19684       -0.00226      
3.20173       -0.00225      
3.20661       -0.00224      
3.21150       -0.00223      
3.21639       -0.00222      
3.22127       -0.00221      
3.22616       -0.00219      
3.23105       -0.00218      
3.23593       -0.00217      
3.24082       -0.00216      
3.24571       -0.00215      
3.25059       -0.00214      
3.25548       -0.00213      
3.26037       -0.00212      
3.26525       -0.00211      
3.27014       -0.00209      
3.27503       -0.00208      
3.27991       -0.00207      
3.28480       -0.00206      
3.28969       -0.00205      
3.29457       -0.00204      
3.29946       -0.00203      
3.30435       -0.00202      
3.30923       -0.00201      
3.31412       -0.00200      
3.31901       -0.00199      
3.32389       -0.00198      
3.32878       -0.00197      
3.33367       -0.00196      
3.33855       -0.00195      
3.34344       -0.00194      
3.34833       -0.00193      
3.35321       -0.00192      
3.35810       -0.00191      
3.36299       -0.00190      
3.36787       -0.00189      
3.37276       -0.00188      
3.37765       -0.00187      
3.38253       -0.00186      
3.38742       -0.00185      
3.39231       -0.00185      
3.39719       -0.00184      
3.40208       -0.00183      
3.40697       -0.00182      
3.41185       -0.00181      
3.41674       -0.00180      
3.42163       -0.00179      
3.42651       -0.00178      
3.43140       -0.00177      
3.43629       -0.00176      
3.44117       -0.00176      
3.44606       -0.00175      
3.45095       -0.00174      
3.45583       -0.00173      
3.46072       -0.00172      
3.46561       -0.00171      
3.47049       -0.00171      
3.47538       -0.00170      
3.48026       -0.00169      
3.48515       -0.00168      
3.49004       -0.00167      
3.49492       -0.00166      
3.49981       -0.00166      
3.50470       -0.00165      
3.50958       -0.00164      
3.51447       -0.00163      
3.51936       -0.00162      
3.52424       -0.00162      
3.52913       -0.00161      
3.53402       -0.00160      
3.53890       -0.00159      
3.54379       -0.00159      
3.54868       -0.00158      
3.55356       -0.00157      
3.55845       -0.00156      
3.56334       -0.00156      
3.56822       -0.00155      
3.57311       -0.00154      
3.57800       -0.00153      
3.58288       -0.00153      
3.58777       -0.00152      
3.59266       -0.00151      
3.59754       -0.00151      
3.60243       -0.00150      
3.60732       -0.00149      
3.61220       -0.00148      
3.61709       -0.00148      
3.62198       -0.00147      
3.62686       -0.00146      
3.63175       -0.00146      
3.63664       -0.00145      
3.64152       -0.00144      
3.64641       -0.00144      
3.65130       -0.00143      
3.65618       -0.00142      
3.66107       -0.00142      
3.66596       -0.00141      
3.67084       -0.00140      
3.67573       -0.00140      
3.68062       -0.00139      
3.68550       -0.00138      
3.69039       -0.00138      
3.69528       -0.00137      
3.70016       -0.00136      
3.70505       -0.00136      
3.70994       -0.00135      
3.71482       -0.00135      
3.71971       -0.00134      
3.72460       -0.00133      
3.72948       -0.00133      
3.73437       -0.00132      
3.73926       -0.00132      
3.74414       -0.00131      
3.74903       -0.00130      
3.75391       -0.00130      
3.75880       -0.00129      
3.76369       -0.00129      
3.76857       -0.00128      
3.77346       -0.00127      
3.77835       -0.00127      
3.78323       -0.00126      
3.78812       -0.00126      
3.79301       -0.00125      
3.79789       -0.00125      
3.80278       -0.00124      
3.80767       -0.00123      
3.81255       -0.00123      
3.81744       -0.00122      
3.82233       -0.00122      
3.82721       -0.00121      
3.83210       -0.00121      
3.83699       -0.00120      
3.84187       -0.00120      
3.84676       -0.00119      
3.85165       -0.00119      
3.85653       -0.00118      
3.86142       -0.00118      
3.86631       -0.00117      
3.87119       -0.00117      
3.87608       -0.00116      
3.88097       -0.00115      
3.88585       -0.00115      
3.89074       -0.00114      
3.89563       -0.00114      
3.90051       -0.00113      
3.90540       -0.00113      
3.91029       -0.00112      
3.91517       -0.00112      
3.92006       -0.00111      
3.92495       -0.00111      
3.92983       -0.00111      
3.93472       -0.00110      
3.93961       -0.00110      
3.94449       -0.00109      
3.94938       -0.00109      
3.95427       -0.00108      
3.95915       -0.00108      
3.96404       -0.00107      
3.96893       -0.00107      
3.97381       -0.00106      
3.97870       -0.00106      
3.98359       -0.00105      
3.98847       -0.00105      
3.99336       -0.00104      
3.99825       -0.00104      
4.00313       -0.00104      
4.00802       -0.00103      
4.01291       -0.00103      
4.01779       -0.00102      
4.02268       -0.00102      
4.02757       -0.00101      
4.03245       -0.00101      
4.03734       -0.00101      
4.04222       -0.00100      
4.04711       -0.00100      
4.05200       -0.00099      
4.05688       -0.00099      
4.06177       -0.00098      
4.06666       -0.00098      
4.07154       -0.00098      
4.07643       -0.00097      
4.08132       -0.00097      
4.08620       -0.00096      
4.09109       -0.00096      
4.09598       -0.00096      
4.10086       -0.00095      
4.10575       -0.00095      
4.11064       -0.00094      
4.11552       -0.00094      
4.12041       -0.00094      
4.12530       -0.00093      
4.13018       -0.00093      
4.13507       -0.00092      
4.13996       -0.00092      
4.14484       -0.00092      
4.14973       -0.00091      
4.15462       -0.00091      
4.15950       -0.00090      
4.16439       -0.00090      
4.16928       -0.00090      
4.17416       -0.00089      
4.17905       -0.00089      
4.18394       -0.00089      
4.18882       -0.00088      
4.19371       -0.00088      
4.19860       -0.00088      
4.20348       -0.00087      
4.20837       -0.00087      
4.21326       -0.00086      
4.21814       -0.00086      
4.22303       -0.00086      
4.22792       -0.00085      
4.23280       -0.00085      
4.23769       -0.00085      
4.24258       -0.00084      
4.24746       -0.00084      
4.25235       -0.00084      
4.25724       -0.00083      
4.26212       -0.00083      
4.26701       -0.00083      
4.27190       -0.00082      
4.27678       -0.00082      
4.28167       -0.00082      
4.28656       -0.00081      
4.29144       -0.00081      
4.29633       -0.00081      
4.30122       -0.00080      
4.30610       -0.00080      
4.31099       -0.00080      
4.31587       -0.00079      
4.32076       -0.00079      
4.32565       -0.00079      
4.33053       -0.00078      
4.33542       -0.00078      
4.34031       -0.00078      
4.34519       -0.00078      
4.35008       -0.00077      
4.35497       -0.00077      
4.35985       -0.00077      
4.36474       -0.00076      
4.36963       -0.00076      
4.37451       -0.00076      
4.37940       -0.00075      
4.38429       -0.00075      
4.38917       -0.00075      
4.39406       -0.00075      
4.39895       -0.00074      
4.40383       -0.00074      
4.40872       -0.00074      
4.41361       -0.00073      
4.41849       -0.00073      
4.42338       -0.00073      
4.42827       -0.00072      
4.43315       -0.00072      
4.43804       -0.00072      
4.44293       -0.00072      
4.44781       -0.00071      
4.45270       -0.00071      
4.45759       -0.00071      
4.46247       -0.00071      
4.46736       -0.00070      
4.47225       -0.00070      
4.47713       -0.00070      
4.48202       -0.00069      
4.48691       -0.00069      
4.49179       -0.00069      
4.49668       -0.00069      
4.50157       -0.00068      
4.50645       -0.00068      
4.51134       -0.00068      
4.51623       -0.00068      
4.52111       -0.00067      
4.52600       -0.00067      
4.53089       -0.00067      
4.53577       -0.00067      
4.54066       -0.00066      
4.54555       -0.00066      
4.55043       -0.00066      
4.55532       -0.00066      
4.56021       -0.00065      
4.56509       -0.00065      
4.56998       -0.00065      
4.57487       -0.00065      
4.57975       -0.00064      
4.58464       -0.00064      
4.58952       -0.00064      
4.59441       -0.00064      
4.59930       -0.00063      
4.60418       -0.00063      
4.60907       -0.00063      
4.61396       -0.00063      
4.61884       -0.00062      
4.62373       -0.00062      
4.62862       -0.00062      
4.63350       -0.00062      
4.63839       -0.00061      
4.64328       -0.00061      
4.64816       -0.00061      
4.65305       -0.00061      
4.65794       -0.00061      
4.66282       -0.00060      
4.66771       -0.00060      
4.67260       -0.00060      
4.67748       -0.00060      
4.68237       -0.00059      
4.68726       -0.00059      
4.69214       -0.00059      
4.69703       -0.00059      
4.70192       -0.00059      
4.70680       -0.00058      
4.71169       -0.00058      
4.71658       -0.00058      
4.72146       -0.00058      
4.72635       -0.00057      
4.73124       -0.00057      
4.73612       -0.00057      
4.74101       -0.00057      
4.74590       -0.00057      
4.75078       -0.00056      
4.75567       -0.00056      
4.76056       -0.00056      
4.76544       -0.00056      
4.77033       -0.00056      
4.77522       -0.00055      
4.78010       -0.00055      
4.78499       -0.00055      
4.78988       -0.00055      
4.79476       -0.00055      
4.79965       -0.00054      
4.80454       -0.00054      
4.80942       -0.00054      
4.81431       -0.00054      
4.81920       -0.00054      
4.82408       -0.00053      
4.82897       -0.00053      
4.83386       -0.00053      
4.83874       -0.00053      
4.84363       -0.00053      
4.84852       -0.00052      
4.85340       -0.00052      
4.85829       -0.00052      
4.86317       -0.00052      
4.86806       -0.00052      
4.87295       -0.00051      
4.87783       -0.00051      
4.88272       -0.00051      
4.88761       -0.00051      
4.89249       -0.00051      
4.89738       -0.00051      
4.90227       -0.00050      
4.90715       -0.00050      
4.91204       -0.00050      
4.91693       -0.00050      
4.92181       -0.00050      
4.92670       -0.00049      
4.93159       -0.00049      
4.93647       -0.00049      
4.94136       -0.00049      
4.94625       -0.00049      
4.95113       -0.00049      
4.95602       -0.00048      
4.96091       -0.00048      
4.96579       -0.00048      
4.97068       -0.00048      
4.97557       -0.00048      
4.98045       -0.00048      
4.98534       -0.00047      
4.99023       -0.00047      
4.99511       -0.00047      
5.00000       -0.00047      
