0.00100       1000000000006650740080640.00000
0.00589       577588570142770.25000
0.01077       409124583271.15332
0.01566       4597878295.28164
0.02055       176670161.64696
0.02543       13652850.40466
0.03032       1657035.66004 
0.03521       275862.28136  
0.04009       58051.68253   
0.04498       14665.08586   
0.04987       4312.63761    
0.05475       1460.24507    
0.05964       572.27856     
0.06453       264.03171     
0.06941       145.87810     
0.07430       95.98492      
0.07919       72.11255      
0.08407       58.99215      
0.08896       51.10498      
0.09385       45.48223      
0.09873       41.27617      
0.10362       38.11585      
0.10851       35.16589      
0.11339       32.31592      
0.11828       29.46455      
0.12317       26.62808      
0.12805       24.06891      
0.13294       21.90904      
0.13783       19.88277      
0.14271       18.22721      
0.14760       16.48091      
0.15248       15.07787      
0.15737       13.60803      
0.16226       12.38450      
0.16714       11.22770      
0.17203       9.91445       
0.17692       8.56613       
0.18180       7.19944       
0.18669       5.80297       
0.19158       4.47704       
0.19646       3.24865       
0.20135       2.16366       
0.20624       1.21779       
0.21112       0.30817       
0.21601       -0.22295      
0.22090       -0.87591      
0.22578       -1.43237      
0.23067       -1.98476      
0.23556       -2.37202      
0.24044       -2.75100      
0.24533       -2.93893      
0.25022       -2.99939      
0.25510       -2.84282      
0.25999       -2.80143      
0.26488       -2.54916      
0.26976       -2.28714      
0.27465       -2.08133      
0.27954       -1.92595      
0.28442       -1.86354      
0.28931       -1.99224      
0.29420       -2.40083      
0.29908       -2.81122      
0.30397       -3.18038      
0.30886       -3.47317      
0.31374       -3.61479      
0.31863       -3.59676      
0.32352       -3.47797      
0.32840       -3.29106      
0.33329       -2.99024      
0.33818       -2.53354      
0.34306       -2.15047      
0.34795       -1.67295      
0.35284       -1.11477      
0.35772       -0.61850      
0.36261       -0.07662      
0.36750       0.54112       
0.37238       1.01165       
0.37727       1.44366       
0.38216       1.90162       
0.38704       2.23353       
0.39193       2.57045       
0.39682       2.92627       
0.40170       3.15054       
0.40659       3.44675       
0.41148       3.72092       
0.41636       3.82884       
0.42125       4.14031       
0.42613       4.29269       
0.43102       4.44282       
0.43591       4.50629       
0.44079       4.56014       
0.44568       4.60202       
0.45057       4.54480       
0.45545       4.54663       
0.46034       4.50195       
0.46523       4.43276       
0.47011       4.41265       
0.47500       4.30993       
0.47989       4.25770       
0.48477       4.20454       
0.48966       4.12097       
0.49455       4.08411       
0.49943       3.90860       
0.50432       3.89108       
0.50921       3.86767       
0.51409       3.75122       
0.51898       3.70485       
0.52387       3.66902       
0.52875       3.57578       
0.53364       3.51330       
0.53853       3.50884       
0.54341       3.47346       
0.54830       3.41085       
0.55319       3.38157       
0.55807       3.38346       
0.56296       3.34228       
0.56785       3.30143       
0.57273       3.31124       
0.57762       3.28831       
0.58251       3.24308       
0.58739       3.23967       
0.59228       3.21659       
0.59717       3.17528       
0.60205       3.13759       
0.60694       3.15799       
0.61183       3.17215       
0.61671       3.06288       
0.62160       3.06535       
0.62649       3.15320       
0.63137       3.06867       
0.63626       3.07990       
0.64115       3.04884       
0.64603       3.07298       
0.65092       3.17521       
0.65581       3.10797       
0.66069       3.01032       
0.66558       3.16781       
0.67047       3.16679       
0.67535       3.03236       
0.68024       3.15115       
0.68513       3.18177       
0.69001       3.15189       
0.69490       3.11862       
0.69978       3.15684       
0.70467       3.15623       
0.70956       3.14326       
0.71444       3.14118       
0.71933       3.14995       
0.72422       3.14859       
0.72910       3.12441       
0.73399       3.15100       
0.73888       3.11807       
0.74376       3.09933       
0.74865       3.12368       
0.75354       3.09113       
0.75842       3.08100       
0.76331       3.06447       
0.76820       3.04633       
0.77308       3.03250       
0.77797       3.03130       
0.78286       3.06627       
0.78774       3.03693       
0.79263       2.96867       
0.79752       2.97193       
0.80240       2.94997       
0.80729       2.94415       
0.81218       2.91760       
0.81706       2.87475       
0.82195       2.89303       
0.82684       2.86860       
0.83172       2.78900       
0.83661       2.85485       
0.84150       2.82507       
0.84638       2.74270       
0.85127       2.71305       
0.85616       2.67243       
0.86104       2.63495       
0.86593       2.59846       
0.87082       2.60890       
0.87570       2.57431       
0.88059       2.52565       
0.88548       2.60057       
0.89036       2.53065       
0.89525       2.44047       
0.90014       2.50147       
0.90502       2.51783       
0.90991       2.39833       
0.91480       2.39097       
0.91968       2.44874       
0.92457       2.40330       
0.92946       2.35727       
0.93434       2.38719       
0.93923       2.33054       
0.94412       2.26196       
0.94900       2.37133       
0.95389       2.31656       
0.95878       2.27729       
0.96366       2.23948       
0.96855       2.23706       
0.97343       2.24450       
0.97832       2.22504       
0.98321       2.16723       
0.98809       2.17031       
0.99298       2.18806       
0.99787       2.17092       
1.00275       2.17304       
1.00764       2.16935       
1.01253       2.11022       
1.01741       2.12051       
1.02230       2.16485       
1.02719       2.09518       
1.03207       2.06197       
1.03696       2.10517       
1.04185       2.10880       
1.04673       2.07414       
1.05162       2.04614       
1.05651       2.08620       
1.06139       2.06999       
1.06628       2.02618       
1.07117       1.97043       
1.07605       1.98990       
1.08094       1.94348       
1.08583       2.03089       
1.09071       2.00258       
1.09560       1.98247       
1.10049       1.96133       
1.10537       1.96940       
1.11026       2.00001       
1.11515       1.96657       
1.12003       1.91293       
1.12492       1.87377       
1.12981       1.87760       
1.13469       1.88088       
1.13958       1.83952       
1.14447       1.88424       
1.14935       1.87260       
1.15424       1.77040       
1.15913       1.78682       
1.16401       1.82300       
1.16890       1.73605       
1.17379       1.78210       
1.17867       1.76411       
1.18356       1.73702       
1.18845       1.70405       
1.19333       1.67918       
1.19822       1.67671       
1.20311       1.70156       
1.20799       1.69804       
1.21288       1.60571       
1.21777       1.67886       
1.22265       1.72294       
1.22754       1.58682       
1.23243       1.61940       
1.23731       1.59912       
1.24220       1.63204       
1.24709       1.65373       
1.25197       1.61950       
1.25686       1.61556       
1.26174       1.61715       
1.26663       1.58460       
1.27152       1.56970       
1.27640       1.54397       
1.28129       1.56041       
1.28618       1.58269       
1.29106       1.55926       
1.29595       1.59885       
1.30084       1.65485       
1.30572       1.56524       
1.31061       1.57205       
1.31550       1.61572       
1.32038       1.61339       
1.32527       1.56272       
1.33016       1.52183       
1.33504       1.50268       
1.33993       1.52191       
1.34482       1.52960       
1.34970       1.44809       
1.35459       1.42138       
1.35948       1.49622       
1.36436       1.52843       
1.36925       1.46713       
1.37414       1.39061       
1.37902       1.41149       
1.38391       1.44421       
1.38880       1.42991       
1.39368       1.37852       
1.39857       1.33271       
1.40346       1.36042       
1.40834       1.42787       
1.41323       1.33251       
1.41812       1.40533       
1.42300       1.36366       
1.42789       1.29248       
1.43278       1.33382       
1.43766       1.34872       
1.44255       1.34733       
1.44744       1.30504       
1.45232       1.33472       
1.45721       1.29127       
1.46210       1.26922       
1.46698       1.33466       
1.47187       1.30676       
1.47676       1.20685       
1.48164       1.21644       
1.48653       1.31190       
1.49142       1.21744       
1.49630       1.15932       
1.50119       1.21309       
1.50608       1.20517       
1.51096       1.19731       
1.51585       1.18949       
1.52074       1.18172       
1.52562       1.17400       
1.53051       1.16633       
1.53539       1.15871       
1.54028       1.15113       
1.54517       1.14361       
1.55005       1.13613       
1.55494       1.12870       
1.55983       1.12132       
1.56471       1.11399       
1.56960       1.10670       
1.57449       1.09946       
1.57937       1.09227       
1.58426       1.08512       
1.58915       1.07802       
1.59403       1.07097       
1.59892       1.06396       
1.60381       1.05699       
1.60869       1.05007       
1.61358       1.04319       
1.61847       1.03636       
1.62335       1.02957       
1.62824       1.02283       
1.63313       1.01613       
1.63801       1.00947       
1.64290       1.00286       
1.64779       0.99628       
1.65267       0.98975       
1.65756       0.98327       
1.66245       0.97682       
1.66733       0.97042       
1.67222       0.96405       
1.67711       0.95773       
1.68199       0.95145       
1.68688       0.94521       
1.69177       0.93901       
1.69665       0.93285       
1.70154       0.92673       
1.70643       0.92065       
1.71131       0.91461       
1.71620       0.90861       
1.72109       0.90265       
1.72597       0.89672       
1.73086       0.89084       
1.73575       0.88499       
1.74063       0.87918       
1.74552       0.87341       
1.75041       0.86768       
1.75529       0.86198       
1.76018       0.85632       
1.76507       0.85069       
1.76995       0.84511       
1.77484       0.83956       
1.77973       0.83404       
1.78461       0.82856       
1.78950       0.82312       
1.79439       0.81771       
1.79927       0.81234       
1.80416       0.80700       
1.80904       0.80170       
1.81393       0.79643       
1.81882       0.79120       
1.82370       0.78600       
1.82859       0.78083       
1.83348       0.77570       
1.83836       0.77060       
1.84325       0.76554       
1.84814       0.76051       
1.85302       0.75551       
1.85791       0.75054       
1.86280       0.74560       
1.86768       0.74070       
1.87257       0.73583       
1.87746       0.73099       
1.88234       0.72619       
1.88723       0.72141       
1.89212       0.71666       
1.89700       0.71195       
1.90189       0.70727       
1.90678       0.70262       
1.91166       0.69799       
1.91655       0.69340       
1.92144       0.68884       
1.92632       0.68431       
1.93121       0.67981       
1.93610       0.67533       
1.94098       0.67089       
1.94587       0.66648       
1.95076       0.66209       
1.95564       0.65773       
1.96053       0.65341       
1.96542       0.64911       
1.97030       0.64483       
1.97519       0.64059       
1.98008       0.63637       
1.98496       0.63218       
1.98985       0.62802       
1.99474       0.62389       
1.99962       0.61978       
2.00451       0.61570       
2.00940       0.61165       
2.01428       0.60762       
2.01917       0.60362       
2.02406       0.59965       
2.02894       0.59570       
2.03383       0.59178       
2.03872       0.58788       
2.04360       0.58401       
2.04849       0.58017       
2.05338       0.57635       
2.05826       0.57255       
2.06315       0.56878       
2.06804       0.56503       
2.07292       0.56131       
2.07781       0.55762       
2.08270       0.55394       
2.08758       0.55030       
2.09247       0.54667       
2.09735       0.54307       
2.10224       0.53949       
2.10713       0.53594       
2.11201       0.53241       
2.11690       0.52890       
2.12179       0.52542       
2.12667       0.52196       
2.13156       0.51852       
2.13645       0.51510       
2.14133       0.51171       
2.14622       0.50834       
2.15111       0.50499       
2.15599       0.50166       
2.16088       0.49836       
2.16577       0.49507       
2.17065       0.49181       
2.17554       0.48857       
2.18043       0.48535       
2.18531       0.48215       
2.19020       0.47898       
2.19509       0.47582       
2.19997       0.47269       
2.20486       0.46957       
2.20975       0.46648       
2.21463       0.46340       
2.21952       0.46035       
2.22441       0.45731       
2.22929       0.45430       
2.23418       0.45131       
2.23907       0.44833       
2.24395       0.44538       
2.24884       0.44244       
2.25373       0.43953       
2.25861       0.43663       
2.26350       0.43375       
2.26839       0.43089       
2.27327       0.42805       
2.27816       0.42523       
2.28305       0.42243       
2.28793       0.41964       
2.29282       0.41688       
2.29771       0.41413       
2.30259       0.41140       
2.30748       0.40869       
2.31237       0.40600       
2.31725       0.40332       
2.32214       0.40066       
2.32703       0.39802       
2.33191       0.39540       
2.33680       0.39279       
2.34169       0.39020       
2.34657       0.38763       
2.35146       0.38507       
2.35635       0.38253       
2.36123       0.38001       
2.36612       0.37751       
2.37100       0.37502       
2.37589       0.37254       
2.38078       0.37009       
2.38566       0.36765       
2.39055       0.36522       
2.39544       0.36282       
2.40032       0.36042       
2.40521       0.35805       
2.41010       0.35569       
2.41498       0.35334       
2.41987       0.35101       
2.42476       0.34870       
2.42964       0.34640       
2.43453       0.34412       
2.43942       0.34185       
2.44430       0.33959       
2.44919       0.33735       
2.45408       0.33513       
2.45896       0.33292       
2.46385       0.33072       
2.46874       0.32854       
2.47362       0.32638       
2.47851       0.32422       
2.48340       0.32209       
2.48828       0.31996       
2.49317       0.31785       
2.49806       0.31576       
2.50294       0.31367       
2.50783       0.31161       
2.51272       0.30955       
2.51760       0.30751       
2.52249       0.30548       
2.52738       0.30347       
2.53226       0.30147       
2.53715       0.29948       
2.54204       0.29750       
2.54692       0.29554       
2.55181       0.29359       
2.55670       0.29166       
2.56158       0.28973       
2.56647       0.28782       
2.57136       0.28592       
2.57624       0.28404       
2.58113       0.28216       
2.58602       0.28030       
2.59090       0.27846       
2.59579       0.27662       
2.60068       0.27479       
2.60556       0.27298       
2.61045       0.27118       
2.61534       0.26939       
2.62022       0.26762       
2.62511       0.26585       
2.63000       0.26410       
2.63488       0.26236       
2.63977       0.26063       
2.64465       0.25891       
2.64954       0.25720       
2.65443       0.25550       
2.65931       0.25382       
2.66420       0.25214       
2.66909       0.25048       
2.67397       0.24883       
2.67886       0.24719       
2.68375       0.24556       
2.68863       0.24394       
2.69352       0.24233       
2.69841       0.24073       
2.70329       0.23914       
2.70818       0.23757       
2.71307       0.23600       
2.71795       0.23444       
2.72284       0.23290       
2.72773       0.23136       
2.73261       0.22983       
2.73750       0.22832       
2.74239       0.22681       
2.74727       0.22531       
2.75216       0.22383       
2.75705       0.22235       
2.76193       0.22089       
2.76682       0.21943       
2.77171       0.21798       
2.77659       0.21654       
2.78148       0.21512       
2.78637       0.21370       
2.79125       0.21229       
2.79614       0.21089       
2.80103       0.20950       
2.80591       0.20811       
2.81080       0.20674       
2.81569       0.20538       
2.82057       0.20402       
2.82546       0.20268       
2.83035       0.20134       
2.83523       0.20001       
2.84012       0.19869       
2.84501       0.19738       
2.84989       0.19608       
2.85478       0.19479       
2.85967       0.19350       
2.86455       0.19222       
2.86944       0.19096       
2.87433       0.18970       
2.87921       0.18845       
2.88410       0.18720       
2.88899       0.18597       
2.89387       0.18474       
2.89876       0.18352       
2.90365       0.18231       
2.90853       0.18111       
2.91342       0.17991       
2.91830       0.17873       
2.92319       0.17755       
2.92808       0.17638       
2.93296       0.17521       
2.93785       0.17406       
2.94274       0.17291       
2.94762       0.17177       
2.95251       0.17063       
2.95740       0.16951       
2.96228       0.16839       
2.96717       0.16728       
2.97206       0.16618       
2.97694       0.16508       
2.98183       0.16399       
2.98672       0.16291       
2.99160       0.16183       
2.99649       0.16077       
3.00138       0.15971       
3.00626       0.15865       
3.01115       0.15761       
3.01604       0.15657       
3.02092       0.15553       
3.02581       0.15451       
3.03070       0.15349       
3.03558       0.15248       
3.04047       0.15147       
3.04536       0.15047       
3.05024       0.14948       
3.05513       0.14849       
3.06002       0.14751       
3.06490       0.14654       
3.06979       0.14557       
3.07468       0.14461       
3.07956       0.14366       
3.08445       0.14271       
3.08934       0.14177       
3.09422       0.14083       
3.09911       0.13990       
3.10400       0.13898       
3.10888       0.13806       
3.11377       0.13715       
3.11866       0.13625       
3.12354       0.13535       
3.12843       0.13446       
3.13332       0.13357       
3.13820       0.13269       
3.14309       0.13181       
3.14798       0.13094       
3.15286       0.13008       
3.15775       0.12922       
3.16264       0.12837       
3.16752       0.12752       
3.17241       0.12668       
3.17730       0.12584       
3.18218       0.12501       
3.18707       0.12419       
3.19196       0.12337       
3.19684       0.12255       
3.20173       0.12175       
3.20661       0.12094       
3.21150       0.12014       
3.21639       0.11935       
3.22127       0.11856       
3.22616       0.11778       
3.23105       0.11700       
3.23593       0.11623       
3.24082       0.11547       
3.24571       0.11470       
3.25059       0.11395       
3.25548       0.11319       
3.26037       0.11245       
3.26525       0.11171       
3.27014       0.11097       
3.27503       0.11024       
3.27991       0.10951       
3.28480       0.10879       
3.28969       0.10807       
3.29457       0.10736       
3.29946       0.10665       
3.30435       0.10594       
3.30923       0.10524       
3.31412       0.10455       
3.31901       0.10386       
3.32389       0.10317       
3.32878       0.10249       
3.33367       0.10182       
3.33855       0.10114       
3.34344       0.10048       
3.34833       0.09981       
3.35321       0.09916       
3.35810       0.09850       
3.36299       0.09785       
3.36787       0.09721       
3.37276       0.09656       
3.37765       0.09593       
3.38253       0.09529       
3.38742       0.09466       
3.39231       0.09404       
3.39719       0.09342       
3.40208       0.09280       
3.40697       0.09219       
3.41185       0.09158       
3.41674       0.09098       
3.42163       0.09038       
3.42651       0.08978       
3.43140       0.08919       
3.43629       0.08860       
3.44117       0.08801       
3.44606       0.08743       
3.45095       0.08686       
3.45583       0.08628       
3.46072       0.08571       
3.46561       0.08515       
3.47049       0.08459       
3.47538       0.08403       
3.48026       0.08347       
3.48515       0.08292       
3.49004       0.08237       
3.49492       0.08183       
3.49981       0.08129       
3.50470       0.08075       
3.50958       0.08022       
3.51447       0.07969       
3.51936       0.07917       
3.52424       0.07864       
3.52913       0.07812       
3.53402       0.07761       
3.53890       0.07710       
3.54379       0.07659       
3.54868       0.07608       
3.55356       0.07558       
3.55845       0.07508       
3.56334       0.07458       
3.56822       0.07409       
3.57311       0.07360       
3.57800       0.07312       
3.58288       0.07263       
3.58777       0.07215       
3.59266       0.07168       
3.59754       0.07120       
3.60243       0.07073       
3.60732       0.07027       
3.61220       0.06980       
3.61709       0.06934       
3.62198       0.06889       
3.62686       0.06843       
3.63175       0.06798       
3.63664       0.06753       
3.64152       0.06708       
3.64641       0.06664       
3.65130       0.06620       
3.65618       0.06576       
3.66107       0.06533       
3.66596       0.06490       
3.67084       0.06447       
3.67573       0.06404       
3.68062       0.06362       
3.68550       0.06320       
3.69039       0.06278       
3.69528       0.06237       
3.70016       0.06196       
3.70505       0.06155       
3.70994       0.06114       
3.71482       0.06074       
3.71971       0.06034       
3.72460       0.05994       
3.72948       0.05954       
3.73437       0.05915       
3.73926       0.05876       
3.74414       0.05837       
3.74903       0.05798       
3.75391       0.05760       
3.75880       0.05722       
3.76369       0.05684       
3.76857       0.05647       
3.77346       0.05610       
3.77835       0.05572       
3.78323       0.05536       
3.78812       0.05499       
3.79301       0.05463       
3.79789       0.05427       
3.80278       0.05391       
3.80767       0.05355       
3.81255       0.05320       
3.81744       0.05285       
3.82233       0.05250       
3.82721       0.05215       
3.83210       0.05181       
3.83699       0.05146       
3.84187       0.05112       
3.84676       0.05079       
3.85165       0.05045       
3.85653       0.05012       
3.86142       0.04979       
3.86631       0.04946       
3.87119       0.04913       
3.87608       0.04881       
3.88097       0.04848       
3.88585       0.04816       
3.89074       0.04785       
3.89563       0.04753       
3.90051       0.04722       
3.90540       0.04690       
3.91029       0.04659       
3.91517       0.04629       
3.92006       0.04598       
3.92495       0.04568       
3.92983       0.04537       
3.93472       0.04507       
3.93961       0.04478       
3.94449       0.04448       
3.94938       0.04419       
3.95427       0.04389       
3.95915       0.04360       
3.96404       0.04332       
3.96893       0.04303       
3.97381       0.04275       
3.97870       0.04246       
3.98359       0.04218       
3.98847       0.04190       
3.99336       0.04163       
3.99825       0.04135       
4.00313       0.04108       
4.00802       0.04081       
4.01291       0.04054       
4.01779       0.04027       
4.02268       0.04000       
4.02757       0.03974       
4.03245       0.03948       
4.03734       0.03921       
4.04222       0.03896       
4.04711       0.03870       
4.05200       0.03844       
4.05688       0.03819       
4.06177       0.03794       
4.06666       0.03768       
4.07154       0.03744       
4.07643       0.03719       
4.08132       0.03694       
4.08620       0.03670       
4.09109       0.03645       
4.09598       0.03621       
4.10086       0.03597       
4.10575       0.03574       
4.11064       0.03550       
4.11552       0.03527       
4.12041       0.03503       
4.12530       0.03480       
4.13018       0.03457       
4.13507       0.03434       
4.13996       0.03411       
4.14484       0.03389       
4.14973       0.03366       
4.15462       0.03344       
4.15950       0.03322       
4.16439       0.03300       
4.16928       0.03278       
4.17416       0.03257       
4.17905       0.03235       
4.18394       0.03214       
4.18882       0.03192       
4.19371       0.03171       
4.19860       0.03150       
4.20348       0.03129       
4.20837       0.03109       
4.21326       0.03088       
4.21814       0.03068       
4.22303       0.03047       
4.22792       0.03027       
4.23280       0.03007       
4.23769       0.02987       
4.24258       0.02968       
4.24746       0.02948       
4.25235       0.02928       
4.25724       0.02909       
4.26212       0.02890       
4.26701       0.02871       
4.27190       0.02852       
4.27678       0.02833       
4.28167       0.02814       
4.28656       0.02795       
4.29144       0.02777       
4.29633       0.02759       
4.30122       0.02740       
4.30610       0.02722       
4.31099       0.02704       
4.31587       0.02686       
4.32076       0.02668       
4.32565       0.02651       
4.33053       0.02633       
4.33542       0.02616       
4.34031       0.02598       
4.34519       0.02581       
4.35008       0.02564       
4.35497       0.02547       
4.35985       0.02530       
4.36474       0.02514       
4.36963       0.02497       
4.37451       0.02480       
4.37940       0.02464       
4.38429       0.02448       
4.38917       0.02431       
4.39406       0.02415       
4.39895       0.02399       
4.40383       0.02383       
4.40872       0.02368       
4.41361       0.02352       
4.41849       0.02336       
4.42338       0.02321       
4.42827       0.02306       
4.43315       0.02290       
4.43804       0.02275       
4.44293       0.02260       
4.44781       0.02245       
4.45270       0.02230       
4.45759       0.02215       
4.46247       0.02201       
4.46736       0.02186       
4.47225       0.02172       
4.47713       0.02157       
4.48202       0.02143       
4.48691       0.02129       
4.49179       0.02115       
4.49668       0.02101       
4.50157       0.02087       
4.50645       0.02073       
4.51134       0.02059       
4.51623       0.02045       
4.52111       0.02032       
4.52600       0.02018       
4.53089       0.02005       
4.53577       0.01992       
4.54066       0.01979       
4.54555       0.01965       
4.55043       0.01952       
4.55532       0.01939       
4.56021       0.01927       
4.56509       0.01914       
4.56998       0.01901       
4.57487       0.01888       
4.57975       0.01876       
4.58464       0.01864       
4.58952       0.01851       
4.59441       0.01839       
4.59930       0.01827       
4.60418       0.01815       
4.60907       0.01803       
4.61396       0.01791       
4.61884       0.01779       
4.62373       0.01767       
4.62862       0.01755       
4.63350       0.01744       
4.63839       0.01732       
4.64328       0.01720       
4.64816       0.01709       
4.65305       0.01698       
4.65794       0.01686       
4.66282       0.01675       
4.66771       0.01664       
4.67260       0.01653       
4.67748       0.01642       
4.68237       0.01631       
4.68726       0.01620       
4.69214       0.01610       
4.69703       0.01599       
4.70192       0.01588       
4.70680       0.01578       
4.71169       0.01567       
4.71658       0.01557       
4.72146       0.01547       
4.72635       0.01536       
4.73124       0.01526       
4.73612       0.01516       
4.74101       0.01506       
4.74590       0.01496       
4.75078       0.01486       
4.75567       0.01476       
4.76056       0.01466       
4.76544       0.01456       
4.77033       0.01447       
4.77522       0.01437       
4.78010       0.01428       
4.78499       0.01418       
4.78988       0.01409       
4.79476       0.01399       
4.79965       0.01390       
4.80454       0.01381       
4.80942       0.01372       
4.81431       0.01362       
4.81920       0.01353       
4.82408       0.01344       
4.82897       0.01336       
4.83386       0.01327       
4.83874       0.01318       
4.84363       0.01309       
4.84852       0.01300       
4.85340       0.01292       
4.85829       0.01283       
4.86317       0.01275       
4.86806       0.01266       
4.87295       0.01258       
4.87783       0.01249       
4.88272       0.01241       
4.88761       0.01233       
4.89249       0.01225       
4.89738       0.01216       
4.90227       0.01208       
4.90715       0.01200       
4.91204       0.01192       
4.91693       0.01184       
4.92181       0.01176       
4.92670       0.01169       
4.93159       0.01161       
4.93647       0.01153       
4.94136       0.01145       
4.94625       0.01138       
4.95113       0.01130       
4.95602       0.01123       
4.96091       0.01115       
4.96579       0.01108       
4.97068       0.01100       
4.97557       0.01093       
4.98045       0.01086       
4.98534       0.01079       
4.99023       0.01071       
4.99511       0.01064       
5.00000       0.01057       
