0.00100       1000000000006650740080640.00000
0.00589       577588570142784.25000
0.01077       409124583285.16187
0.01566       4597878309.35367
0.02055       176670175.78202
0.02543       13652864.60233
0.03032       1657049.91990 
0.03521       275876.60300  
0.04009       58066.06551   
0.04498       14679.52978   
0.04987       4327.14206    
0.05475       1474.80963    
0.05964       591.04049     
0.06453       289.12534     
0.06941       177.11148     
0.07430       132.50943     
0.07919       113.62838     
0.08407       105.19598     
0.08896       101.24793     
0.09385       99.32029      
0.09873       98.34319      
0.10362       98.17824      
0.10851       98.17875      
0.11339       98.17926      
0.11828       98.17977      
0.12317       98.18028      
0.12805       98.18079      
0.13294       98.18130      
0.13783       94.52333      
0.14271       84.63838      
0.14760       75.39983      
0.15248       66.66389      
0.15737       58.27959      
0.16226       50.49805      
0.16714       43.32123      
0.17203       36.86725      
0.17692       30.97065      
0.18180       25.58995      
0.18669       20.69897      
0.19158       16.46479      
0.19646       12.49067      
0.20135       9.34718       
0.20624       6.47660       
0.21112       3.87903       
0.21601       1.75936       
0.22090       -0.07951      
0.22578       -1.62917      
0.23067       -2.77163      
0.23556       -3.85444      
0.24044       -4.55950      
0.24533       -5.13226      
0.25022       -5.83098      
0.25510       -6.13302      
0.25999       -6.56682      
0.26488       -7.25904      
0.26976       -7.39986      
0.27465       -7.63219      
0.27954       -7.82680      
0.28442       -7.67262      
0.28931       -7.51187      
0.29420       -7.24744      
0.29908       -6.87730      
0.30397       -6.56630      
0.30886       -6.03917      
0.31374       -5.53702      
0.31863       -5.16440      
0.32352       -4.48036      
0.32840       -3.99149      
0.33329       -3.54288      
0.33818       -2.91732      
0.34306       -2.44797      
0.34795       -2.03196      
0.35284       -1.56471      
0.35772       -1.24560      
0.36261       -0.97281      
0.36750       -0.52584      
0.37238       -0.15032      
0.37727       0.14479       
0.38216       0.51966       
0.38704       0.83283       
0.39193       1.18270       
0.39682       1.62326       
0.40170       1.94284       
0.40659       2.21877       
0.41148       2.57774       
0.41636       2.79350       
0.42125       2.98584       
0.42613       3.15350       
0.43102       3.28069       
0.43591       3.37052       
0.44079       3.46355       
0.44568       3.58921       
0.45057       3.59625       
0.45545       3.62155       
0.46034       3.56918       
0.46523       3.40822       
0.47011       3.18401       
0.47500       2.86756       
0.47989       2.60252       
0.48477       2.45610       
0.48966       2.14111       
0.49455       2.04216       
0.49943       1.82387       
0.50432       1.45742       
0.50921       1.31829       
0.51409       1.27147       
0.51898       1.06443       
0.52387       0.87478       
0.52875       0.76217       
0.53364       0.63475       
0.53853       0.49807       
0.54341       0.43414       
0.54830       0.36739       
0.55319       0.23412       
0.55807       0.18699       
0.56296       0.05754       
0.56785       0.00484       
0.57273       0.07054       
0.57762       0.04162       
0.58251       -0.06315      
0.58739       -0.23317      
0.59228       -0.21333      
0.59717       -0.16837      
0.60205       -0.14414      
0.60694       -0.27458      
0.61183       -0.33155      
0.61671       -0.24360      
0.62160       -0.12911      
0.62649       -0.22643      
0.63137       -0.24397      
0.63626       -0.17052      
0.64115       -0.24830      
0.64603       -0.20787      
0.65092       -0.18286      
0.65581       -0.21541      
0.66069       -0.08104      
0.66558       -0.10943      
0.67047       -0.12462      
0.67535       -0.01166      
0.68024       -0.00703      
0.68513       0.03964       
0.69001       0.05315       
0.69490       0.03790       
0.69978       0.05760       
0.70467       0.12987       
0.70956       0.10724       
0.71444       0.13882       
0.71933       0.22282       
0.72422       0.18511       
0.72910       0.19090       
0.73399       0.34669       
0.73888       0.37691       
0.74376       0.24192       
0.74865       0.26715       
0.75354       0.43764       
0.75842       0.41849       
0.76331       0.32902       
0.76820       0.31094       
0.77308       0.47305       
0.77797       0.53379       
0.78286       0.43887       
0.78774       0.36805       
0.79263       0.47431       
0.79752       0.44795       
0.80240       0.47456       
0.80729       0.50212       
0.81218       0.40187       
0.81706       0.48984       
0.82195       0.47677       
0.82684       0.36089       
0.83172       0.41833       
0.83661       0.41097       
0.84150       0.33245       
0.84638       0.32184       
0.85127       0.35674       
0.85616       0.35295       
0.86104       0.31673       
0.86593       0.28724       
0.87082       0.26640       
0.87570       0.25340       
0.88059       0.23701       
0.88548       0.18358       
0.89036       0.13061       
0.89525       0.13817       
0.90014       0.11132       
0.90502       0.04670       
0.90991       0.06245       
0.91480       0.10267       
0.91968       0.00597       
0.92457       -0.03674      
0.92946       -0.04117      
0.93434       0.02740       
0.93923       0.03240       
0.94412       -0.02767      
0.94900       -0.07689      
0.95389       -0.09206      
0.95878       -0.03274      
0.96366       -0.01511      
0.96855       -0.01762      
0.97343       -0.07888      
0.97832       -0.10416      
0.98321       -0.02851      
0.98809       -0.01006      
0.99298       -0.05745      
0.99787       -0.06069      
1.00275       -0.08524      
1.00764       -0.08410      
1.01253       -0.09045      
1.01741       -0.09096      
1.02230       -0.07498      
1.02719       0.01203       
1.03207       0.04805       
1.03696       -0.02814      
1.04185       -0.06560      
1.04673       0.03444       
1.05162       0.05349       
1.05651       -0.00849      
1.06139       -0.01525      
1.06628       0.06177       
1.07117       0.04650       
1.07605       -0.01440      
1.08094       0.06599       
1.08583       0.10373       
1.09071       -0.00406      
1.09560       -0.01766      
1.10049       0.03786       
1.10537       0.02769       
1.11026       0.05108       
1.11515       0.02307       
1.12003       -0.03017      
1.12492       -0.03848      
1.12981       -0.03091      
1.13469       0.03515       
1.13958       0.07595       
1.14447       -0.04690      
1.14935       -0.09181      
1.15424       -0.03035      
1.15913       0.01288       
1.16401       -0.02957      
1.16890       -0.13314      
1.17379       -0.13473      
1.17867       -0.02490      
1.18356       -0.06168      
1.18845       -0.13873      
1.19333       -0.06133      
1.19822       -0.07091      
1.20311       -0.10030      
1.20799       -0.06274      
1.21288       -0.10580      
1.21777       -0.17326      
1.22265       -0.13095      
1.22754       -0.18282      
1.23243       -0.20835      
1.23731       -0.11155      
1.24220       -0.12734      
1.24709       -0.12149      
1.25197       -0.12315      
1.25686       -0.17556      
1.26174       -0.16485      
1.26663       -0.14669      
1.27152       -0.09986      
1.27640       -0.05769      
1.28129       -0.09591      
1.28618       -0.12629      
1.29106       -0.07889      
1.29595       -0.13535      
1.30084       -0.12645      
1.30572       -0.03274      
1.31061       -0.04512      
1.31550       -0.08045      
1.32038       -0.08704      
1.32527       -0.05552      
1.33016       -0.03639      
1.33504       -0.07902      
1.33993       -0.04721      
1.34482       -0.06789      
1.34970       -0.03500      
1.35459       -0.15801      
1.35948       -0.06241      
1.36436       -0.10225      
1.36925       -0.09678      
1.37414       0.01858       
1.37902       -0.11370      
1.38391       -0.08763      
1.38880       -0.06770      
1.39368       -0.15386      
1.39857       -0.14258      
1.40346       -0.10665      
1.40834       -0.14430      
1.41323       -0.09165      
1.41812       -0.04249      
1.42300       -0.03064      
1.42789       -0.06374      
1.43278       -0.07441      
1.43766       -0.02324      
1.44255       -0.00384      
1.44744       -0.02722      
1.45232       -0.02856      
1.45721       -0.00930      
1.46210       0.01680       
1.46698       -0.00449      
1.47187       -0.04851      
1.47676       -0.06790      
1.48164       -0.01839      
1.48653       0.03998       
1.49142       0.04470       
1.49630       -0.00446      
1.50119       -0.01860      
1.50608       -0.01840      
1.51096       -0.01820      
1.51585       -0.01801      
1.52074       -0.01781      
1.52562       -0.01763      
1.53051       -0.01744      
1.53539       -0.01726      
1.54028       -0.01707      
1.54517       -0.01690      
1.55005       -0.01672      
1.55494       -0.01655      
1.55983       -0.01638      
1.56471       -0.01621      
1.56960       -0.01604      
1.57449       -0.01588      
1.57937       -0.01571      
1.58426       -0.01555      
1.58915       -0.01539      
1.59403       -0.01524      
1.59892       -0.01508      
1.60381       -0.01493      
1.60869       -0.01478      
1.61358       -0.01463      
1.61847       -0.01449      
1.62335       -0.01434      
1.62824       -0.01420      
1.63313       -0.01406      
1.63801       -0.01392      
1.64290       -0.01379      
1.64779       -0.01365      
1.65267       -0.01352      
1.65756       -0.01339      
1.66245       -0.01326      
1.66733       -0.01313      
1.67222       -0.01300      
1.67711       -0.01287      
1.68199       -0.01275      
1.68688       -0.01263      
1.69177       -0.01251      
1.69665       -0.01239      
1.70154       -0.01227      
1.70643       -0.01215      
1.71131       -0.01204      
1.71620       -0.01193      
1.72109       -0.01181      
1.72597       -0.01170      
1.73086       -0.01159      
1.73575       -0.01149      
1.74063       -0.01138      
1.74552       -0.01127      
1.75041       -0.01117      
1.75529       -0.01107      
1.76018       -0.01097      
1.76507       -0.01087      
1.76995       -0.01077      
1.77484       -0.01067      
1.77973       -0.01057      
1.78461       -0.01047      
1.78950       -0.01038      
1.79439       -0.01029      
1.79927       -0.01019      
1.80416       -0.01010      
1.80904       -0.01001      
1.81393       -0.00992      
1.81882       -0.00983      
1.82370       -0.00975      
1.82859       -0.00966      
1.83348       -0.00958      
1.83836       -0.00949      
1.84325       -0.00941      
1.84814       -0.00933      
1.85302       -0.00924      
1.85791       -0.00916      
1.86280       -0.00908      
1.86768       -0.00900      
1.87257       -0.00893      
1.87746       -0.00885      
1.88234       -0.00877      
1.88723       -0.00870      
1.89212       -0.00862      
1.89700       -0.00855      
1.90189       -0.00848      
1.90678       -0.00841      
1.91166       -0.00833      
1.91655       -0.00826      
1.92144       -0.00819      
1.92632       -0.00812      
1.93121       -0.00806      
1.93610       -0.00799      
1.94098       -0.00792      
1.94587       -0.00786      
1.95076       -0.00779      
1.95564       -0.00773      
1.96053       -0.00766      
1.96542       -0.00760      
1.97030       -0.00754      
1.97519       -0.00747      
1.98008       -0.00741      
1.98496       -0.00735      
1.98985       -0.00729      
1.99474       -0.00723      
1.99962       -0.00717      
2.00451       -0.00712      
2.00940       -0.00706      
2.01428       -0.00700      
2.01917       -0.00695      
2.02406       -0.00689      
2.02894       -0.00683      
2.03383       -0.00678      
2.03872       -0.00673      
2.04360       -0.00667      
2.04849       -0.00662      
2.05338       -0.00657      
2.05826       -0.00651      
2.06315       -0.00646      
2.06804       -0.00641      
2.07292       -0.00636      
2.07781       -0.00631      
2.08270       -0.00626      
2.08758       -0.00621      
2.09247       -0.00617      
2.09735       -0.00612      
2.10224       -0.00607      
2.10713       -0.00602      
2.11201       -0.00598      
2.11690       -0.00593      
2.12179       -0.00589      
2.12667       -0.00584      
2.13156       -0.00580      
2.13645       -0.00575      
2.14133       -0.00571      
2.14622       -0.00567      
2.15111       -0.00562      
2.15599       -0.00558      
2.16088       -0.00554      
2.16577       -0.00550      
2.17065       -0.00545      
2.17554       -0.00541      
2.18043       -0.00537      
2.18531       -0.00533      
2.19020       -0.00529      
2.19509       -0.00525      
2.19997       -0.00522      
2.20486       -0.00518      
2.20975       -0.00514      
2.21463       -0.00510      
2.21952       -0.00506      
2.22441       -0.00503      
2.22929       -0.00499      
2.23418       -0.00495      
2.23907       -0.00492      
2.24395       -0.00488      
2.24884       -0.00485      
2.25373       -0.00481      
2.25861       -0.00478      
2.26350       -0.00474      
2.26839       -0.00471      
2.27327       -0.00467      
2.27816       -0.00464      
2.28305       -0.00461      
2.28793       -0.00457      
2.29282       -0.00454      
2.29771       -0.00451      
2.30259       -0.00448      
2.30748       -0.00444      
2.31237       -0.00441      
2.31725       -0.00438      
2.32214       -0.00435      
2.32703       -0.00432      
2.33191       -0.00429      
2.33680       -0.00426      
2.34169       -0.00423      
2.34657       -0.00420      
2.35146       -0.00417      
2.35635       -0.00414      
2.36123       -0.00411      
2.36612       -0.00409      
2.37100       -0.00406      
2.37589       -0.00403      
2.38078       -0.00400      
2.38566       -0.00397      
2.39055       -0.00395      
2.39544       -0.00392      
2.40032       -0.00389      
2.40521       -0.00387      
2.41010       -0.00384      
2.41498       -0.00381      
2.41987       -0.00379      
2.42476       -0.00376      
2.42964       -0.00374      
2.43453       -0.00371      
2.43942       -0.00369      
2.44430       -0.00366      
2.44919       -0.00364      
2.45408       -0.00361      
2.45896       -0.00359      
2.46385       -0.00357      
2.46874       -0.00354      
2.47362       -0.00352      
2.47851       -0.00349      
2.48340       -0.00347      
2.48828       -0.00345      
2.49317       -0.00343      
2.49806       -0.00340      
2.50294       -0.00338      
2.50783       -0.00336      
2.51272       -0.00334      
2.51760       -0.00332      
2.52249       -0.00329      
2.52738       -0.00327      
2.53226       -0.00325      
2.53715       -0.00323      
2.54204       -0.00321      
2.54692       -0.00319      
2.55181       -0.00317      
2.55670       -0.00315      
2.56158       -0.00313      
2.56647       -0.00311      
2.57136       -0.00309      
2.57624       -0.00307      
2.58113       -0.00305      
2.58602       -0.00303      
2.59090       -0.00301      
2.59579       -0.00299      
2.60068       -0.00297      
2.60556       -0.00295      
2.61045       -0.00293      
2.61534       -0.00291      
2.62022       -0.00290      
2.62511       -0.00288      
2.63000       -0.00286      
2.63488       -0.00284      
2.63977       -0.00282      
2.64465       -0.00281      
2.64954       -0.00279      
2.65443       -0.00277      
2.65931       -0.00275      
2.66420       -0.00274      
2.66909       -0.00272      
2.67397       -0.00270      
2.67886       -0.00269      
2.68375       -0.00267      
2.68863       -0.00265      
2.69352       -0.00264      
2.69841       -0.00262      
2.70329       -0.00261      
2.70818       -0.00259      
2.71307       -0.00257      
2.71795       -0.00256      
2.72284       -0.00254      
2.72773       -0.00253      
2.73261       -0.00251      
2.73750       -0.00250      
2.74239       -0.00248      
2.74727       -0.00247      
2.75216       -0.00245      
2.75705       -0.00244      
2.76193       -0.00242      
2.76682       -0.00241      
2.77171       -0.00239      
2.77659       -0.00238      
2.78148       -0.00237      
2.78637       -0.00235      
2.79125       -0.00234      
2.79614       -0.00232      
2.80103       -0.00231      
2.80591       -0.00230      
2.81080       -0.00228      
2.81569       -0.00227      
2.82057       -0.00226      
2.82546       -0.00224      
2.83035       -0.00223      
2.83523       -0.00222      
2.84012       -0.00220      
2.84501       -0.00219      
2.84989       -0.00218      
2.85478       -0.00217      
2.85967       -0.00215      
2.86455       -0.00214      
2.86944       -0.00213      
2.87433       -0.00212      
2.87921       -0.00210      
2.88410       -0.00209      
2.88899       -0.00208      
2.89387       -0.00207      
2.89876       -0.00206      
2.90365       -0.00204      
2.90853       -0.00203      
2.91342       -0.00202      
2.91830       -0.00201      
2.92319       -0.00200      
2.92808       -0.00199      
2.93296       -0.00197      
2.93785       -0.00196      
2.94274       -0.00195      
2.94762       -0.00194      
2.95251       -0.00193      
2.95740       -0.00192      
2.96228       -0.00191      
2.96717       -0.00190      
2.97206       -0.00189      
2.97694       -0.00188      
2.98183       -0.00187      
2.98672       -0.00186      
2.99160       -0.00185      
2.99649       -0.00184      
3.00138       -0.00183      
3.00626       -0.00182      
3.01115       -0.00181      
3.01604       -0.00180      
3.02092       -0.00179      
3.02581       -0.00178      
3.03070       -0.00177      
3.03558       -0.00176      
3.04047       -0.00175      
3.04536       -0.00174      
3.05024       -0.00173      
3.05513       -0.00172      
3.06002       -0.00171      
3.06490       -0.00170      
3.06979       -0.00169      
3.07468       -0.00168      
3.07956       -0.00167      
3.08445       -0.00166      
3.08934       -0.00165      
3.09422       -0.00164      
3.09911       -0.00164      
3.10400       -0.00163      
3.10888       -0.00162      
3.11377       -0.00161      
3.11866       -0.00160      
3.12354       -0.00159      
3.12843       -0.00158      
3.13332       -0.00158      
3.13820       -0.00157      
3.14309       -0.00156      
3.14798       -0.00155      
3.15286       -0.00154      
3.15775       -0.00153      
3.16264       -0.00153      
3.16752       -0.00152      
3.17241       -0.00151      
3.17730       -0.00150      
3.18218       -0.00149      
3.18707       -0.00149      
3.19196       -0.00148      
3.19684       -0.00147      
3.20173       -0.00146      
3.20661       -0.00146      
3.21150       -0.00145      
3.21639       -0.00144      
3.22127       -0.00143      
3.22616       -0.00142      
3.23105       -0.00142      
3.23593       -0.00141      
3.24082       -0.00140      
3.24571       -0.00140      
3.25059       -0.00139      
3.25548       -0.00138      
3.26037       -0.00137      
3.26525       -0.00137      
3.27014       -0.00136      
3.27503       -0.00135      
3.27991       -0.00135      
3.28480       -0.00134      
3.28969       -0.00133      
3.29457       -0.00133      
3.29946       -0.00132      
3.30435       -0.00131      
3.30923       -0.00131      
3.31412       -0.00130      
3.31901       -0.00129      
3.32389       -0.00129      
3.32878       -0.00128      
3.33367       -0.00127      
3.33855       -0.00127      
3.34344       -0.00126      
3.34833       -0.00125      
3.35321       -0.00125      
3.35810       -0.00124      
3.36299       -0.00123      
3.36787       -0.00123      
3.37276       -0.00122      
3.37765       -0.00122      
3.38253       -0.00121      
3.38742       -0.00120      
3.39231       -0.00120      
3.39719       -0.00119      
3.40208       -0.00119      
3.40697       -0.00118      
3.41185       -0.00117      
3.41674       -0.00117      
3.42163       -0.00116      
3.42651       -0.00116      
3.43140       -0.00115      
3.43629       -0.00115      
3.44117       -0.00114      
3.44606       -0.00113      
3.45095       -0.00113      
3.45583       -0.00112      
3.46072       -0.00112      
3.46561       -0.00111      
3.47049       -0.00111      
3.47538       -0.00110      
3.48026       -0.00110      
3.48515       -0.00109      
3.49004       -0.00109      
3.49492       -0.00108      
3.49981       -0.00108      
3.50470       -0.00107      
3.50958       -0.00107      
3.51447       -0.00106      
3.51936       -0.00106      
3.52424       -0.00105      
3.52913       -0.00105      
3.53402       -0.00104      
3.53890       -0.00104      
3.54379       -0.00103      
3.54868       -0.00103      
3.55356       -0.00102      
3.55845       -0.00102      
3.56334       -0.00101      
3.56822       -0.00101      
3.57311       -0.00100      
3.57800       -0.00100      
3.58288       -0.00099      
3.58777       -0.00099      
3.59266       -0.00098      
3.59754       -0.00098      
3.60243       -0.00097      
3.60732       -0.00097      
3.61220       -0.00096      
3.61709       -0.00096      
3.62198       -0.00095      
3.62686       -0.00095      
3.63175       -0.00095      
3.63664       -0.00094      
3.64152       -0.00094      
3.64641       -0.00093      
3.65130       -0.00093      
3.65618       -0.00092      
3.66107       -0.00092      
3.66596       -0.00092      
3.67084       -0.00091      
3.67573       -0.00091      
3.68062       -0.00090      
3.68550       -0.00090      
3.69039       -0.00089      
3.69528       -0.00089      
3.70016       -0.00089      
3.70505       -0.00088      
3.70994       -0.00088      
3.71482       -0.00087      
3.71971       -0.00087      
3.72460       -0.00087      
3.72948       -0.00086      
3.73437       -0.00086      
3.73926       -0.00085      
3.74414       -0.00085      
3.74903       -0.00085      
3.75391       -0.00084      
3.75880       -0.00084      
3.76369       -0.00084      
3.76857       -0.00083      
3.77346       -0.00083      
3.77835       -0.00082      
3.78323       -0.00082      
3.78812       -0.00082      
3.79301       -0.00081      
3.79789       -0.00081      
3.80278       -0.00081      
3.80767       -0.00080      
3.81255       -0.00080      
3.81744       -0.00079      
3.82233       -0.00079      
3.82721       -0.00079      
3.83210       -0.00078      
3.83699       -0.00078      
3.84187       -0.00078      
3.84676       -0.00077      
3.85165       -0.00077      
3.85653       -0.00077      
3.86142       -0.00076      
3.86631       -0.00076      
3.87119       -0.00076      
3.87608       -0.00075      
3.88097       -0.00075      
3.88585       -0.00075      
3.89074       -0.00074      
3.89563       -0.00074      
3.90051       -0.00074      
3.90540       -0.00073      
3.91029       -0.00073      
3.91517       -0.00073      
3.92006       -0.00072      
3.92495       -0.00072      
3.92983       -0.00072      
3.93472       -0.00071      
3.93961       -0.00071      
3.94449       -0.00071      
3.94938       -0.00071      
3.95427       -0.00070      
3.95915       -0.00070      
3.96404       -0.00070      
3.96893       -0.00069      
3.97381       -0.00069      
3.97870       -0.00069      
3.98359       -0.00068      
3.98847       -0.00068      
3.99336       -0.00068      
3.99825       -0.00068      
4.00313       -0.00067      
4.00802       -0.00067      
4.01291       -0.00067      
4.01779       -0.00066      
4.02268       -0.00066      
4.02757       -0.00066      
4.03245       -0.00066      
4.03734       -0.00065      
4.04222       -0.00065      
4.04711       -0.00065      
4.05200       -0.00064      
4.05688       -0.00064      
4.06177       -0.00064      
4.06666       -0.00064      
4.07154       -0.00063      
4.07643       -0.00063      
4.08132       -0.00063      
4.08620       -0.00063      
4.09109       -0.00062      
4.09598       -0.00062      
4.10086       -0.00062      
4.10575       -0.00062      
4.11064       -0.00061      
4.11552       -0.00061      
4.12041       -0.00061      
4.12530       -0.00061      
4.13018       -0.00060      
4.13507       -0.00060      
4.13996       -0.00060      
4.14484       -0.00060      
4.14973       -0.00059      
4.15462       -0.00059      
4.15950       -0.00059      
4.16439       -0.00059      
4.16928       -0.00058      
4.17416       -0.00058      
4.17905       -0.00058      
4.18394       -0.00058      
4.18882       -0.00057      
4.19371       -0.00057      
4.19860       -0.00057      
4.20348       -0.00057      
4.20837       -0.00056      
4.21326       -0.00056      
4.21814       -0.00056      
4.22303       -0.00056      
4.22792       -0.00056      
4.23280       -0.00055      
4.23769       -0.00055      
4.24258       -0.00055      
4.24746       -0.00055      
4.25235       -0.00054      
4.25724       -0.00054      
4.26212       -0.00054      
4.26701       -0.00054      
4.27190       -0.00054      
4.27678       -0.00053      
4.28167       -0.00053      
4.28656       -0.00053      
4.29144       -0.00053      
4.29633       -0.00052      
4.30122       -0.00052      
4.30610       -0.00052      
4.31099       -0.00052      
4.31587       -0.00052      
4.32076       -0.00051      
4.32565       -0.00051      
4.33053       -0.00051      
4.33542       -0.00051      
4.34031       -0.00051      
4.34519       -0.00050      
4.35008       -0.00050      
4.35497       -0.00050      
4.35985       -0.00050      
4.36474       -0.00050      
4.36963       -0.00049      
4.37451       -0.00049      
4.37940       -0.00049      
4.38429       -0.00049      
4.38917       -0.00049      
4.39406       -0.00048      
4.39895       -0.00048      
4.40383       -0.00048      
4.40872       -0.00048      
4.41361       -0.00048      
4.41849       -0.00047      
4.42338       -0.00047      
4.42827       -0.00047      
4.43315       -0.00047      
4.43804       -0.00047      
4.44293       -0.00047      
4.44781       -0.00046      
4.45270       -0.00046      
4.45759       -0.00046      
4.46247       -0.00046      
4.46736       -0.00046      
4.47225       -0.00045      
4.47713       -0.00045      
4.48202       -0.00045      
4.48691       -0.00045      
4.49179       -0.00045      
4.49668       -0.00045      
4.50157       -0.00044      
4.50645       -0.00044      
4.51134       -0.00044      
4.51623       -0.00044      
4.52111       -0.00044      
4.52600       -0.00044      
4.53089       -0.00043      
4.53577       -0.00043      
4.54066       -0.00043      
4.54555       -0.00043      
4.55043       -0.00043      
4.55532       -0.00043      
4.56021       -0.00042      
4.56509       -0.00042      
4.56998       -0.00042      
4.57487       -0.00042      
4.57975       -0.00042      
4.58464       -0.00042      
4.58952       -0.00041      
4.59441       -0.00041      
4.59930       -0.00041      
4.60418       -0.00041      
4.60907       -0.00041      
4.61396       -0.00041      
4.61884       -0.00041      
4.62373       -0.00040      
4.62862       -0.00040      
4.63350       -0.00040      
4.63839       -0.00040      
4.64328       -0.00040      
4.64816       -0.00040      
4.65305       -0.00039      
4.65794       -0.00039      
4.66282       -0.00039      
4.66771       -0.00039      
4.67260       -0.00039      
4.67748       -0.00039      
4.68237       -0.00039      
4.68726       -0.00038      
4.69214       -0.00038      
4.69703       -0.00038      
4.70192       -0.00038      
4.70680       -0.00038      
4.71169       -0.00038      
4.71658       -0.00038      
4.72146       -0.00037      
4.72635       -0.00037      
4.73124       -0.00037      
4.73612       -0.00037      
4.74101       -0.00037      
4.74590       -0.00037      
4.75078       -0.00037      
4.75567       -0.00037      
4.76056       -0.00036      
4.76544       -0.00036      
4.77033       -0.00036      
4.77522       -0.00036      
4.78010       -0.00036      
4.78499       -0.00036      
4.78988       -0.00036      
4.79476       -0.00035      
4.79965       -0.00035      
4.80454       -0.00035      
4.80942       -0.00035      
4.81431       -0.00035      
4.81920       -0.00035      
4.82408       -0.00035      
4.82897       -0.00035      
4.83386       -0.00034      
4.83874       -0.00034      
4.84363       -0.00034      
4.84852       -0.00034      
4.85340       -0.00034      
4.85829       -0.00034      
4.86317       -0.00034      
4.86806       -0.00034      
4.87295       -0.00033      
4.87783       -0.00033      
4.88272       -0.00033      
4.88761       -0.00033      
4.89249       -0.00033      
4.89738       -0.00033      
4.90227       -0.00033      
4.90715       -0.00033      
4.91204       -0.00032      
4.91693       -0.00032      
4.92181       -0.00032      
4.92670       -0.00032      
4.93159       -0.00032      
4.93647       -0.00032      
4.94136       -0.00032      
4.94625       -0.00032      
4.95113       -0.00032      
4.95602       -0.00031      
4.96091       -0.00031      
4.96579       -0.00031      
4.97068       -0.00031      
4.97557       -0.00031      
4.98045       -0.00031      
4.98534       -0.00031      
4.99023       -0.00031      
4.99511       -0.00031      
5.00000       -0.00030      
