0.00100       1000000000006650740080640.00000
0.00589       577588570142785.12500
0.01077       409124583286.14636
0.01566       4597878310.33856
0.02055       176670176.76726
0.02543       13652861.16865
0.03032       1657039.27920 
0.03521       275858.79711  
0.04009       58040.97422   
0.04498       14648.03164   
0.04987       4288.89208    
0.05475       1430.62183    
0.05964       541.70787     
0.06453       234.81230     
0.06941       118.41992     
0.07430       70.06194      
0.07919       47.57032      
0.08407       36.08029      
0.08896       28.98190      
0.09385       24.84149      
0.09873       21.75717      
0.10362       19.70053      
0.10851       18.14587      
0.11339       16.84295      
0.11828       15.65563      
0.12317       14.72954      
0.12805       14.08705      
0.13294       13.30255      
0.13783       13.09796      
0.14271       12.85767      
0.14760       12.61810      
0.15248       12.90858      
0.15737       12.60147      
0.16226       12.64392      
0.16714       12.07374      
0.17203       10.41040      
0.17692       7.54325       
0.18180       4.54652       
0.18669       1.55699       
0.19158       -0.81872      
0.19646       -3.16028      
0.20135       -5.00444      
0.20624       -6.55539      
0.21112       -8.16158      
0.21601       -9.04464      
0.22090       -10.18146     
0.22578       -10.94652     
0.23067       -11.43147     
0.23556       -11.96601     
0.24044       -12.36012     
0.24533       -12.43718     
0.25022       -12.47678     
0.25510       -12.25822     
0.25999       -12.09553     
0.26488       -11.67458     
0.26976       -11.23253     
0.27465       -10.80802     
0.27954       -10.33299     
0.28442       -9.87556      
0.28931       -9.41270      
0.29420       -9.08573      
0.29908       -8.72273      
0.30397       -8.35546      
0.30886       -8.06986      
0.31374       -7.65115      
0.31863       -7.33545      
0.32352       -6.96547      
0.32840       -6.58686      
0.33329       -6.15910      
0.33818       -5.82770      
0.34306       -5.34288      
0.34795       -5.10437      
0.35284       -4.76245      
0.35772       -4.41318      
0.36261       -4.35946      
0.36750       -3.93896      
0.37238       -3.82077      
0.37727       -3.42710      
0.38216       -3.33739      
0.38704       -3.11021      
0.39193       -2.75788      
0.39682       -2.56045      
0.40170       -2.36253      
0.40659       -1.90286      
0.41148       -1.65650      
0.41636       -1.39828      
0.42125       -1.08074      
0.42613       -0.81856      
0.43102       -0.59884      
0.43591       -0.23999      
0.44079       0.04865       
0.44568       0.17158       
0.45057       0.47484       
0.45545       0.69520       
0.46034       0.76247       
0.46523       0.76208       
0.47011       0.82422       
0.47500       0.76409       
0.47989       0.69186       
0.48477       0.61815       
0.48966       0.46123       
0.49455       0.35423       
0.49943       0.29327       
0.50432       0.08197       
0.50921       0.06193       
0.51409       0.05679       
0.51898       -0.12879      
0.52387       -0.22245      
0.52875       -0.27952      
0.53364       -0.20772      
0.53853       -0.32888      
0.54341       -0.42186      
0.54830       -0.54619      
0.55319       -0.58767      
0.55807       -0.54617      
0.56296       -0.61625      
0.56785       -0.70799      
0.57273       -0.63698      
0.57762       -0.66737      
0.58251       -0.72657      
0.58739       -0.65501      
0.59228       -0.65753      
0.59717       -0.60454      
0.60205       -0.69176      
0.60694       -0.66183      
0.61183       -0.56754      
0.61671       -0.61387      
0.62160       -0.65925      
0.62649       -0.58485      
0.63137       -0.54450      
0.63626       -0.55435      
0.64115       -0.55702      
0.64603       -0.54340      
0.65092       -0.56322      
0.65581       -0.44247      
0.66069       -0.50432      
0.66558       -0.42824      
0.67047       -0.42660      
0.67535       -0.51446      
0.68024       -0.38043      
0.68513       -0.40087      
0.69001       -0.36494      
0.69490       -0.32830      
0.69978       -0.29972      
0.70467       -0.34231      
0.70956       -0.29800      
0.71444       -0.19014      
0.71933       -0.32057      
0.72422       -0.19088      
0.72910       -0.25457      
0.73399       -0.21175      
0.73888       -0.12246      
0.74376       -0.09686      
0.74865       -0.09032      
0.75354       -0.08113      
0.75842       -0.07230      
0.76331       -0.07880      
0.76820       -0.07484      
0.77308       -0.01309      
0.77797       -0.05049      
0.78286       -0.15520      
0.78774       0.10215       
0.79263       -0.10502      
0.79752       0.01244       
0.80240       -0.05946      
0.80729       0.04040       
0.81218       -0.02637      
0.81706       -0.06352      
0.82195       -0.05152      
0.82684       -0.04695      
0.83172       -0.06326      
0.83661       -0.09402      
0.84150       -0.08111      
0.84638       -0.05635      
0.85127       -0.09281      
0.85616       -0.14044      
0.86104       -0.05133      
0.86593       -0.09341      
0.87082       -0.03264      
0.87570       -0.16995      
0.88059       -0.07316      
0.88548       -0.11623      
0.89036       -0.07784      
0.89525       -0.13428      
0.90014       -0.14007      
0.90502       -0.12546      
0.90991       -0.13260      
0.91480       -0.07555      
0.91968       -0.19730      
0.92457       -0.24095      
0.92946       -0.09687      
0.93434       -0.14587      
0.93923       -0.19949      
0.94412       -0.12944      
0.94900       -0.07476      
0.95389       -0.15809      
0.95878       -0.14166      
0.96366       -0.13242      
0.96855       -0.13695      
0.97343       -0.07722      
0.97832       -0.08423      
0.98321       -0.20819      
0.98809       -0.10544      
0.99298       -0.06692      
0.99787       -0.14379      
1.00275       -0.14923      
1.00764       -0.10724      
1.01253       -0.07586      
1.01741       -0.12402      
1.02230       -0.12072      
1.02719       -0.01401      
1.03207       -0.07273      
1.03696       -0.10214      
1.04185       -0.00792      
1.04673       -0.05033      
1.05162       -0.10600      
1.05651       -0.02966      
1.06139       -0.02605      
1.06628       -0.05833      
1.07117       -0.05509      
1.07605       -0.02288      
1.08094       -0.04456      
1.08583       0.01541       
1.09071       -0.00426      
1.09560       -0.06629      
1.10049       -0.02641      
1.10537       0.00104       
1.11026       -0.02249      
1.11515       -0.04599      
1.12003       -0.03066      
1.12492       -0.01067      
1.12981       -0.01332      
1.13469       -0.04867      
1.13958       -0.07483      
1.14447       -0.00260      
1.14935       0.05223       
1.15424       -0.10590      
1.15913       0.07525       
1.16401       -0.10689      
1.16890       0.04959       
1.17379       -0.00693      
1.17867       0.00424       
1.18356       0.04514       
1.18845       0.00795       
1.19333       -0.00523      
1.19822       0.05051       
1.20311       0.00599       
1.20799       -0.04027      
1.21288       0.02573       
1.21777       -0.01370      
1.22265       -0.03421      
1.22754       0.00379       
1.23243       -0.02285      
1.23731       0.00333       
1.24220       0.05297       
1.24709       -0.05353      
1.25197       0.03696       
1.25686       0.02319       
1.26174       0.07811       
1.26663       -0.03080      
1.27152       -0.09492      
1.27640       0.03918       
1.28129       0.02869       
1.28618       -0.06296      
1.29106       -0.10684      
1.29595       -0.06452      
1.30084       -0.00521      
1.30572       -0.01149      
1.31061       -0.04062      
1.31550       -0.08406      
1.32038       -0.05373      
1.32527       0.01046       
1.33016       -0.04468      
1.33504       -0.06101      
1.33993       0.01711       
1.34482       0.03077       
1.34970       0.00707       
1.35459       -0.05048      
1.35948       -0.01338      
1.36436       0.04557       
1.36925       -0.02515      
1.37414       -0.10462      
1.37902       -0.04005      
1.38391       -0.02809      
1.38880       -0.01572      
1.39368       0.01804       
1.39857       0.01473       
1.40346       0.02586       
1.40834       0.07498       
1.41323       -0.08932      
1.41812       0.08123       
1.42300       -0.07036      
1.42789       0.09891       
1.43278       0.10324       
1.43766       0.06807       
1.44255       -0.02097      
1.44744       0.12465       
1.45232       0.07686       
1.45721       -0.07604      
1.46210       0.08625       
1.46698       0.01450       
1.47187       0.01264       
1.47676       0.00636       
1.48164       0.00941       
1.48653       -0.02280      
1.49142       0.09234       
1.49630       0.03149       
1.50119       -0.03108      
1.50608       -0.03074      
1.51096       -0.03041      
1.51585       -0.03009      
1.52074       -0.02977      
1.52562       -0.02945      
1.53051       -0.02914      
1.53539       -0.02883      
1.54028       -0.02853      
1.54517       -0.02823      
1.55005       -0.02793      
1.55494       -0.02764      
1.55983       -0.02736      
1.56471       -0.02707      
1.56960       -0.02679      
1.57449       -0.02652      
1.57937       -0.02625      
1.58426       -0.02598      
1.58915       -0.02571      
1.59403       -0.02545      
1.59892       -0.02519      
1.60381       -0.02494      
1.60869       -0.02469      
1.61358       -0.02444      
1.61847       -0.02419      
1.62335       -0.02395      
1.62824       -0.02371      
1.63313       -0.02348      
1.63801       -0.02325      
1.64290       -0.02302      
1.64779       -0.02279      
1.65267       -0.02257      
1.65756       -0.02235      
1.66245       -0.02213      
1.66733       -0.02191      
1.67222       -0.02170      
1.67711       -0.02149      
1.68199       -0.02128      
1.68688       -0.02108      
1.69177       -0.02088      
1.69665       -0.02068      
1.70154       -0.02048      
1.70643       -0.02029      
1.71131       -0.02010      
1.71620       -0.01991      
1.72109       -0.01972      
1.72597       -0.01953      
1.73086       -0.01935      
1.73575       -0.01917      
1.74063       -0.01899      
1.74552       -0.01881      
1.75041       -0.01864      
1.75529       -0.01847      
1.76018       -0.01830      
1.76507       -0.01813      
1.76995       -0.01796      
1.77484       -0.01780      
1.77973       -0.01764      
1.78461       -0.01748      
1.78950       -0.01732      
1.79439       -0.01716      
1.79927       -0.01701      
1.80416       -0.01685      
1.80904       -0.01670      
1.81393       -0.01655      
1.81882       -0.01641      
1.82370       -0.01626      
1.82859       -0.01612      
1.83348       -0.01597      
1.83836       -0.01583      
1.84325       -0.01569      
1.84814       -0.01555      
1.85302       -0.01542      
1.85791       -0.01528      
1.86280       -0.01515      
1.86768       -0.01502      
1.87257       -0.01489      
1.87746       -0.01476      
1.88234       -0.01463      
1.88723       -0.01451      
1.89212       -0.01438      
1.89700       -0.01426      
1.90189       -0.01414      
1.90678       -0.01402      
1.91166       -0.01390      
1.91655       -0.01378      
1.92144       -0.01366      
1.92632       -0.01355      
1.93121       -0.01343      
1.93610       -0.01332      
1.94098       -0.01321      
1.94587       -0.01310      
1.95076       -0.01299      
1.95564       -0.01288      
1.96053       -0.01277      
1.96542       -0.01267      
1.97030       -0.01256      
1.97519       -0.01246      
1.98008       -0.01236      
1.98496       -0.01226      
1.98985       -0.01216      
1.99474       -0.01206      
1.99962       -0.01196      
2.00451       -0.01186      
2.00940       -0.01177      
2.01428       -0.01167      
2.01917       -0.01158      
2.02406       -0.01148      
2.02894       -0.01139      
2.03383       -0.01130      
2.03872       -0.01121      
2.04360       -0.01112      
2.04849       -0.01103      
2.05338       -0.01095      
2.05826       -0.01086      
2.06315       -0.01077      
2.06804       -0.01069      
2.07292       -0.01060      
2.07781       -0.01052      
2.08270       -0.01044      
2.08758       -0.01036      
2.09247       -0.01028      
2.09735       -0.01020      
2.10224       -0.01012      
2.10713       -0.01004      
2.11201       -0.00996      
2.11690       -0.00988      
2.12179       -0.00981      
2.12667       -0.00973      
2.13156       -0.00966      
2.13645       -0.00959      
2.14133       -0.00951      
2.14622       -0.00944      
2.15111       -0.00937      
2.15599       -0.00930      
2.16088       -0.00923      
2.16577       -0.00916      
2.17065       -0.00909      
2.17554       -0.00902      
2.18043       -0.00895      
2.18531       -0.00889      
2.19020       -0.00882      
2.19509       -0.00875      
2.19997       -0.00869      
2.20486       -0.00862      
2.20975       -0.00856      
2.21463       -0.00850      
2.21952       -0.00843      
2.22441       -0.00837      
2.22929       -0.00831      
2.23418       -0.00825      
2.23907       -0.00819      
2.24395       -0.00813      
2.24884       -0.00807      
2.25373       -0.00801      
2.25861       -0.00795      
2.26350       -0.00790      
2.26839       -0.00784      
2.27327       -0.00778      
2.27816       -0.00773      
2.28305       -0.00767      
2.28793       -0.00762      
2.29282       -0.00756      
2.29771       -0.00751      
2.30259       -0.00746      
2.30748       -0.00740      
2.31237       -0.00735      
2.31725       -0.00730      
2.32214       -0.00725      
2.32703       -0.00720      
2.33191       -0.00715      
2.33680       -0.00710      
2.34169       -0.00705      
2.34657       -0.00700      
2.35146       -0.00695      
2.35635       -0.00690      
2.36123       -0.00685      
2.36612       -0.00680      
2.37100       -0.00676      
2.37589       -0.00671      
2.38078       -0.00666      
2.38566       -0.00662      
2.39055       -0.00657      
2.39544       -0.00653      
2.40032       -0.00648      
2.40521       -0.00644      
2.41010       -0.00639      
2.41498       -0.00635      
2.41987       -0.00631      
2.42476       -0.00627      
2.42964       -0.00622      
2.43453       -0.00618      
2.43942       -0.00614      
2.44430       -0.00610      
2.44919       -0.00606      
2.45408       -0.00602      
2.45896       -0.00598      
2.46385       -0.00594      
2.46874       -0.00590      
2.47362       -0.00586      
2.47851       -0.00582      
2.48340       -0.00578      
2.48828       -0.00574      
2.49317       -0.00570      
2.49806       -0.00567      
2.50294       -0.00563      
2.50783       -0.00559      
2.51272       -0.00556      
2.51760       -0.00552      
2.52249       -0.00548      
2.52738       -0.00545      
2.53226       -0.00541      
2.53715       -0.00538      
2.54204       -0.00534      
2.54692       -0.00531      
2.55181       -0.00527      
2.55670       -0.00524      
2.56158       -0.00521      
2.56647       -0.00517      
2.57136       -0.00514      
2.57624       -0.00511      
2.58113       -0.00507      
2.58602       -0.00504      
2.59090       -0.00501      
2.59579       -0.00498      
2.60068       -0.00495      
2.60556       -0.00491      
2.61045       -0.00488      
2.61534       -0.00485      
2.62022       -0.00482      
2.62511       -0.00479      
2.63000       -0.00476      
2.63488       -0.00473      
2.63977       -0.00470      
2.64465       -0.00467      
2.64954       -0.00464      
2.65443       -0.00461      
2.65931       -0.00459      
2.66420       -0.00456      
2.66909       -0.00453      
2.67397       -0.00450      
2.67886       -0.00447      
2.68375       -0.00445      
2.68863       -0.00442      
2.69352       -0.00439      
2.69841       -0.00436      
2.70329       -0.00434      
2.70818       -0.00431      
2.71307       -0.00429      
2.71795       -0.00426      
2.72284       -0.00423      
2.72773       -0.00421      
2.73261       -0.00418      
2.73750       -0.00416      
2.74239       -0.00413      
2.74727       -0.00411      
2.75216       -0.00408      
2.75705       -0.00406      
2.76193       -0.00403      
2.76682       -0.00401      
2.77171       -0.00398      
2.77659       -0.00396      
2.78148       -0.00394      
2.78637       -0.00391      
2.79125       -0.00389      
2.79614       -0.00387      
2.80103       -0.00384      
2.80591       -0.00382      
2.81080       -0.00380      
2.81569       -0.00378      
2.82057       -0.00375      
2.82546       -0.00373      
2.83035       -0.00371      
2.83523       -0.00369      
2.84012       -0.00367      
2.84501       -0.00365      
2.84989       -0.00362      
2.85478       -0.00360      
2.85967       -0.00358      
2.86455       -0.00356      
2.86944       -0.00354      
2.87433       -0.00352      
2.87921       -0.00350      
2.88410       -0.00348      
2.88899       -0.00346      
2.89387       -0.00344      
2.89876       -0.00342      
2.90365       -0.00340      
2.90853       -0.00338      
2.91342       -0.00336      
2.91830       -0.00334      
2.92319       -0.00332      
2.92808       -0.00331      
2.93296       -0.00329      
2.93785       -0.00327      
2.94274       -0.00325      
2.94762       -0.00323      
2.95251       -0.00321      
2.95740       -0.00319      
2.96228       -0.00318      
2.96717       -0.00316      
2.97206       -0.00314      
2.97694       -0.00312      
2.98183       -0.00311      
2.98672       -0.00309      
2.99160       -0.00307      
2.99649       -0.00305      
3.00138       -0.00304      
3.00626       -0.00302      
3.01115       -0.00300      
3.01604       -0.00299      
3.02092       -0.00297      
3.02581       -0.00295      
3.03070       -0.00294      
3.03558       -0.00292      
3.04047       -0.00291      
3.04536       -0.00289      
3.05024       -0.00287      
3.05513       -0.00286      
3.06002       -0.00284      
3.06490       -0.00283      
3.06979       -0.00281      
3.07468       -0.00280      
3.07956       -0.00278      
3.08445       -0.00277      
3.08934       -0.00275      
3.09422       -0.00274      
3.09911       -0.00272      
3.10400       -0.00271      
3.10888       -0.00269      
3.11377       -0.00268      
3.11866       -0.00266      
3.12354       -0.00265      
3.12843       -0.00264      
3.13332       -0.00262      
3.13820       -0.00261      
3.14309       -0.00259      
3.14798       -0.00258      
3.15286       -0.00257      
3.15775       -0.00255      
3.16264       -0.00254      
3.16752       -0.00252      
3.17241       -0.00251      
3.17730       -0.00250      
3.18218       -0.00249      
3.18707       -0.00247      
3.19196       -0.00246      
3.19684       -0.00245      
3.20173       -0.00243      
3.20661       -0.00242      
3.21150       -0.00241      
3.21639       -0.00240      
3.22127       -0.00238      
3.22616       -0.00237      
3.23105       -0.00236      
3.23593       -0.00235      
3.24082       -0.00233      
3.24571       -0.00232      
3.25059       -0.00231      
3.25548       -0.00230      
3.26037       -0.00229      
3.26525       -0.00227      
3.27014       -0.00226      
3.27503       -0.00225      
3.27991       -0.00224      
3.28480       -0.00223      
3.28969       -0.00222      
3.29457       -0.00221      
3.29946       -0.00219      
3.30435       -0.00218      
3.30923       -0.00217      
3.31412       -0.00216      
3.31901       -0.00215      
3.32389       -0.00214      
3.32878       -0.00213      
3.33367       -0.00212      
3.33855       -0.00211      
3.34344       -0.00210      
3.34833       -0.00209      
3.35321       -0.00207      
3.35810       -0.00206      
3.36299       -0.00205      
3.36787       -0.00204      
3.37276       -0.00203      
3.37765       -0.00202      
3.38253       -0.00201      
3.38742       -0.00200      
3.39231       -0.00199      
3.39719       -0.00198      
3.40208       -0.00197      
3.40697       -0.00196      
3.41185       -0.00195      
3.41674       -0.00194      
3.42163       -0.00193      
3.42651       -0.00193      
3.43140       -0.00192      
3.43629       -0.00191      
3.44117       -0.00190      
3.44606       -0.00189      
3.45095       -0.00188      
3.45583       -0.00187      
3.46072       -0.00186      
3.46561       -0.00185      
3.47049       -0.00184      
3.47538       -0.00183      
3.48026       -0.00182      
3.48515       -0.00182      
3.49004       -0.00181      
3.49492       -0.00180      
3.49981       -0.00179      
3.50470       -0.00178      
3.50958       -0.00177      
3.51447       -0.00176      
3.51936       -0.00176      
3.52424       -0.00175      
3.52913       -0.00174      
3.53402       -0.00173      
3.53890       -0.00172      
3.54379       -0.00171      
3.54868       -0.00171      
3.55356       -0.00170      
3.55845       -0.00169      
3.56334       -0.00168      
3.56822       -0.00167      
3.57311       -0.00167      
3.57800       -0.00166      
3.58288       -0.00165      
3.58777       -0.00164      
3.59266       -0.00163      
3.59754       -0.00163      
3.60243       -0.00162      
3.60732       -0.00161      
3.61220       -0.00160      
3.61709       -0.00160      
3.62198       -0.00159      
3.62686       -0.00158      
3.63175       -0.00157      
3.63664       -0.00157      
3.64152       -0.00156      
3.64641       -0.00155      
3.65130       -0.00154      
3.65618       -0.00154      
3.66107       -0.00153      
3.66596       -0.00152      
3.67084       -0.00152      
3.67573       -0.00151      
3.68062       -0.00150      
3.68550       -0.00149      
3.69039       -0.00149      
3.69528       -0.00148      
3.70016       -0.00147      
3.70505       -0.00147      
3.70994       -0.00146      
3.71482       -0.00145      
3.71971       -0.00145      
3.72460       -0.00144      
3.72948       -0.00143      
3.73437       -0.00143      
3.73926       -0.00142      
3.74414       -0.00141      
3.74903       -0.00141      
3.75391       -0.00140      
3.75880       -0.00140      
3.76369       -0.00139      
3.76857       -0.00138      
3.77346       -0.00138      
3.77835       -0.00137      
3.78323       -0.00136      
3.78812       -0.00136      
3.79301       -0.00135      
3.79789       -0.00135      
3.80278       -0.00134      
3.80767       -0.00133      
3.81255       -0.00133      
3.81744       -0.00132      
3.82233       -0.00132      
3.82721       -0.00131      
3.83210       -0.00130      
3.83699       -0.00130      
3.84187       -0.00129      
3.84676       -0.00129      
3.85165       -0.00128      
3.85653       -0.00128      
3.86142       -0.00127      
3.86631       -0.00126      
3.87119       -0.00126      
3.87608       -0.00125      
3.88097       -0.00125      
3.88585       -0.00124      
3.89074       -0.00124      
3.89563       -0.00123      
3.90051       -0.00123      
3.90540       -0.00122      
3.91029       -0.00122      
3.91517       -0.00121      
3.92006       -0.00120      
3.92495       -0.00120      
3.92983       -0.00119      
3.93472       -0.00119      
3.93961       -0.00118      
3.94449       -0.00118      
3.94938       -0.00117      
3.95427       -0.00117      
3.95915       -0.00116      
3.96404       -0.00116      
3.96893       -0.00115      
3.97381       -0.00115      
3.97870       -0.00114      
3.98359       -0.00114      
3.98847       -0.00113      
3.99336       -0.00113      
3.99825       -0.00112      
4.00313       -0.00112      
4.00802       -0.00111      
4.01291       -0.00111      
4.01779       -0.00110      
4.02268       -0.00110      
4.02757       -0.00110      
4.03245       -0.00109      
4.03734       -0.00109      
4.04222       -0.00108      
4.04711       -0.00108      
4.05200       -0.00107      
4.05688       -0.00107      
4.06177       -0.00106      
4.06666       -0.00106      
4.07154       -0.00105      
4.07643       -0.00105      
4.08132       -0.00105      
4.08620       -0.00104      
4.09109       -0.00104      
4.09598       -0.00103      
4.10086       -0.00103      
4.10575       -0.00102      
4.11064       -0.00102      
4.11552       -0.00102      
4.12041       -0.00101      
4.12530       -0.00101      
4.13018       -0.00100      
4.13507       -0.00100      
4.13996       -0.00099      
4.14484       -0.00099      
4.14973       -0.00099      
4.15462       -0.00098      
4.15950       -0.00098      
4.16439       -0.00097      
4.16928       -0.00097      
4.17416       -0.00097      
4.17905       -0.00096      
4.18394       -0.00096      
4.18882       -0.00095      
4.19371       -0.00095      
4.19860       -0.00095      
4.20348       -0.00094      
4.20837       -0.00094      
4.21326       -0.00093      
4.21814       -0.00093      
4.22303       -0.00093      
4.22792       -0.00092      
4.23280       -0.00092      
4.23769       -0.00092      
4.24258       -0.00091      
4.24746       -0.00091      
4.25235       -0.00090      
4.25724       -0.00090      
4.26212       -0.00090      
4.26701       -0.00089      
4.27190       -0.00089      
4.27678       -0.00089      
4.28167       -0.00088      
4.28656       -0.00088      
4.29144       -0.00088      
4.29633       -0.00087      
4.30122       -0.00087      
4.30610       -0.00086      
4.31099       -0.00086      
4.31587       -0.00086      
4.32076       -0.00085      
4.32565       -0.00085      
4.33053       -0.00085      
4.33542       -0.00084      
4.34031       -0.00084      
4.34519       -0.00084      
4.35008       -0.00083      
4.35497       -0.00083      
4.35985       -0.00083      
4.36474       -0.00082      
4.36963       -0.00082      
4.37451       -0.00082      
4.37940       -0.00081      
4.38429       -0.00081      
4.38917       -0.00081      
4.39406       -0.00081      
4.39895       -0.00080      
4.40383       -0.00080      
4.40872       -0.00080      
4.41361       -0.00079      
4.41849       -0.00079      
4.42338       -0.00079      
4.42827       -0.00078      
4.43315       -0.00078      
4.43804       -0.00078      
4.44293       -0.00077      
4.44781       -0.00077      
4.45270       -0.00077      
4.45759       -0.00076      
4.46247       -0.00076      
4.46736       -0.00076      
4.47225       -0.00076      
4.47713       -0.00075      
4.48202       -0.00075      
4.48691       -0.00075      
4.49179       -0.00074      
4.49668       -0.00074      
4.50157       -0.00074      
4.50645       -0.00074      
4.51134       -0.00073      
4.51623       -0.00073      
4.52111       -0.00073      
4.52600       -0.00072      
4.53089       -0.00072      
4.53577       -0.00072      
4.54066       -0.00072      
4.54555       -0.00071      
4.55043       -0.00071      
4.55532       -0.00071      
4.56021       -0.00071      
4.56509       -0.00070      
4.56998       -0.00070      
4.57487       -0.00070      
4.57975       -0.00069      
4.58464       -0.00069      
4.58952       -0.00069      
4.59441       -0.00069      
4.59930       -0.00068      
4.60418       -0.00068      
4.60907       -0.00068      
4.61396       -0.00068      
4.61884       -0.00067      
4.62373       -0.00067      
4.62862       -0.00067      
4.63350       -0.00067      
4.63839       -0.00066      
4.64328       -0.00066      
4.64816       -0.00066      
4.65305       -0.00066      
4.65794       -0.00065      
4.66282       -0.00065      
4.66771       -0.00065      
4.67260       -0.00065      
4.67748       -0.00064      
4.68237       -0.00064      
4.68726       -0.00064      
4.69214       -0.00064      
4.69703       -0.00063      
4.70192       -0.00063      
4.70680       -0.00063      
4.71169       -0.00063      
4.71658       -0.00063      
4.72146       -0.00062      
4.72635       -0.00062      
4.73124       -0.00062      
4.73612       -0.00062      
4.74101       -0.00061      
4.74590       -0.00061      
4.75078       -0.00061      
4.75567       -0.00061      
4.76056       -0.00060      
4.76544       -0.00060      
4.77033       -0.00060      
4.77522       -0.00060      
4.78010       -0.00060      
4.78499       -0.00059      
4.78988       -0.00059      
4.79476       -0.00059      
4.79965       -0.00059      
4.80454       -0.00059      
4.80942       -0.00058      
4.81431       -0.00058      
4.81920       -0.00058      
4.82408       -0.00058      
4.82897       -0.00057      
4.83386       -0.00057      
4.83874       -0.00057      
4.84363       -0.00057      
4.84852       -0.00057      
4.85340       -0.00056      
4.85829       -0.00056      
4.86317       -0.00056      
4.86806       -0.00056      
4.87295       -0.00056      
4.87783       -0.00055      
4.88272       -0.00055      
4.88761       -0.00055      
4.89249       -0.00055      
4.89738       -0.00055      
4.90227       -0.00054      
4.90715       -0.00054      
4.91204       -0.00054      
4.91693       -0.00054      
4.92181       -0.00054      
4.92670       -0.00053      
4.93159       -0.00053      
4.93647       -0.00053      
4.94136       -0.00053      
4.94625       -0.00053      
4.95113       -0.00053      
4.95602       -0.00052      
4.96091       -0.00052      
4.96579       -0.00052      
4.97068       -0.00052      
4.97557       -0.00052      
4.98045       -0.00051      
4.98534       -0.00051      
4.99023       -0.00051      
4.99511       -0.00051      
5.00000       -0.00051      
