0.00100       1000000000006650740080640.00000
0.00589       577588570142785.00000
0.01077       409124583285.90997
0.01566       4597878306.78231
0.02055       176670165.81043
0.02543       13652847.88746
0.03032       1657027.07874 
0.03521       275848.35790  
0.04009       58032.93050   
0.04498       14641.72762   
0.04987       4285.26249    
0.05475       1429.38875    
0.05964       542.29220     
0.06453       238.00563     
0.06941       123.36970     
0.07430       76.78880      
0.07919       56.39310      
0.08407       46.09970      
0.08896       41.41097      
0.09385       38.22237      
0.09873       36.61800      
0.10362       35.78456      
0.10851       35.34730      
0.11339       34.67153      
0.11828       33.90834      
0.12317       32.92651      
0.12805       31.37313      
0.13294       28.87546      
0.13783       25.61883      
0.14271       21.29262      
0.14760       17.25351      
0.15248       13.81557      
0.15737       10.69095      
0.16226       8.28972       
0.16714       6.18078       
0.17203       4.21933       
0.17692       2.60012       
0.18180       1.23674       
0.18669       0.07669       
0.19158       -0.91321      
0.19646       -1.78231      
0.20135       -2.58079      
0.20624       -3.33420      
0.21112       -4.19629      
0.21601       -4.87631      
0.22090       -5.26350      
0.22578       -5.63608      
0.23067       -5.89526      
0.23556       -5.81362      
0.24044       -5.78708      
0.24533       -5.76484      
0.25022       -5.49524      
0.25510       -5.22092      
0.25999       -4.99056      
0.26488       -4.74392      
0.26976       -4.42289      
0.27465       -4.15194      
0.27954       -3.93602      
0.28442       -3.70025      
0.28931       -3.43710      
0.29420       -3.21478      
0.29908       -2.94082      
0.30397       -2.68109      
0.30886       -2.56610      
0.31374       -2.40352      
0.31863       -2.03620      
0.32352       -1.84065      
0.32840       -1.69106      
0.33329       -1.35169      
0.33818       -1.21909      
0.34306       -0.93097      
0.34795       -0.62928      
0.35284       -0.44578      
0.35772       -0.23160      
0.36261       0.02142       
0.36750       0.08053       
0.37238       0.04142       
0.37727       0.18958       
0.38216       0.10523       
0.38704       -0.00684      
0.39193       0.04532       
0.39682       0.06001       
0.40170       0.03390       
0.40659       0.05285       
0.41148       0.09100       
0.41636       0.13173       
0.42125       0.20848       
0.42613       0.23896       
0.43102       0.23698       
0.43591       0.28083       
0.44079       0.38939       
0.44568       0.35327       
0.45057       0.26907       
0.45545       0.35628       
0.46034       0.38933       
0.46523       0.40307       
0.47011       0.41067       
0.47500       0.28027       
0.47989       0.31285       
0.48477       0.36701       
0.48966       0.23391       
0.49455       0.19890       
0.49943       0.17622       
0.50432       0.13642       
0.50921       0.09775       
0.51409       0.09454       
0.51898       -0.07059      
0.52387       -0.17430      
0.52875       -0.03573      
0.53364       -0.11743      
0.53853       -0.22375      
0.54341       -0.28242      
0.54830       -0.35437      
0.55319       -0.35981      
0.55807       -0.32704      
0.56296       -0.42828      
0.56785       -0.55040      
0.57273       -0.50688      
0.57762       -0.47282      
0.58251       -0.50546      
0.58739       -0.55692      
0.59228       -0.59242      
0.59717       -0.56659      
0.60205       -0.51432      
0.60694       -0.50280      
0.61183       -0.53098      
0.61671       -0.46534      
0.62160       -0.37899      
0.62649       -0.38785      
0.63137       -0.41559      
0.63626       -0.38302      
0.64115       -0.34558      
0.64603       -0.33282      
0.65092       -0.31409      
0.65581       -0.29725      
0.66069       -0.27425      
0.66558       -0.23622      
0.67047       -0.22687      
0.67535       -0.25876      
0.68024       -0.24049      
0.68513       -0.13413      
0.69001       -0.06340      
0.69490       -0.10049      
0.69978       -0.12792      
0.70467       -0.07774      
0.70956       -0.03515      
0.71444       -0.04504      
0.71933       -0.05010      
0.72422       -0.01091      
0.72910       0.04026       
0.73399       0.06098       
0.73888       0.05407       
0.74376       0.03401       
0.74865       0.04600       
0.75354       0.10461       
0.75842       0.11621       
0.76331       0.04491       
0.76820       0.01764       
0.77308       0.09137       
0.77797       0.12267       
0.78286       0.09917       
0.78774       0.07983       
0.79263       0.07738       
0.79752       0.07197       
0.80240       0.03636       
0.80729       0.02940       
0.81218       0.02958       
0.81706       0.01618       
0.82195       0.02612       
0.82684       0.04114       
0.83172       -0.01627      
0.83661       -0.09259      
0.84150       -0.04447      
0.84638       0.02188       
0.85127       -0.03552      
0.85616       -0.04891      
0.86104       -0.20214      
0.86593       -0.21308      
0.87082       -0.00105      
0.87570       -0.13998      
0.88059       -0.20197      
0.88548       -0.16868      
0.89036       -0.10851      
0.89525       -0.10006      
0.90014       -0.12577      
0.90502       -0.16961      
0.90991       -0.16125      
0.91480       0.05090       
0.91968       -0.18729      
0.92457       -0.04797      
0.92946       -0.19740      
0.93434       -0.15488      
0.93923       -0.08912      
0.94412       -0.04585      
0.94900       -0.07573      
0.95389       -0.16865      
0.95878       -0.14682      
0.96366       -0.04103      
0.96855       -0.04629      
0.97343       -0.18284      
0.97832       -0.17465      
0.98321       -0.09971      
0.98809       -0.04285      
0.99298       -0.08776      
0.99787       -0.18054      
1.00275       -0.19043      
1.00764       -0.11542      
1.01253       -0.07622      
1.01741       -0.10446      
1.02230       -0.13254      
1.02719       -0.10362      
1.03207       -0.05332      
1.03696       -0.05211      
1.04185       -0.09362      
1.04673       -0.10824      
1.05162       -0.10634      
1.05651       -0.10747      
1.06139       -0.06226      
1.06628       0.00043       
1.07117       -0.01809      
1.07605       -0.11152      
1.08094       -0.15151      
1.08583       -0.09419      
1.09071       -0.03117      
1.09560       -0.03418      
1.10049       -0.07224      
1.10537       -0.08886      
1.11026       -0.07438      
1.11515       -0.06457      
1.12003       -0.11509      
1.12492       -0.13181      
1.12981       -0.06984      
1.13469       -0.03975      
1.13958       -0.03404      
1.14447       -0.01082      
1.14935       -0.06887      
1.15424       -0.12133      
1.15913       -0.02601      
1.16401       -0.06509      
1.16890       -0.05372      
1.17379       -0.03973      
1.17867       -0.10266      
1.18356       -0.02563      
1.18845       -0.03180      
1.19333       -0.10362      
1.19822       -0.10972      
1.20311       -0.06074      
1.20799       -0.04187      
1.21288       -0.05316      
1.21777       -0.09233      
1.22265       -0.09138      
1.22754       -0.07436      
1.23243       -0.10977      
1.23731       -0.09022      
1.24220       -0.02614      
1.24709       -0.07422      
1.25197       -0.16178      
1.25686       -0.13196      
1.26174       -0.05887      
1.26663       -0.06049      
1.27152       -0.08332      
1.27640       -0.08203      
1.28129       -0.07915      
1.28618       -0.08769      
1.29106       -0.08403      
1.29595       -0.05774      
1.30084       -0.06261      
1.30572       -0.09047      
1.31061       -0.12732      
1.31550       -0.11984      
1.32038       -0.03418      
1.32527       -0.04411      
1.33016       -0.13562      
1.33504       -0.06593      
1.33993       -0.03244      
1.34482       -0.06671      
1.34970       -0.08666      
1.35459       -0.00070      
1.35948       0.05788       
1.36436       -0.10140      
1.36925       -0.17846      
1.37414       -0.01648      
1.37902       0.03205       
1.38391       -0.02211      
1.38880       -0.03572      
1.39368       -0.03695      
1.39857       -0.05880      
1.40346       -0.08272      
1.40834       -0.07530      
1.41323       -0.03816      
1.41812       -0.00596      
1.42300       -0.02247      
1.42789       -0.07363      
1.43278       -0.06422      
1.43766       0.00327       
1.44255       -0.00256      
1.44744       -0.06292      
1.45232       -0.03293      
1.45721       -0.00634      
1.46210       -0.02242      
1.46698       -0.03003      
1.47187       -0.00913      
1.47676       0.02455       
1.48164       0.01935       
1.48653       -0.03820      
1.49142       -0.05238      
1.49630       -0.02744      
1.50119       -0.02126      
1.50608       -0.02103      
1.51096       -0.02080      
1.51585       -0.02058      
1.52074       -0.02036      
1.52562       -0.02015      
1.53051       -0.01994      
1.53539       -0.01973      
1.54028       -0.01952      
1.54517       -0.01932      
1.55005       -0.01912      
1.55494       -0.01892      
1.55983       -0.01872      
1.56471       -0.01853      
1.56960       -0.01834      
1.57449       -0.01815      
1.57937       -0.01797      
1.58426       -0.01778      
1.58915       -0.01760      
1.59403       -0.01743      
1.59892       -0.01725      
1.60381       -0.01708      
1.60869       -0.01691      
1.61358       -0.01674      
1.61847       -0.01657      
1.62335       -0.01641      
1.62824       -0.01624      
1.63313       -0.01608      
1.63801       -0.01592      
1.64290       -0.01577      
1.64779       -0.01561      
1.65267       -0.01546      
1.65756       -0.01531      
1.66245       -0.01516      
1.66733       -0.01502      
1.67222       -0.01487      
1.67711       -0.01473      
1.68199       -0.01459      
1.68688       -0.01445      
1.69177       -0.01431      
1.69665       -0.01417      
1.70154       -0.01404      
1.70643       -0.01391      
1.71131       -0.01377      
1.71620       -0.01365      
1.72109       -0.01352      
1.72597       -0.01339      
1.73086       -0.01327      
1.73575       -0.01314      
1.74063       -0.01302      
1.74552       -0.01290      
1.75041       -0.01278      
1.75529       -0.01266      
1.76018       -0.01255      
1.76507       -0.01243      
1.76995       -0.01232      
1.77484       -0.01221      
1.77973       -0.01210      
1.78461       -0.01199      
1.78950       -0.01188      
1.79439       -0.01177      
1.79927       -0.01167      
1.80416       -0.01156      
1.80904       -0.01146      
1.81393       -0.01136      
1.81882       -0.01126      
1.82370       -0.01116      
1.82859       -0.01106      
1.83348       -0.01096      
1.83836       -0.01086      
1.84325       -0.01077      
1.84814       -0.01067      
1.85302       -0.01058      
1.85791       -0.01049      
1.86280       -0.01040      
1.86768       -0.01031      
1.87257       -0.01022      
1.87746       -0.01013      
1.88234       -0.01004      
1.88723       -0.00996      
1.89212       -0.00987      
1.89700       -0.00979      
1.90189       -0.00970      
1.90678       -0.00962      
1.91166       -0.00954      
1.91655       -0.00946      
1.92144       -0.00938      
1.92632       -0.00930      
1.93121       -0.00922      
1.93610       -0.00915      
1.94098       -0.00907      
1.94587       -0.00899      
1.95076       -0.00892      
1.95564       -0.00885      
1.96053       -0.00877      
1.96542       -0.00870      
1.97030       -0.00863      
1.97519       -0.00856      
1.98008       -0.00849      
1.98496       -0.00842      
1.98985       -0.00835      
1.99474       -0.00828      
1.99962       -0.00821      
2.00451       -0.00815      
2.00940       -0.00808      
2.01428       -0.00802      
2.01917       -0.00795      
2.02406       -0.00789      
2.02894       -0.00783      
2.03383       -0.00776      
2.03872       -0.00770      
2.04360       -0.00764      
2.04849       -0.00758      
2.05338       -0.00752      
2.05826       -0.00746      
2.06315       -0.00740      
2.06804       -0.00734      
2.07292       -0.00729      
2.07781       -0.00723      
2.08270       -0.00717      
2.08758       -0.00712      
2.09247       -0.00706      
2.09735       -0.00701      
2.10224       -0.00695      
2.10713       -0.00690      
2.11201       -0.00685      
2.11690       -0.00679      
2.12179       -0.00674      
2.12667       -0.00669      
2.13156       -0.00664      
2.13645       -0.00659      
2.14133       -0.00654      
2.14622       -0.00649      
2.15111       -0.00644      
2.15599       -0.00639      
2.16088       -0.00634      
2.16577       -0.00629      
2.17065       -0.00625      
2.17554       -0.00620      
2.18043       -0.00615      
2.18531       -0.00611      
2.19020       -0.00606      
2.19509       -0.00602      
2.19997       -0.00597      
2.20486       -0.00593      
2.20975       -0.00589      
2.21463       -0.00584      
2.21952       -0.00580      
2.22441       -0.00576      
2.22929       -0.00571      
2.23418       -0.00567      
2.23907       -0.00563      
2.24395       -0.00559      
2.24884       -0.00555      
2.25373       -0.00551      
2.25861       -0.00547      
2.26350       -0.00543      
2.26839       -0.00539      
2.27327       -0.00535      
2.27816       -0.00531      
2.28305       -0.00528      
2.28793       -0.00524      
2.29282       -0.00520      
2.29771       -0.00516      
2.30259       -0.00513      
2.30748       -0.00509      
2.31237       -0.00506      
2.31725       -0.00502      
2.32214       -0.00498      
2.32703       -0.00495      
2.33191       -0.00491      
2.33680       -0.00488      
2.34169       -0.00485      
2.34657       -0.00481      
2.35146       -0.00478      
2.35635       -0.00475      
2.36123       -0.00471      
2.36612       -0.00468      
2.37100       -0.00465      
2.37589       -0.00462      
2.38078       -0.00458      
2.38566       -0.00455      
2.39055       -0.00452      
2.39544       -0.00449      
2.40032       -0.00446      
2.40521       -0.00443      
2.41010       -0.00440      
2.41498       -0.00437      
2.41987       -0.00434      
2.42476       -0.00431      
2.42964       -0.00428      
2.43453       -0.00425      
2.43942       -0.00422      
2.44430       -0.00420      
2.44919       -0.00417      
2.45408       -0.00414      
2.45896       -0.00411      
2.46385       -0.00409      
2.46874       -0.00406      
2.47362       -0.00403      
2.47851       -0.00400      
2.48340       -0.00398      
2.48828       -0.00395      
2.49317       -0.00393      
2.49806       -0.00390      
2.50294       -0.00387      
2.50783       -0.00385      
2.51272       -0.00382      
2.51760       -0.00380      
2.52249       -0.00377      
2.52738       -0.00375      
2.53226       -0.00373      
2.53715       -0.00370      
2.54204       -0.00368      
2.54692       -0.00365      
2.55181       -0.00363      
2.55670       -0.00361      
2.56158       -0.00358      
2.56647       -0.00356      
2.57136       -0.00354      
2.57624       -0.00351      
2.58113       -0.00349      
2.58602       -0.00347      
2.59090       -0.00345      
2.59579       -0.00343      
2.60068       -0.00340      
2.60556       -0.00338      
2.61045       -0.00336      
2.61534       -0.00334      
2.62022       -0.00332      
2.62511       -0.00330      
2.63000       -0.00328      
2.63488       -0.00326      
2.63977       -0.00324      
2.64465       -0.00322      
2.64954       -0.00320      
2.65443       -0.00318      
2.65931       -0.00316      
2.66420       -0.00314      
2.66909       -0.00312      
2.67397       -0.00310      
2.67886       -0.00308      
2.68375       -0.00306      
2.68863       -0.00304      
2.69352       -0.00302      
2.69841       -0.00301      
2.70329       -0.00299      
2.70818       -0.00297      
2.71307       -0.00295      
2.71795       -0.00293      
2.72284       -0.00291      
2.72773       -0.00290      
2.73261       -0.00288      
2.73750       -0.00286      
2.74239       -0.00284      
2.74727       -0.00283      
2.75216       -0.00281      
2.75705       -0.00279      
2.76193       -0.00278      
2.76682       -0.00276      
2.77171       -0.00274      
2.77659       -0.00273      
2.78148       -0.00271      
2.78637       -0.00270      
2.79125       -0.00268      
2.79614       -0.00266      
2.80103       -0.00265      
2.80591       -0.00263      
2.81080       -0.00262      
2.81569       -0.00260      
2.82057       -0.00259      
2.82546       -0.00257      
2.83035       -0.00256      
2.83523       -0.00254      
2.84012       -0.00253      
2.84501       -0.00251      
2.84989       -0.00250      
2.85478       -0.00248      
2.85967       -0.00247      
2.86455       -0.00245      
2.86944       -0.00244      
2.87433       -0.00243      
2.87921       -0.00241      
2.88410       -0.00240      
2.88899       -0.00238      
2.89387       -0.00237      
2.89876       -0.00236      
2.90365       -0.00234      
2.90853       -0.00233      
2.91342       -0.00232      
2.91830       -0.00230      
2.92319       -0.00229      
2.92808       -0.00228      
2.93296       -0.00226      
2.93785       -0.00225      
2.94274       -0.00224      
2.94762       -0.00223      
2.95251       -0.00221      
2.95740       -0.00220      
2.96228       -0.00219      
2.96717       -0.00218      
2.97206       -0.00216      
2.97694       -0.00215      
2.98183       -0.00214      
2.98672       -0.00213      
2.99160       -0.00212      
2.99649       -0.00210      
3.00138       -0.00209      
3.00626       -0.00208      
3.01115       -0.00207      
3.01604       -0.00206      
3.02092       -0.00205      
3.02581       -0.00204      
3.03070       -0.00202      
3.03558       -0.00201      
3.04047       -0.00200      
3.04536       -0.00199      
3.05024       -0.00198      
3.05513       -0.00197      
3.06002       -0.00196      
3.06490       -0.00195      
3.06979       -0.00194      
3.07468       -0.00193      
3.07956       -0.00192      
3.08445       -0.00191      
3.08934       -0.00190      
3.09422       -0.00189      
3.09911       -0.00188      
3.10400       -0.00187      
3.10888       -0.00186      
3.11377       -0.00185      
3.11866       -0.00184      
3.12354       -0.00183      
3.12843       -0.00182      
3.13332       -0.00181      
3.13820       -0.00180      
3.14309       -0.00179      
3.14798       -0.00178      
3.15286       -0.00177      
3.15775       -0.00176      
3.16264       -0.00175      
3.16752       -0.00174      
3.17241       -0.00173      
3.17730       -0.00172      
3.18218       -0.00171      
3.18707       -0.00170      
3.19196       -0.00169      
3.19684       -0.00169      
3.20173       -0.00168      
3.20661       -0.00167      
3.21150       -0.00166      
3.21639       -0.00165      
3.22127       -0.00164      
3.22616       -0.00163      
3.23105       -0.00163      
3.23593       -0.00162      
3.24082       -0.00161      
3.24571       -0.00160      
3.25059       -0.00159      
3.25548       -0.00158      
3.26037       -0.00158      
3.26525       -0.00157      
3.27014       -0.00156      
3.27503       -0.00155      
3.27991       -0.00154      
3.28480       -0.00154      
3.28969       -0.00153      
3.29457       -0.00152      
3.29946       -0.00151      
3.30435       -0.00150      
3.30923       -0.00150      
3.31412       -0.00149      
3.31901       -0.00148      
3.32389       -0.00147      
3.32878       -0.00147      
3.33367       -0.00146      
3.33855       -0.00145      
3.34344       -0.00144      
3.34833       -0.00144      
3.35321       -0.00143      
3.35810       -0.00142      
3.36299       -0.00142      
3.36787       -0.00141      
3.37276       -0.00140      
3.37765       -0.00139      
3.38253       -0.00139      
3.38742       -0.00138      
3.39231       -0.00137      
3.39719       -0.00137      
3.40208       -0.00136      
3.40697       -0.00135      
3.41185       -0.00135      
3.41674       -0.00134      
3.42163       -0.00133      
3.42651       -0.00133      
3.43140       -0.00132      
3.43629       -0.00131      
3.44117       -0.00131      
3.44606       -0.00130      
3.45095       -0.00129      
3.45583       -0.00129      
3.46072       -0.00128      
3.46561       -0.00128      
3.47049       -0.00127      
3.47538       -0.00126      
3.48026       -0.00126      
3.48515       -0.00125      
3.49004       -0.00125      
3.49492       -0.00124      
3.49981       -0.00123      
3.50470       -0.00123      
3.50958       -0.00122      
3.51447       -0.00122      
3.51936       -0.00121      
3.52424       -0.00120      
3.52913       -0.00120      
3.53402       -0.00119      
3.53890       -0.00119      
3.54379       -0.00118      
3.54868       -0.00118      
3.55356       -0.00117      
3.55845       -0.00116      
3.56334       -0.00116      
3.56822       -0.00115      
3.57311       -0.00115      
3.57800       -0.00114      
3.58288       -0.00114      
3.58777       -0.00113      
3.59266       -0.00113      
3.59754       -0.00112      
3.60243       -0.00112      
3.60732       -0.00111      
3.61220       -0.00111      
3.61709       -0.00110      
3.62198       -0.00109      
3.62686       -0.00109      
3.63175       -0.00108      
3.63664       -0.00108      
3.64152       -0.00107      
3.64641       -0.00107      
3.65130       -0.00106      
3.65618       -0.00106      
3.66107       -0.00105      
3.66596       -0.00105      
3.67084       -0.00105      
3.67573       -0.00104      
3.68062       -0.00104      
3.68550       -0.00103      
3.69039       -0.00103      
3.69528       -0.00102      
3.70016       -0.00102      
3.70505       -0.00101      
3.70994       -0.00101      
3.71482       -0.00100      
3.71971       -0.00100      
3.72460       -0.00099      
3.72948       -0.00099      
3.73437       -0.00098      
3.73926       -0.00098      
3.74414       -0.00098      
3.74903       -0.00097      
3.75391       -0.00097      
3.75880       -0.00096      
3.76369       -0.00096      
3.76857       -0.00095      
3.77346       -0.00095      
3.77835       -0.00094      
3.78323       -0.00094      
3.78812       -0.00094      
3.79301       -0.00093      
3.79789       -0.00093      
3.80278       -0.00092      
3.80767       -0.00092      
3.81255       -0.00092      
3.81744       -0.00091      
3.82233       -0.00091      
3.82721       -0.00090      
3.83210       -0.00090      
3.83699       -0.00090      
3.84187       -0.00089      
3.84676       -0.00089      
3.85165       -0.00088      
3.85653       -0.00088      
3.86142       -0.00088      
3.86631       -0.00087      
3.87119       -0.00087      
3.87608       -0.00086      
3.88097       -0.00086      
3.88585       -0.00086      
3.89074       -0.00085      
3.89563       -0.00085      
3.90051       -0.00085      
3.90540       -0.00084      
3.91029       -0.00084      
3.91517       -0.00083      
3.92006       -0.00083      
3.92495       -0.00083      
3.92983       -0.00082      
3.93472       -0.00082      
3.93961       -0.00082      
3.94449       -0.00081      
3.94938       -0.00081      
3.95427       -0.00081      
3.95915       -0.00080      
3.96404       -0.00080      
3.96893       -0.00080      
3.97381       -0.00079      
3.97870       -0.00079      
3.98359       -0.00079      
3.98847       -0.00078      
3.99336       -0.00078      
3.99825       -0.00078      
4.00313       -0.00077      
4.00802       -0.00077      
4.01291       -0.00077      
4.01779       -0.00076      
4.02268       -0.00076      
4.02757       -0.00076      
4.03245       -0.00075      
4.03734       -0.00075      
4.04222       -0.00075      
4.04711       -0.00074      
4.05200       -0.00074      
4.05688       -0.00074      
4.06177       -0.00073      
4.06666       -0.00073      
4.07154       -0.00073      
4.07643       -0.00072      
4.08132       -0.00072      
4.08620       -0.00072      
4.09109       -0.00071      
4.09598       -0.00071      
4.10086       -0.00071      
4.10575       -0.00071      
4.11064       -0.00070      
4.11552       -0.00070      
4.12041       -0.00070      
4.12530       -0.00069      
4.13018       -0.00069      
4.13507       -0.00069      
4.13996       -0.00069      
4.14484       -0.00068      
4.14973       -0.00068      
4.15462       -0.00068      
4.15950       -0.00067      
4.16439       -0.00067      
4.16928       -0.00067      
4.17416       -0.00067      
4.17905       -0.00066      
4.18394       -0.00066      
4.18882       -0.00066      
4.19371       -0.00066      
4.19860       -0.00065      
4.20348       -0.00065      
4.20837       -0.00065      
4.21326       -0.00064      
4.21814       -0.00064      
4.22303       -0.00064      
4.22792       -0.00064      
4.23280       -0.00063      
4.23769       -0.00063      
4.24258       -0.00063      
4.24746       -0.00063      
4.25235       -0.00062      
4.25724       -0.00062      
4.26212       -0.00062      
4.26701       -0.00062      
4.27190       -0.00061      
4.27678       -0.00061      
4.28167       -0.00061      
4.28656       -0.00061      
4.29144       -0.00060      
4.29633       -0.00060      
4.30122       -0.00060      
4.30610       -0.00060      
4.31099       -0.00059      
4.31587       -0.00059      
4.32076       -0.00059      
4.32565       -0.00059      
4.33053       -0.00058      
4.33542       -0.00058      
4.34031       -0.00058      
4.34519       -0.00058      
4.35008       -0.00058      
4.35497       -0.00057      
4.35985       -0.00057      
4.36474       -0.00057      
4.36963       -0.00057      
4.37451       -0.00056      
4.37940       -0.00056      
4.38429       -0.00056      
4.38917       -0.00056      
4.39406       -0.00056      
4.39895       -0.00055      
4.40383       -0.00055      
4.40872       -0.00055      
4.41361       -0.00055      
4.41849       -0.00054      
4.42338       -0.00054      
4.42827       -0.00054      
4.43315       -0.00054      
4.43804       -0.00054      
4.44293       -0.00053      
4.44781       -0.00053      
4.45270       -0.00053      
4.45759       -0.00053      
4.46247       -0.00053      
4.46736       -0.00052      
4.47225       -0.00052      
4.47713       -0.00052      
4.48202       -0.00052      
4.48691       -0.00052      
4.49179       -0.00051      
4.49668       -0.00051      
4.50157       -0.00051      
4.50645       -0.00051      
4.51134       -0.00051      
4.51623       -0.00050      
4.52111       -0.00050      
4.52600       -0.00050      
4.53089       -0.00050      
4.53577       -0.00050      
4.54066       -0.00049      
4.54555       -0.00049      
4.55043       -0.00049      
4.55532       -0.00049      
4.56021       -0.00049      
4.56509       -0.00048      
4.56998       -0.00048      
4.57487       -0.00048      
4.57975       -0.00048      
4.58464       -0.00048      
4.58952       -0.00048      
4.59441       -0.00047      
4.59930       -0.00047      
4.60418       -0.00047      
4.60907       -0.00047      
4.61396       -0.00047      
4.61884       -0.00046      
4.62373       -0.00046      
4.62862       -0.00046      
4.63350       -0.00046      
4.63839       -0.00046      
4.64328       -0.00046      
4.64816       -0.00045      
4.65305       -0.00045      
4.65794       -0.00045      
4.66282       -0.00045      
4.66771       -0.00045      
4.67260       -0.00045      
4.67748       -0.00044      
4.68237       -0.00044      
4.68726       -0.00044      
4.69214       -0.00044      
4.69703       -0.00044      
4.70192       -0.00044      
4.70680       -0.00043      
4.71169       -0.00043      
4.71658       -0.00043      
4.72146       -0.00043      
4.72635       -0.00043      
4.73124       -0.00043      
4.73612       -0.00042      
4.74101       -0.00042      
4.74590       -0.00042      
4.75078       -0.00042      
4.75567       -0.00042      
4.76056       -0.00042      
4.76544       -0.00042      
4.77033       -0.00041      
4.77522       -0.00041      
4.78010       -0.00041      
4.78499       -0.00041      
4.78988       -0.00041      
4.79476       -0.00041      
4.79965       -0.00041      
4.80454       -0.00040      
4.80942       -0.00040      
4.81431       -0.00040      
4.81920       -0.00040      
4.82408       -0.00040      
4.82897       -0.00040      
4.83386       -0.00039      
4.83874       -0.00039      
4.84363       -0.00039      
4.84852       -0.00039      
4.85340       -0.00039      
4.85829       -0.00039      
4.86317       -0.00039      
4.86806       -0.00039      
4.87295       -0.00038      
4.87783       -0.00038      
4.88272       -0.00038      
4.88761       -0.00038      
4.89249       -0.00038      
4.89738       -0.00038      
4.90227       -0.00038      
4.90715       -0.00037      
4.91204       -0.00037      
4.91693       -0.00037      
4.92181       -0.00037      
4.92670       -0.00037      
4.93159       -0.00037      
4.93647       -0.00037      
4.94136       -0.00036      
4.94625       -0.00036      
4.95113       -0.00036      
4.95602       -0.00036      
4.96091       -0.00036      
4.96579       -0.00036      
4.97068       -0.00036      
4.97557       -0.00036      
4.98045       -0.00035      
4.98534       -0.00035      
4.99023       -0.00035      
4.99511       -0.00035      
5.00000       -0.00035      
