0.00100       1000000000006650740080640.00000
0.00589       577588570142784.37500
0.01077       409124583285.40588
0.01566       4597878309.59826
0.02055       176670176.02716
0.02543       13652864.84801
0.03032       1657050.16612 
0.03521       275876.84975  
0.04009       58066.31280   
0.04498       14679.77762   
0.04987       4327.39043    
0.05475       1475.05854    
0.05964       591.28995     
0.06453       289.37533     
0.06941       177.36201     
0.07430       132.76050     
0.07919       113.87998     
0.08407       105.44812     
0.08896       101.50061     
0.09385       99.57350      
0.09873       98.59694      
0.10362       98.43253      
0.10851       98.43358      
0.11339       98.43462      
0.11828       98.43567      
0.12317       98.43672      
0.12805       98.43776      
0.13294       98.43881      
0.13783       98.43985      
0.14271       92.32601      
0.14760       81.64747      
0.15248       71.99343      
0.15737       63.86280      
0.16226       55.93753      
0.16714       48.50994      
0.17203       41.15759      
0.17692       35.10109      
0.18180       29.24997      
0.18669       23.98015      
0.19158       19.03012      
0.19646       14.82397      
0.20135       10.66691      
0.20624       7.22628       
0.21112       3.85650       
0.21601       0.86667       
0.22090       -1.88451      
0.22578       -4.32219      
0.23067       -6.47360      
0.23556       -8.15502      
0.24044       -9.64843      
0.24533       -10.72257     
0.25022       -11.59797     
0.25510       -12.07270     
0.25999       -12.49489     
0.26488       -12.73667     
0.26976       -12.76586     
0.27465       -12.49837     
0.27954       -12.41802     
0.28442       -12.07466     
0.28931       -11.87113     
0.29420       -11.46055     
0.29908       -11.28111     
0.30397       -11.14303     
0.30886       -10.97571     
0.31374       -11.00293     
0.31863       -10.98011     
0.32352       -10.93131     
0.32840       -10.81681     
0.33329       -10.63623     
0.33818       -10.52542     
0.34306       -10.03012     
0.34795       -9.90681      
0.35284       -9.15154      
0.35772       -8.81544      
0.36261       -8.18802      
0.36750       -7.61918      
0.37238       -7.12864      
0.37727       -6.60278      
0.38216       -6.26823      
0.38704       -5.78164      
0.39193       -5.58290      
0.39682       -5.23001      
0.40170       -4.90588      
0.40659       -4.79176      
0.41148       -4.47400      
0.41636       -4.32503      
0.42125       -4.19918      
0.42613       -4.08332      
0.43102       -3.80980      
0.43591       -3.78721      
0.44079       -3.56635      
0.44568       -3.30215      
0.45057       -3.31482      
0.45545       -3.11274      
0.46034       -2.83016      
0.46523       -2.77113      
0.47011       -2.61330      
0.47500       -2.25786      
0.47989       -2.13758      
0.48477       -1.99374      
0.48966       -1.64279      
0.49455       -1.55831      
0.49943       -1.41370      
0.50432       -1.18446      
0.50921       -1.13179      
0.51409       -0.97879      
0.51898       -0.83982      
0.52387       -0.88780      
0.52875       -0.62074      
0.53364       -0.74297      
0.53853       -0.76634      
0.54341       -0.75248      
0.54830       -0.68639      
0.55319       -0.79645      
0.55807       -0.79431      
0.56296       -0.76474      
0.56785       -0.80226      
0.57273       -0.81717      
0.57762       -0.69728      
0.58251       -0.76639      
0.58739       -0.75637      
0.59228       -0.58273      
0.59717       -0.67321      
0.60205       -0.61182      
0.60694       -0.54249      
0.61183       -0.58086      
0.61671       -0.52614      
0.62160       -0.55148      
0.62649       -0.52686      
0.63137       -0.47828      
0.63626       -0.53025      
0.64115       -0.49931      
0.64603       -0.52467      
0.65092       -0.50164      
0.65581       -0.45600      
0.66069       -0.52171      
0.66558       -0.52511      
0.67047       -0.47970      
0.67535       -0.50238      
0.68024       -0.55547      
0.68513       -0.42489      
0.69001       -0.47210      
0.69490       -0.55116      
0.69978       -0.35085      
0.70467       -0.44069      
0.70956       -0.45350      
0.71444       -0.32185      
0.71933       -0.26460      
0.72422       -0.38366      
0.72910       -0.30477      
0.73399       -0.19671      
0.73888       -0.15016      
0.74376       -0.16658      
0.74865       -0.13741      
0.75354       -0.05909      
0.75842       -0.22620      
0.76331       0.04974       
0.76820       -0.02812      
0.77308       -0.07195      
0.77797       -0.00950      
0.78286       -0.06025      
0.78774       -0.06106      
0.79263       -0.02416      
0.79752       -0.00319      
0.80240       0.00290       
0.80729       0.02190       
0.81218       0.07766       
0.81706       -0.02470      
0.82195       0.09621       
0.82684       0.02112       
0.83172       0.01729       
0.83661       0.08462       
0.84150       0.12549       
0.84638       0.01629       
0.85127       0.13025       
0.85616       0.09407       
0.86104       0.12535       
0.86593       0.10695       
0.87082       -0.00524      
0.87570       0.17492       
0.88059       0.13517       
0.88548       0.09740       
0.89036       0.07368       
0.89525       0.08069       
0.90014       0.17628       
0.90502       0.06710       
0.90991       -0.00131      
0.91480       0.20191       
0.91968       0.21728       
0.92457       0.01626       
0.92946       0.22210       
0.93434       0.05548       
0.93923       0.14454       
0.94412       0.17229       
0.94900       0.14036       
0.95389       0.16294       
0.95878       0.17991       
0.96366       0.06602       
0.96855       -0.00200      
0.97343       0.12952       
0.97832       0.15132       
0.98321       0.05550       
0.98809       0.01450       
0.99298       0.07691       
0.99787       0.12141       
1.00275       0.11424       
1.00764       0.07244       
1.01253       0.01432       
1.01741       0.16694       
1.02230       0.03970       
1.02719       0.11123       
1.03207       0.12330       
1.03696       0.11195       
1.04185       0.06649       
1.04673       0.21524       
1.05162       -0.00433      
1.05651       0.14823       
1.06139       0.01932       
1.06628       0.00960       
1.07117       0.11320       
1.07605       0.05187       
1.08094       0.16853       
1.08583       0.07276       
1.09071       0.12552       
1.09560       0.07227       
1.10049       0.14621       
1.10537       0.11084       
1.11026       0.05724       
1.11515       0.14390       
1.12003       0.04770       
1.12492       0.06416       
1.12981       0.04999       
1.13469       0.10320       
1.13958       0.08219       
1.14447       0.04122       
1.14935       0.08709       
1.15424       0.05051       
1.15913       -0.00935      
1.16401       0.00559       
1.16890       -0.02990      
1.17379       0.02721       
1.17867       -0.06915      
1.18356       -0.00591      
1.18845       0.00996       
1.19333       -0.10715      
1.19822       -0.06524      
1.20311       -0.00270      
1.20799       -0.07875      
1.21288       -0.05404      
1.21777       -0.00329      
1.22265       0.06236       
1.22754       0.03340       
1.23243       0.02665       
1.23731       0.08203       
1.24220       0.02684       
1.24709       0.02930       
1.25197       0.06528       
1.25686       0.06300       
1.26174       -0.03378      
1.26663       -0.00189      
1.27152       0.06276       
1.27640       0.01967       
1.28129       -0.04365      
1.28618       -0.01414      
1.29106       0.01155       
1.29595       -0.00559      
1.30084       0.03275       
1.30572       -0.00392      
1.31061       -0.08135      
1.31550       0.08845       
1.32038       0.02201       
1.32527       0.04550       
1.33016       0.06703       
1.33504       0.00807       
1.33993       0.08653       
1.34482       0.06917       
1.34970       0.00720       
1.35459       0.07571       
1.35948       0.10060       
1.36436       0.05636       
1.36925       0.03840       
1.37414       -0.02807      
1.37902       -0.02682      
1.38391       0.01988       
1.38880       -0.01532      
1.39368       -0.03640      
1.39857       -0.02049      
1.40346       -0.05106      
1.40834       0.03280       
1.41323       0.02640       
1.41812       -0.06734      
1.42300       -0.01520      
1.42789       0.10368       
1.43278       -0.03241      
1.43766       -0.11527      
1.44255       0.02209       
1.44744       -0.00722      
1.45232       -0.10416      
1.45721       -0.09665      
1.46210       0.04431       
1.46698       -0.07260      
1.47187       -0.07042      
1.47676       -0.07983      
1.48164       -0.07973      
1.48653       0.02422       
1.49142       -0.04672      
1.49630       -0.12360      
1.50119       -0.03873      
1.50608       -0.03831      
1.51096       -0.03790      
1.51585       -0.03749      
1.52074       -0.03709      
1.52562       -0.03669      
1.53051       -0.03630      
1.53539       -0.03592      
1.54028       -0.03554      
1.54517       -0.03516      
1.55005       -0.03479      
1.55494       -0.03443      
1.55983       -0.03407      
1.56471       -0.03371      
1.56960       -0.03336      
1.57449       -0.03302      
1.57937       -0.03268      
1.58426       -0.03234      
1.58915       -0.03201      
1.59403       -0.03168      
1.59892       -0.03136      
1.60381       -0.03104      
1.60869       -0.03073      
1.61358       -0.03042      
1.61847       -0.03011      
1.62335       -0.02981      
1.62824       -0.02951      
1.63313       -0.02922      
1.63801       -0.02893      
1.64290       -0.02864      
1.64779       -0.02836      
1.65267       -0.02808      
1.65756       -0.02780      
1.66245       -0.02753      
1.66733       -0.02726      
1.67222       -0.02699      
1.67711       -0.02673      
1.68199       -0.02647      
1.68688       -0.02622      
1.69177       -0.02597      
1.69665       -0.02572      
1.70154       -0.02547      
1.70643       -0.02523      
1.71131       -0.02499      
1.71620       -0.02475      
1.72109       -0.02452      
1.72597       -0.02428      
1.73086       -0.02406      
1.73575       -0.02383      
1.74063       -0.02361      
1.74552       -0.02339      
1.75041       -0.02317      
1.75529       -0.02295      
1.76018       -0.02274      
1.76507       -0.02253      
1.76995       -0.02232      
1.77484       -0.02212      
1.77973       -0.02192      
1.78461       -0.02172      
1.78950       -0.02152      
1.79439       -0.02132      
1.79927       -0.02113      
1.80416       -0.02094      
1.80904       -0.02075      
1.81393       -0.02057      
1.81882       -0.02038      
1.82370       -0.02020      
1.82859       -0.02002      
1.83348       -0.01984      
1.83836       -0.01966      
1.84325       -0.01949      
1.84814       -0.01932      
1.85302       -0.01915      
1.85791       -0.01898      
1.86280       -0.01882      
1.86768       -0.01865      
1.87257       -0.01849      
1.87746       -0.01833      
1.88234       -0.01817      
1.88723       -0.01801      
1.89212       -0.01786      
1.89700       -0.01770      
1.90189       -0.01755      
1.90678       -0.01740      
1.91166       -0.01725      
1.91655       -0.01711      
1.92144       -0.01696      
1.92632       -0.01682      
1.93121       -0.01668      
1.93610       -0.01654      
1.94098       -0.01640      
1.94587       -0.01626      
1.95076       -0.01612      
1.95564       -0.01599      
1.96053       -0.01586      
1.96542       -0.01572      
1.97030       -0.01559      
1.97519       -0.01546      
1.98008       -0.01534      
1.98496       -0.01521      
1.98985       -0.01509      
1.99474       -0.01496      
1.99962       -0.01484      
2.00451       -0.01472      
2.00940       -0.01460      
2.01428       -0.01448      
2.01917       -0.01436      
2.02406       -0.01425      
2.02894       -0.01413      
2.03383       -0.01402      
2.03872       -0.01391      
2.04360       -0.01380      
2.04849       -0.01369      
2.05338       -0.01358      
2.05826       -0.01347      
2.06315       -0.01336      
2.06804       -0.01326      
2.07292       -0.01315      
2.07781       -0.01305      
2.08270       -0.01295      
2.08758       -0.01285      
2.09247       -0.01275      
2.09735       -0.01265      
2.10224       -0.01255      
2.10713       -0.01245      
2.11201       -0.01235      
2.11690       -0.01226      
2.12179       -0.01216      
2.12667       -0.01207      
2.13156       -0.01198      
2.13645       -0.01189      
2.14133       -0.01180      
2.14622       -0.01171      
2.15111       -0.01162      
2.15599       -0.01153      
2.16088       -0.01144      
2.16577       -0.01135      
2.17065       -0.01127      
2.17554       -0.01118      
2.18043       -0.01110      
2.18531       -0.01102      
2.19020       -0.01093      
2.19509       -0.01085      
2.19997       -0.01077      
2.20486       -0.01069      
2.20975       -0.01061      
2.21463       -0.01053      
2.21952       -0.01046      
2.22441       -0.01038      
2.22929       -0.01030      
2.23418       -0.01023      
2.23907       -0.01015      
2.24395       -0.01008      
2.24884       -0.01000      
2.25373       -0.00993      
2.25861       -0.00986      
2.26350       -0.00979      
2.26839       -0.00972      
2.27327       -0.00965      
2.27816       -0.00958      
2.28305       -0.00951      
2.28793       -0.00944      
2.29282       -0.00937      
2.29771       -0.00931      
2.30259       -0.00924      
2.30748       -0.00917      
2.31237       -0.00911      
2.31725       -0.00904      
2.32214       -0.00898      
2.32703       -0.00892      
2.33191       -0.00885      
2.33680       -0.00879      
2.34169       -0.00873      
2.34657       -0.00867      
2.35146       -0.00861      
2.35635       -0.00855      
2.36123       -0.00849      
2.36612       -0.00843      
2.37100       -0.00837      
2.37589       -0.00831      
2.38078       -0.00826      
2.38566       -0.00820      
2.39055       -0.00814      
2.39544       -0.00809      
2.40032       -0.00803      
2.40521       -0.00798      
2.41010       -0.00792      
2.41498       -0.00787      
2.41987       -0.00781      
2.42476       -0.00776      
2.42964       -0.00771      
2.43453       -0.00766      
2.43942       -0.00760      
2.44430       -0.00755      
2.44919       -0.00750      
2.45408       -0.00745      
2.45896       -0.00740      
2.46385       -0.00735      
2.46874       -0.00730      
2.47362       -0.00726      
2.47851       -0.00721      
2.48340       -0.00716      
2.48828       -0.00711      
2.49317       -0.00706      
2.49806       -0.00702      
2.50294       -0.00697      
2.50783       -0.00693      
2.51272       -0.00688      
2.51760       -0.00684      
2.52249       -0.00679      
2.52738       -0.00675      
2.53226       -0.00670      
2.53715       -0.00666      
2.54204       -0.00662      
2.54692       -0.00657      
2.55181       -0.00653      
2.55670       -0.00649      
2.56158       -0.00645      
2.56647       -0.00640      
2.57136       -0.00636      
2.57624       -0.00632      
2.58113       -0.00628      
2.58602       -0.00624      
2.59090       -0.00620      
2.59579       -0.00616      
2.60068       -0.00612      
2.60556       -0.00608      
2.61045       -0.00605      
2.61534       -0.00601      
2.62022       -0.00597      
2.62511       -0.00593      
2.63000       -0.00590      
2.63488       -0.00586      
2.63977       -0.00582      
2.64465       -0.00578      
2.64954       -0.00575      
2.65443       -0.00571      
2.65931       -0.00568      
2.66420       -0.00564      
2.66909       -0.00561      
2.67397       -0.00557      
2.67886       -0.00554      
2.68375       -0.00550      
2.68863       -0.00547      
2.69352       -0.00544      
2.69841       -0.00540      
2.70329       -0.00537      
2.70818       -0.00534      
2.71307       -0.00530      
2.71795       -0.00527      
2.72284       -0.00524      
2.72773       -0.00521      
2.73261       -0.00518      
2.73750       -0.00514      
2.74239       -0.00511      
2.74727       -0.00508      
2.75216       -0.00505      
2.75705       -0.00502      
2.76193       -0.00499      
2.76682       -0.00496      
2.77171       -0.00493      
2.77659       -0.00490      
2.78148       -0.00487      
2.78637       -0.00484      
2.79125       -0.00482      
2.79614       -0.00479      
2.80103       -0.00476      
2.80591       -0.00473      
2.81080       -0.00470      
2.81569       -0.00467      
2.82057       -0.00465      
2.82546       -0.00462      
2.83035       -0.00459      
2.83523       -0.00457      
2.84012       -0.00454      
2.84501       -0.00451      
2.84989       -0.00449      
2.85478       -0.00446      
2.85967       -0.00443      
2.86455       -0.00441      
2.86944       -0.00438      
2.87433       -0.00436      
2.87921       -0.00433      
2.88410       -0.00431      
2.88899       -0.00428      
2.89387       -0.00426      
2.89876       -0.00423      
2.90365       -0.00421      
2.90853       -0.00418      
2.91342       -0.00416      
2.91830       -0.00414      
2.92319       -0.00411      
2.92808       -0.00409      
2.93296       -0.00407      
2.93785       -0.00404      
2.94274       -0.00402      
2.94762       -0.00400      
2.95251       -0.00397      
2.95740       -0.00395      
2.96228       -0.00393      
2.96717       -0.00391      
2.97206       -0.00389      
2.97694       -0.00386      
2.98183       -0.00384      
2.98672       -0.00382      
2.99160       -0.00380      
2.99649       -0.00378      
3.00138       -0.00376      
3.00626       -0.00374      
3.01115       -0.00372      
3.01604       -0.00370      
3.02092       -0.00367      
3.02581       -0.00365      
3.03070       -0.00363      
3.03558       -0.00361      
3.04047       -0.00359      
3.04536       -0.00357      
3.05024       -0.00356      
3.05513       -0.00354      
3.06002       -0.00352      
3.06490       -0.00350      
3.06979       -0.00348      
3.07468       -0.00346      
3.07956       -0.00344      
3.08445       -0.00342      
3.08934       -0.00340      
3.09422       -0.00338      
3.09911       -0.00337      
3.10400       -0.00335      
3.10888       -0.00333      
3.11377       -0.00331      
3.11866       -0.00329      
3.12354       -0.00328      
3.12843       -0.00326      
3.13332       -0.00324      
3.13820       -0.00322      
3.14309       -0.00321      
3.14798       -0.00319      
3.15286       -0.00317      
3.15775       -0.00316      
3.16264       -0.00314      
3.16752       -0.00312      
3.17241       -0.00311      
3.17730       -0.00309      
3.18218       -0.00307      
3.18707       -0.00306      
3.19196       -0.00304      
3.19684       -0.00303      
3.20173       -0.00301      
3.20661       -0.00299      
3.21150       -0.00298      
3.21639       -0.00296      
3.22127       -0.00295      
3.22616       -0.00293      
3.23105       -0.00292      
3.23593       -0.00290      
3.24082       -0.00289      
3.24571       -0.00287      
3.25059       -0.00286      
3.25548       -0.00284      
3.26037       -0.00283      
3.26525       -0.00281      
3.27014       -0.00280      
3.27503       -0.00278      
3.27991       -0.00277      
3.28480       -0.00276      
3.28969       -0.00274      
3.29457       -0.00273      
3.29946       -0.00271      
3.30435       -0.00270      
3.30923       -0.00269      
3.31412       -0.00267      
3.31901       -0.00266      
3.32389       -0.00264      
3.32878       -0.00263      
3.33367       -0.00262      
3.33855       -0.00260      
3.34344       -0.00259      
3.34833       -0.00258      
3.35321       -0.00257      
3.35810       -0.00255      
3.36299       -0.00254      
3.36787       -0.00253      
3.37276       -0.00251      
3.37765       -0.00250      
3.38253       -0.00249      
3.38742       -0.00248      
3.39231       -0.00246      
3.39719       -0.00245      
3.40208       -0.00244      
3.40697       -0.00243      
3.41185       -0.00242      
3.41674       -0.00240      
3.42163       -0.00239      
3.42651       -0.00238      
3.43140       -0.00237      
3.43629       -0.00236      
3.44117       -0.00235      
3.44606       -0.00233      
3.45095       -0.00232      
3.45583       -0.00231      
3.46072       -0.00230      
3.46561       -0.00229      
3.47049       -0.00228      
3.47538       -0.00227      
3.48026       -0.00226      
3.48515       -0.00224      
3.49004       -0.00223      
3.49492       -0.00222      
3.49981       -0.00221      
3.50470       -0.00220      
3.50958       -0.00219      
3.51447       -0.00218      
3.51936       -0.00217      
3.52424       -0.00216      
3.52913       -0.00215      
3.53402       -0.00214      
3.53890       -0.00213      
3.54379       -0.00212      
3.54868       -0.00211      
3.55356       -0.00210      
3.55845       -0.00209      
3.56334       -0.00208      
3.56822       -0.00207      
3.57311       -0.00206      
3.57800       -0.00205      
3.58288       -0.00204      
3.58777       -0.00203      
3.59266       -0.00202      
3.59754       -0.00201      
3.60243       -0.00200      
3.60732       -0.00199      
3.61220       -0.00198      
3.61709       -0.00197      
3.62198       -0.00196      
3.62686       -0.00195      
3.63175       -0.00194      
3.63664       -0.00194      
3.64152       -0.00193      
3.64641       -0.00192      
3.65130       -0.00191      
3.65618       -0.00190      
3.66107       -0.00189      
3.66596       -0.00188      
3.67084       -0.00187      
3.67573       -0.00187      
3.68062       -0.00186      
3.68550       -0.00185      
3.69039       -0.00184      
3.69528       -0.00183      
3.70016       -0.00182      
3.70505       -0.00181      
3.70994       -0.00181      
3.71482       -0.00180      
3.71971       -0.00179      
3.72460       -0.00178      
3.72948       -0.00177      
3.73437       -0.00176      
3.73926       -0.00176      
3.74414       -0.00175      
3.74903       -0.00174      
3.75391       -0.00173      
3.75880       -0.00172      
3.76369       -0.00172      
3.76857       -0.00171      
3.77346       -0.00170      
3.77835       -0.00169      
3.78323       -0.00169      
3.78812       -0.00168      
3.79301       -0.00167      
3.79789       -0.00166      
3.80278       -0.00166      
3.80767       -0.00165      
3.81255       -0.00164      
3.81744       -0.00163      
3.82233       -0.00163      
3.82721       -0.00162      
3.83210       -0.00161      
3.83699       -0.00161      
3.84187       -0.00160      
3.84676       -0.00159      
3.85165       -0.00158      
3.85653       -0.00158      
3.86142       -0.00157      
3.86631       -0.00156      
3.87119       -0.00156      
3.87608       -0.00155      
3.88097       -0.00154      
3.88585       -0.00154      
3.89074       -0.00153      
3.89563       -0.00152      
3.90051       -0.00152      
3.90540       -0.00151      
3.91029       -0.00150      
3.91517       -0.00150      
3.92006       -0.00149      
3.92495       -0.00148      
3.92983       -0.00148      
3.93472       -0.00147      
3.93961       -0.00146      
3.94449       -0.00146      
3.94938       -0.00145      
3.95427       -0.00144      
3.95915       -0.00144      
3.96404       -0.00143      
3.96893       -0.00143      
3.97381       -0.00142      
3.97870       -0.00141      
3.98359       -0.00141      
3.98847       -0.00140      
3.99336       -0.00139      
3.99825       -0.00139      
4.00313       -0.00138      
4.00802       -0.00138      
4.01291       -0.00137      
4.01779       -0.00137      
4.02268       -0.00136      
4.02757       -0.00135      
4.03245       -0.00135      
4.03734       -0.00134      
4.04222       -0.00134      
4.04711       -0.00133      
4.05200       -0.00133      
4.05688       -0.00132      
4.06177       -0.00131      
4.06666       -0.00131      
4.07154       -0.00130      
4.07643       -0.00130      
4.08132       -0.00129      
4.08620       -0.00129      
4.09109       -0.00128      
4.09598       -0.00128      
4.10086       -0.00127      
4.10575       -0.00127      
4.11064       -0.00126      
4.11552       -0.00125      
4.12041       -0.00125      
4.12530       -0.00124      
4.13018       -0.00124      
4.13507       -0.00123      
4.13996       -0.00123      
4.14484       -0.00122      
4.14973       -0.00122      
4.15462       -0.00121      
4.15950       -0.00121      
4.16439       -0.00120      
4.16928       -0.00120      
4.17416       -0.00119      
4.17905       -0.00119      
4.18394       -0.00118      
4.18882       -0.00118      
4.19371       -0.00117      
4.19860       -0.00117      
4.20348       -0.00116      
4.20837       -0.00116      
4.21326       -0.00115      
4.21814       -0.00115      
4.22303       -0.00115      
4.22792       -0.00114      
4.23280       -0.00114      
4.23769       -0.00113      
4.24258       -0.00113      
4.24746       -0.00112      
4.25235       -0.00112      
4.25724       -0.00111      
4.26212       -0.00111      
4.26701       -0.00110      
4.27190       -0.00110      
4.27678       -0.00109      
4.28167       -0.00109      
4.28656       -0.00109      
4.29144       -0.00108      
4.29633       -0.00108      
4.30122       -0.00107      
4.30610       -0.00107      
4.31099       -0.00106      
4.31587       -0.00106      
4.32076       -0.00106      
4.32565       -0.00105      
4.33053       -0.00105      
4.33542       -0.00104      
4.34031       -0.00104      
4.34519       -0.00103      
4.35008       -0.00103      
4.35497       -0.00103      
4.35985       -0.00102      
4.36474       -0.00102      
4.36963       -0.00101      
4.37451       -0.00101      
4.37940       -0.00101      
4.38429       -0.00100      
4.38917       -0.00100      
4.39406       -0.00099      
4.39895       -0.00099      
4.40383       -0.00099      
4.40872       -0.00098      
4.41361       -0.00098      
4.41849       -0.00098      
4.42338       -0.00097      
4.42827       -0.00097      
4.43315       -0.00096      
4.43804       -0.00096      
4.44293       -0.00096      
4.44781       -0.00095      
4.45270       -0.00095      
4.45759       -0.00095      
4.46247       -0.00094      
4.46736       -0.00094      
4.47225       -0.00093      
4.47713       -0.00093      
4.48202       -0.00093      
4.48691       -0.00092      
4.49179       -0.00092      
4.49668       -0.00092      
4.50157       -0.00091      
4.50645       -0.00091      
4.51134       -0.00091      
4.51623       -0.00090      
4.52111       -0.00090      
4.52600       -0.00090      
4.53089       -0.00089      
4.53577       -0.00089      
4.54066       -0.00088      
4.54555       -0.00088      
4.55043       -0.00088      
4.55532       -0.00087      
4.56021       -0.00087      
4.56509       -0.00087      
4.56998       -0.00086      
4.57487       -0.00086      
4.57975       -0.00086      
4.58464       -0.00085      
4.58952       -0.00085      
4.59441       -0.00085      
4.59930       -0.00085      
4.60418       -0.00084      
4.60907       -0.00084      
4.61396       -0.00084      
4.61884       -0.00083      
4.62373       -0.00083      
4.62862       -0.00083      
4.63350       -0.00082      
4.63839       -0.00082      
4.64328       -0.00082      
4.64816       -0.00081      
4.65305       -0.00081      
4.65794       -0.00081      
4.66282       -0.00080      
4.66771       -0.00080      
4.67260       -0.00080      
4.67748       -0.00080      
4.68237       -0.00079      
4.68726       -0.00079      
4.69214       -0.00079      
4.69703       -0.00078      
4.70192       -0.00078      
4.70680       -0.00078      
4.71169       -0.00078      
4.71658       -0.00077      
4.72146       -0.00077      
4.72635       -0.00077      
4.73124       -0.00076      
4.73612       -0.00076      
4.74101       -0.00076      
4.74590       -0.00076      
4.75078       -0.00075      
4.75567       -0.00075      
4.76056       -0.00075      
4.76544       -0.00074      
4.77033       -0.00074      
4.77522       -0.00074      
4.78010       -0.00074      
4.78499       -0.00073      
4.78988       -0.00073      
4.79476       -0.00073      
4.79965       -0.00073      
4.80454       -0.00072      
4.80942       -0.00072      
4.81431       -0.00072      
4.81920       -0.00071      
4.82408       -0.00071      
4.82897       -0.00071      
4.83386       -0.00071      
4.83874       -0.00070      
4.84363       -0.00070      
4.84852       -0.00070      
4.85340       -0.00070      
4.85829       -0.00069      
4.86317       -0.00069      
4.86806       -0.00069      
4.87295       -0.00069      
4.87783       -0.00068      
4.88272       -0.00068      
4.88761       -0.00068      
4.89249       -0.00068      
4.89738       -0.00067      
4.90227       -0.00067      
4.90715       -0.00067      
4.91204       -0.00067      
4.91693       -0.00067      
4.92181       -0.00066      
4.92670       -0.00066      
4.93159       -0.00066      
4.93647       -0.00066      
4.94136       -0.00065      
4.94625       -0.00065      
4.95113       -0.00065      
4.95602       -0.00065      
4.96091       -0.00064      
4.96579       -0.00064      
4.97068       -0.00064      
4.97557       -0.00064      
4.98045       -0.00063      
4.98534       -0.00063      
4.99023       -0.00063      
4.99511       -0.00063      
5.00000       -0.00063      
