0.00100       999999999995992510300160.00000
0.00589       577588570142701.12500
0.01077       409124583199.77606
0.01566       4597878222.27700
0.02055       176670087.40046
0.02543       13652774.82051
0.03032       1656958.83307 
0.03521       275784.58161  
0.04009       57973.22351   
0.04498       14585.81763   
0.04987       4232.86411    
0.05475       1379.98767    
0.05964       495.61103     
0.06453       193.27432     
0.06941       80.68037      
0.07430       35.88449      
0.07919       16.79674      
0.08407       7.93044       
0.08896       3.97747       
0.09385       1.99383       
0.09873       0.99144       
0.10362       0.89616       
0.10851       0.81924       
0.11339       1.01654       
0.11828       1.38999       
0.12317       1.65331       
0.12805       2.02889       
0.13294       2.35484       
0.13783       2.58215       
0.14271       2.68910       
0.14760       2.64005       
0.15248       2.36899       
0.15737       1.95303       
0.16226       1.52377       
0.16714       1.09342       
0.17203       0.60951       
0.17692       0.12876       
0.18180       -0.22548      
0.18669       -0.45610      
0.19158       -0.73156      
0.19646       -0.95896      
0.20135       -0.89891      
0.20624       -0.81822      
0.21112       -0.95299      
0.21601       -0.74727      
0.22090       -0.54891      
0.22578       -0.47723      
0.23067       -0.31231      
0.23556       -0.06232      
0.24044       0.25435       
0.24533       0.54519       
0.25022       0.71083       
0.25510       0.80608       
0.25999       0.99445       
0.26488       1.34994       
0.26976       1.60375       
0.27465       1.56541       
0.27954       1.58886       
0.28442       1.84155       
0.28931       2.03067       
0.29420       2.07326       
0.29908       2.16481       
0.30397       2.35964       
0.30886       2.45819       
0.31374       2.43480       
0.31863       2.49993       
0.32352       2.67815       
0.32840       2.78166       
0.33329       2.76993       
0.33818       2.72837       
0.34306       2.71961       
0.34795       2.76097       
0.35284       2.77527       
0.35772       2.71613       
0.36261       2.62068       
0.36750       2.50659       
0.37238       2.39537       
0.37727       2.29373       
0.38216       2.20430       
0.38704       2.09835       
0.39193       1.98029       
0.39682       1.84598       
0.40170       1.70796       
0.40659       1.57897       
0.41148       1.46044       
0.41636       1.35381       
0.42125       1.25267       
0.42613       1.14405       
0.43102       1.03499       
0.43591       0.91949       
0.44079       0.81411       
0.44568       0.72689       
0.45057       0.65936       
0.45545       0.60225       
0.46034       0.52928       
0.46523       0.41694       
0.47011       0.27133       
0.47500       0.15572       
0.47989       0.12133       
0.48477       0.17326       
0.48966       0.22351       
0.49455       0.14498       
0.49943       -0.03555      
0.50432       -0.12810      
0.50921       -0.09779      
0.51409       -0.06583      
0.51898       -0.07843      
0.52387       -0.10461      
0.52875       -0.11779      
0.53364       -0.14091      
0.53853       -0.15213      
0.54341       -0.15573      
0.54830       -0.17007      
0.55319       -0.20308      
0.55807       -0.21641      
0.56296       -0.20045      
0.56785       -0.16590      
0.57273       -0.15586      
0.57762       -0.17851      
0.58251       -0.19069      
0.58739       -0.17604      
0.59228       -0.15592      
0.59717       -0.15226      
0.60205       -0.16897      
0.60694       -0.16757      
0.61183       -0.11519      
0.61671       -0.03979      
0.62160       0.00761       
0.62649       0.00743       
0.63137       -0.01849      
0.63626       -0.04595      
0.64115       -0.04344      
0.64603       -0.00941      
0.65092       0.04178       
0.65581       0.07515       
0.66069       0.06819       
0.66558       0.04364       
0.67047       0.04146       
0.67535       0.09656       
0.68024       0.17609       
0.68513       0.20130       
0.69001       0.15683       
0.69490       0.08423       
0.69978       0.09167       
0.70467       0.16928       
0.70956       0.20882       
0.71444       0.17004       
0.71933       0.09649       
0.72422       0.07239       
0.72910       0.10014       
0.73399       0.12078       
0.73888       0.10777       
0.74376       0.09913       
0.74865       0.11251       
0.75354       0.06702       
0.75842       -0.05789      
0.76331       -0.07323      
0.76820       0.03917       
0.77308       0.06026       
0.77797       -0.06163      
0.78286       -0.18999      
0.78774       -0.15410      
0.79263       -0.05208      
0.79752       -0.04033      
0.80240       -0.10775      
0.80729       -0.16007      
0.81218       -0.18275      
0.81706       -0.19083      
0.82195       -0.19457      
0.82684       -0.20409      
0.83172       -0.21839      
0.83661       -0.22633      
0.84150       -0.22516      
0.84638       -0.21934      
0.85127       -0.22293      
0.85616       -0.25145      
0.86104       -0.29281      
0.86593       -0.30361      
0.87082       -0.28239      
0.87570       -0.27882      
0.88059       -0.28972      
0.88548       -0.28607      
0.89036       -0.26421      
0.89525       -0.24262      
0.90014       -0.23293      
0.90502       -0.23177      
0.90991       -0.24747      
0.91480       -0.28518      
0.91968       -0.29468      
0.92457       -0.22423      
0.92946       -0.12384      
0.93434       -0.10010      
0.93923       -0.16248      
0.94412       -0.22214      
0.94900       -0.20725      
0.95389       -0.14566      
0.95878       -0.12402      
0.96366       -0.15717      
0.96855       -0.18594      
0.97343       -0.18288      
0.97832       -0.15993      
0.98321       -0.13786      
0.98809       -0.12476      
0.99298       -0.11673      
0.99787       -0.11937      
1.00275       -0.14045      
1.00764       -0.16967      
1.01253       -0.17934      
1.01741       -0.16623      
1.02230       -0.14265      
1.02719       -0.11385      
1.03207       -0.11575      
1.03696       -0.14926      
1.04185       -0.17601      
1.04673       -0.18245      
1.05162       -0.19496      
1.05651       -0.21252      
1.06139       -0.19114      
1.06628       -0.13186      
1.07117       -0.08969      
1.07605       -0.11937      
1.08094       -0.22469      
1.08583       -0.26954      
1.09071       -0.19219      
1.09560       -0.13939      
1.10049       -0.13066      
1.10537       -0.15093      
1.11026       -0.20649      
1.11515       -0.25244      
1.12003       -0.24630      
1.12492       -0.20360      
1.12981       -0.16485      
1.13469       -0.16149      
1.13958       -0.19168      
1.14447       -0.22338      
1.14935       -0.23476      
1.15424       -0.21246      
1.15913       -0.18361      
1.16401       -0.16256      
1.16890       -0.17227      
1.17379       -0.19400      
1.17867       -0.21544      
1.18356       -0.22420      
1.18845       -0.21248      
1.19333       -0.17497      
1.19822       -0.13923      
1.20311       -0.13642      
1.20799       -0.15689      
1.21288       -0.18125      
1.21777       -0.19451      
1.22265       -0.20815      
1.22754       -0.23596      
1.23243       -0.24371      
1.23731       -0.22542      
1.24220       -0.21994      
1.24709       -0.20872      
1.25197       -0.21360      
1.25686       -0.21749      
1.26174       -0.15279      
1.26663       -0.18301      
1.27152       -0.22036      
1.27640       -0.23178      
1.28129       -0.21928      
1.28618       -0.18165      
1.29106       -0.16308      
1.29595       -0.17773      
1.30084       -0.19846      
1.30572       -0.18721      
1.31061       -0.15378      
1.31550       -0.14865      
1.32038       -0.15858      
1.32527       -0.14767      
1.33016       -0.17904      
1.33504       -0.24674      
1.33993       -0.23065      
1.34482       -0.15572      
1.34970       -0.13961      
1.35459       -0.17760      
1.35948       -0.20452      
1.36436       -0.19744      
1.36925       -0.16334      
1.37414       -0.13708      
1.37902       -0.12703      
1.38391       -0.15524      
1.38880       -0.18474      
1.39368       -0.14454      
1.39857       -0.07147      
1.40346       -0.07994      
1.40834       -0.15255      
1.41323       -0.14825      
1.41812       -0.11616      
1.42300       -0.10612      
1.42789       -0.10572      
1.43278       -0.11772      
1.43766       -0.09484      
1.44255       -0.05387      
1.44744       -0.04736      
1.45232       -0.05579      
1.45721       -0.08364      
1.46210       -0.11674      
1.46698       -0.11323      
1.47187       -0.07352      
1.47676       -0.04699      
1.48164       -0.05144      
1.48653       -0.04965      
1.49142       -0.03051      
1.49630       -0.00623      
1.50119       -0.01046      
1.50608       -0.01034      
1.51096       -0.01022      
1.51585       -0.01010      
1.52074       -0.00999      
1.52562       -0.00988      
1.53051       -0.00976      
1.53539       -0.00965      
1.54028       -0.00955      
1.54517       -0.00944      
1.55005       -0.00933      
1.55494       -0.00923      
1.55983       -0.00913      
1.56471       -0.00903      
1.56960       -0.00893      
1.57449       -0.00883      
1.57937       -0.00873      
1.58426       -0.00863      
1.58915       -0.00854      
1.59403       -0.00845      
1.59892       -0.00835      
1.60381       -0.00826      
1.60869       -0.00817      
1.61358       -0.00809      
1.61847       -0.00800      
1.62335       -0.00791      
1.62824       -0.00783      
1.63313       -0.00775      
1.63801       -0.00766      
1.64290       -0.00758      
1.64779       -0.00750      
1.65267       -0.00742      
1.65756       -0.00734      
1.66245       -0.00727      
1.66733       -0.00719      
1.67222       -0.00712      
1.67711       -0.00704      
1.68199       -0.00697      
1.68688       -0.00690      
1.69177       -0.00683      
1.69665       -0.00676      
1.70154       -0.00669      
1.70643       -0.00662      
1.71131       -0.00655      
1.71620       -0.00648      
1.72109       -0.00642      
1.72597       -0.00635      
1.73086       -0.00629      
1.73575       -0.00623      
1.74063       -0.00616      
1.74552       -0.00610      
1.75041       -0.00604      
1.75529       -0.00598      
1.76018       -0.00592      
1.76507       -0.00586      
1.76995       -0.00580      
1.77484       -0.00575      
1.77973       -0.00569      
1.78461       -0.00563      
1.78950       -0.00558      
1.79439       -0.00552      
1.79927       -0.00547      
1.80416       -0.00542      
1.80904       -0.00536      
1.81393       -0.00531      
1.81882       -0.00526      
1.82370       -0.00521      
1.82859       -0.00516      
1.83348       -0.00511      
1.83836       -0.00506      
1.84325       -0.00501      
1.84814       -0.00496      
1.85302       -0.00492      
1.85791       -0.00487      
1.86280       -0.00482      
1.86768       -0.00478      
1.87257       -0.00473      
1.87746       -0.00469      
1.88234       -0.00465      
1.88723       -0.00460      
1.89212       -0.00456      
1.89700       -0.00452      
1.90189       -0.00448      
1.90678       -0.00443      
1.91166       -0.00439      
1.91655       -0.00435      
1.92144       -0.00431      
1.92632       -0.00427      
1.93121       -0.00423      
1.93610       -0.00419      
1.94098       -0.00416      
1.94587       -0.00412      
1.95076       -0.00408      
1.95564       -0.00404      
1.96053       -0.00401      
1.96542       -0.00397      
1.97030       -0.00394      
1.97519       -0.00390      
1.98008       -0.00387      
1.98496       -0.00383      
1.98985       -0.00380      
1.99474       -0.00376      
1.99962       -0.00373      
2.00451       -0.00370      
2.00940       -0.00366      
2.01428       -0.00363      
2.01917       -0.00360      
2.02406       -0.00357      
2.02894       -0.00354      
2.03383       -0.00351      
2.03872       -0.00348      
2.04360       -0.00344      
2.04849       -0.00341      
2.05338       -0.00339      
2.05826       -0.00336      
2.06315       -0.00333      
2.06804       -0.00330      
2.07292       -0.00327      
2.07781       -0.00324      
2.08270       -0.00321      
2.08758       -0.00319      
2.09247       -0.00316      
2.09735       -0.00313      
2.10224       -0.00311      
2.10713       -0.00308      
2.11201       -0.00305      
2.11690       -0.00303      
2.12179       -0.00300      
2.12667       -0.00298      
2.13156       -0.00295      
2.13645       -0.00293      
2.14133       -0.00290      
2.14622       -0.00288      
2.15111       -0.00285      
2.15599       -0.00283      
2.16088       -0.00281      
2.16577       -0.00278      
2.17065       -0.00276      
2.17554       -0.00274      
2.18043       -0.00272      
2.18531       -0.00269      
2.19020       -0.00267      
2.19509       -0.00265      
2.19997       -0.00263      
2.20486       -0.00261      
2.20975       -0.00259      
2.21463       -0.00256      
2.21952       -0.00254      
2.22441       -0.00252      
2.22929       -0.00250      
2.23418       -0.00248      
2.23907       -0.00246      
2.24395       -0.00244      
2.24884       -0.00242      
2.25373       -0.00240      
2.25861       -0.00239      
2.26350       -0.00237      
2.26839       -0.00235      
2.27327       -0.00233      
2.27816       -0.00231      
2.28305       -0.00229      
2.28793       -0.00227      
2.29282       -0.00226      
2.29771       -0.00224      
2.30259       -0.00222      
2.30748       -0.00220      
2.31237       -0.00219      
2.31725       -0.00217      
2.32214       -0.00215      
2.32703       -0.00214      
2.33191       -0.00212      
2.33680       -0.00210      
2.34169       -0.00209      
2.34657       -0.00207      
2.35146       -0.00205      
2.35635       -0.00204      
2.36123       -0.00202      
2.36612       -0.00201      
2.37100       -0.00199      
2.37589       -0.00198      
2.38078       -0.00196      
2.38566       -0.00195      
2.39055       -0.00193      
2.39544       -0.00192      
2.40032       -0.00190      
2.40521       -0.00189      
2.41010       -0.00187      
2.41498       -0.00186      
2.41987       -0.00185      
2.42476       -0.00183      
2.42964       -0.00182      
2.43453       -0.00181      
2.43942       -0.00179      
2.44430       -0.00178      
2.44919       -0.00177      
2.45408       -0.00175      
2.45896       -0.00174      
2.46385       -0.00173      
2.46874       -0.00171      
2.47362       -0.00170      
2.47851       -0.00169      
2.48340       -0.00168      
2.48828       -0.00166      
2.49317       -0.00165      
2.49806       -0.00164      
2.50294       -0.00163      
2.50783       -0.00162      
2.51272       -0.00160      
2.51760       -0.00159      
2.52249       -0.00158      
2.52738       -0.00157      
2.53226       -0.00156      
2.53715       -0.00155      
2.54204       -0.00154      
2.54692       -0.00152      
2.55181       -0.00151      
2.55670       -0.00150      
2.56158       -0.00149      
2.56647       -0.00148      
2.57136       -0.00147      
2.57624       -0.00146      
2.58113       -0.00145      
2.58602       -0.00144      
2.59090       -0.00143      
2.59579       -0.00142      
2.60068       -0.00141      
2.60556       -0.00140      
2.61045       -0.00139      
2.61534       -0.00138      
2.62022       -0.00137      
2.62511       -0.00136      
2.63000       -0.00135      
2.63488       -0.00134      
2.63977       -0.00133      
2.64465       -0.00132      
2.64954       -0.00131      
2.65443       -0.00130      
2.65931       -0.00130      
2.66420       -0.00129      
2.66909       -0.00128      
2.67397       -0.00127      
2.67886       -0.00126      
2.68375       -0.00125      
2.68863       -0.00124      
2.69352       -0.00123      
2.69841       -0.00123      
2.70329       -0.00122      
2.70818       -0.00121      
2.71307       -0.00120      
2.71795       -0.00119      
2.72284       -0.00119      
2.72773       -0.00118      
2.73261       -0.00117      
2.73750       -0.00116      
2.74239       -0.00115      
2.74727       -0.00115      
2.75216       -0.00114      
2.75705       -0.00113      
2.76193       -0.00112      
2.76682       -0.00112      
2.77171       -0.00111      
2.77659       -0.00110      
2.78148       -0.00109      
2.78637       -0.00109      
2.79125       -0.00108      
2.79614       -0.00107      
2.80103       -0.00106      
2.80591       -0.00106      
2.81080       -0.00105      
2.81569       -0.00104      
2.82057       -0.00104      
2.82546       -0.00103      
2.83035       -0.00102      
2.83523       -0.00102      
2.84012       -0.00101      
2.84501       -0.00100      
2.84989       -0.00100      
2.85478       -0.00099      
2.85967       -0.00098      
2.86455       -0.00098      
2.86944       -0.00097      
2.87433       -0.00096      
2.87921       -0.00096      
2.88410       -0.00095      
2.88899       -0.00095      
2.89387       -0.00094      
2.89876       -0.00093      
2.90365       -0.00093      
2.90853       -0.00092      
2.91342       -0.00092      
2.91830       -0.00091      
2.92319       -0.00090      
2.92808       -0.00090      
2.93296       -0.00089      
2.93785       -0.00089      
2.94274       -0.00088      
2.94762       -0.00088      
2.95251       -0.00087      
2.95740       -0.00087      
2.96228       -0.00086      
2.96717       -0.00085      
2.97206       -0.00085      
2.97694       -0.00084      
2.98183       -0.00084      
2.98672       -0.00083      
2.99160       -0.00083      
2.99649       -0.00082      
3.00138       -0.00082      
3.00626       -0.00081      
3.01115       -0.00081      
3.01604       -0.00080      
3.02092       -0.00080      
3.02581       -0.00079      
3.03070       -0.00079      
3.03558       -0.00078      
3.04047       -0.00078      
3.04536       -0.00077      
3.05024       -0.00077      
3.05513       -0.00076      
3.06002       -0.00076      
3.06490       -0.00075      
3.06979       -0.00075      
3.07468       -0.00075      
3.07956       -0.00074      
3.08445       -0.00074      
3.08934       -0.00073      
3.09422       -0.00073      
3.09911       -0.00072      
3.10400       -0.00072      
3.10888       -0.00071      
3.11377       -0.00071      
3.11866       -0.00071      
3.12354       -0.00070      
3.12843       -0.00070      
3.13332       -0.00069      
3.13820       -0.00069      
3.14309       -0.00068      
3.14798       -0.00068      
3.15286       -0.00068      
3.15775       -0.00067      
3.16264       -0.00067      
3.16752       -0.00066      
3.17241       -0.00066      
3.17730       -0.00066      
3.18218       -0.00065      
3.18707       -0.00065      
3.19196       -0.00064      
3.19684       -0.00064      
3.20173       -0.00064      
3.20661       -0.00063      
3.21150       -0.00063      
3.21639       -0.00063      
3.22127       -0.00062      
3.22616       -0.00062      
3.23105       -0.00062      
3.23593       -0.00061      
3.24082       -0.00061      
3.24571       -0.00060      
3.25059       -0.00060      
3.25548       -0.00060      
3.26037       -0.00059      
3.26525       -0.00059      
3.27014       -0.00059      
3.27503       -0.00058      
3.27991       -0.00058      
3.28480       -0.00058      
3.28969       -0.00057      
3.29457       -0.00057      
3.29946       -0.00057      
3.30435       -0.00056      
3.30923       -0.00056      
3.31412       -0.00056      
3.31901       -0.00055      
3.32389       -0.00055      
3.32878       -0.00055      
3.33367       -0.00054      
3.33855       -0.00054      
3.34344       -0.00054      
3.34833       -0.00054      
3.35321       -0.00053      
3.35810       -0.00053      
3.36299       -0.00053      
3.36787       -0.00052      
3.37276       -0.00052      
3.37765       -0.00052      
3.38253       -0.00051      
3.38742       -0.00051      
3.39231       -0.00051      
3.39719       -0.00051      
3.40208       -0.00050      
3.40697       -0.00050      
3.41185       -0.00050      
3.41674       -0.00049      
3.42163       -0.00049      
3.42651       -0.00049      
3.43140       -0.00049      
3.43629       -0.00048      
3.44117       -0.00048      
3.44606       -0.00048      
3.45095       -0.00048      
3.45583       -0.00047      
3.46072       -0.00047      
3.46561       -0.00047      
3.47049       -0.00047      
3.47538       -0.00046      
3.48026       -0.00046      
3.48515       -0.00046      
3.49004       -0.00046      
3.49492       -0.00045      
3.49981       -0.00045      
3.50470       -0.00045      
3.50958       -0.00045      
3.51447       -0.00044      
3.51936       -0.00044      
3.52424       -0.00044      
3.52913       -0.00044      
3.53402       -0.00043      
3.53890       -0.00043      
3.54379       -0.00043      
3.54868       -0.00043      
3.55356       -0.00042      
3.55845       -0.00042      
3.56334       -0.00042      
3.56822       -0.00042      
3.57311       -0.00041      
3.57800       -0.00041      
3.58288       -0.00041      
3.58777       -0.00041      
3.59266       -0.00041      
3.59754       -0.00040      
3.60243       -0.00040      
3.60732       -0.00040      
3.61220       -0.00040      
3.61709       -0.00040      
3.62198       -0.00039      
3.62686       -0.00039      
3.63175       -0.00039      
3.63664       -0.00039      
3.64152       -0.00039      
3.64641       -0.00038      
3.65130       -0.00038      
3.65618       -0.00038      
3.66107       -0.00038      
3.66596       -0.00037      
3.67084       -0.00037      
3.67573       -0.00037      
3.68062       -0.00037      
3.68550       -0.00037      
3.69039       -0.00037      
3.69528       -0.00036      
3.70016       -0.00036      
3.70505       -0.00036      
3.70994       -0.00036      
3.71482       -0.00036      
3.71971       -0.00035      
3.72460       -0.00035      
3.72948       -0.00035      
3.73437       -0.00035      
3.73926       -0.00035      
3.74414       -0.00034      
3.74903       -0.00034      
3.75391       -0.00034      
3.75880       -0.00034      
3.76369       -0.00034      
3.76857       -0.00034      
3.77346       -0.00033      
3.77835       -0.00033      
3.78323       -0.00033      
3.78812       -0.00033      
3.79301       -0.00033      
3.79789       -0.00033      
3.80278       -0.00032      
3.80767       -0.00032      
3.81255       -0.00032      
3.81744       -0.00032      
3.82233       -0.00032      
3.82721       -0.00032      
3.83210       -0.00031      
3.83699       -0.00031      
3.84187       -0.00031      
3.84676       -0.00031      
3.85165       -0.00031      
3.85653       -0.00031      
3.86142       -0.00031      
3.86631       -0.00030      
3.87119       -0.00030      
3.87608       -0.00030      
3.88097       -0.00030      
3.88585       -0.00030      
3.89074       -0.00030      
3.89563       -0.00029      
3.90051       -0.00029      
3.90540       -0.00029      
3.91029       -0.00029      
3.91517       -0.00029      
3.92006       -0.00029      
3.92495       -0.00029      
3.92983       -0.00028      
3.93472       -0.00028      
3.93961       -0.00028      
3.94449       -0.00028      
3.94938       -0.00028      
3.95427       -0.00028      
3.95915       -0.00028      
3.96404       -0.00027      
3.96893       -0.00027      
3.97381       -0.00027      
3.97870       -0.00027      
3.98359       -0.00027      
3.98847       -0.00027      
3.99336       -0.00027      
3.99825       -0.00027      
4.00313       -0.00026      
4.00802       -0.00026      
4.01291       -0.00026      
4.01779       -0.00026      
4.02268       -0.00026      
4.02757       -0.00026      
4.03245       -0.00026      
4.03734       -0.00026      
4.04222       -0.00025      
4.04711       -0.00025      
4.05200       -0.00025      
4.05688       -0.00025      
4.06177       -0.00025      
4.06666       -0.00025      
4.07154       -0.00025      
4.07643       -0.00025      
4.08132       -0.00024      
4.08620       -0.00024      
4.09109       -0.00024      
4.09598       -0.00024      
4.10086       -0.00024      
4.10575       -0.00024      
4.11064       -0.00024      
4.11552       -0.00024      
4.12041       -0.00024      
4.12530       -0.00023      
4.13018       -0.00023      
4.13507       -0.00023      
4.13996       -0.00023      
4.14484       -0.00023      
4.14973       -0.00023      
4.15462       -0.00023      
4.15950       -0.00023      
4.16439       -0.00023      
4.16928       -0.00022      
4.17416       -0.00022      
4.17905       -0.00022      
4.18394       -0.00022      
4.18882       -0.00022      
4.19371       -0.00022      
4.19860       -0.00022      
4.20348       -0.00022      
4.20837       -0.00022      
4.21326       -0.00021      
4.21814       -0.00021      
4.22303       -0.00021      
4.22792       -0.00021      
4.23280       -0.00021      
4.23769       -0.00021      
4.24258       -0.00021      
4.24746       -0.00021      
4.25235       -0.00021      
4.25724       -0.00021      
4.26212       -0.00021      
4.26701       -0.00020      
4.27190       -0.00020      
4.27678       -0.00020      
4.28167       -0.00020      
4.28656       -0.00020      
4.29144       -0.00020      
4.29633       -0.00020      
4.30122       -0.00020      
4.30610       -0.00020      
4.31099       -0.00020      
4.31587       -0.00019      
4.32076       -0.00019      
4.32565       -0.00019      
4.33053       -0.00019      
4.33542       -0.00019      
4.34031       -0.00019      
4.34519       -0.00019      
4.35008       -0.00019      
4.35497       -0.00019      
4.35985       -0.00019      
4.36474       -0.00019      
4.36963       -0.00019      
4.37451       -0.00018      
4.37940       -0.00018      
4.38429       -0.00018      
4.38917       -0.00018      
4.39406       -0.00018      
4.39895       -0.00018      
4.40383       -0.00018      
4.40872       -0.00018      
4.41361       -0.00018      
4.41849       -0.00018      
4.42338       -0.00018      
4.42827       -0.00018      
4.43315       -0.00017      
4.43804       -0.00017      
4.44293       -0.00017      
4.44781       -0.00017      
4.45270       -0.00017      
4.45759       -0.00017      
4.46247       -0.00017      
4.46736       -0.00017      
4.47225       -0.00017      
4.47713       -0.00017      
4.48202       -0.00017      
4.48691       -0.00017      
4.49179       -0.00017      
4.49668       -0.00016      
4.50157       -0.00016      
4.50645       -0.00016      
4.51134       -0.00016      
4.51623       -0.00016      
4.52111       -0.00016      
4.52600       -0.00016      
4.53089       -0.00016      
4.53577       -0.00016      
4.54066       -0.00016      
4.54555       -0.00016      
4.55043       -0.00016      
4.55532       -0.00016      
4.56021       -0.00016      
4.56509       -0.00016      
4.56998       -0.00015      
4.57487       -0.00015      
4.57975       -0.00015      
4.58464       -0.00015      
4.58952       -0.00015      
4.59441       -0.00015      
4.59930       -0.00015      
4.60418       -0.00015      
4.60907       -0.00015      
4.61396       -0.00015      
4.61884       -0.00015      
4.62373       -0.00015      
4.62862       -0.00015      
4.63350       -0.00015      
4.63839       -0.00015      
4.64328       -0.00014      
4.64816       -0.00014      
4.65305       -0.00014      
4.65794       -0.00014      
4.66282       -0.00014      
4.66771       -0.00014      
4.67260       -0.00014      
4.67748       -0.00014      
4.68237       -0.00014      
4.68726       -0.00014      
4.69214       -0.00014      
4.69703       -0.00014      
4.70192       -0.00014      
4.70680       -0.00014      
4.71169       -0.00014      
4.71658       -0.00014      
4.72146       -0.00013      
4.72635       -0.00013      
4.73124       -0.00013      
4.73612       -0.00013      
4.74101       -0.00013      
4.74590       -0.00013      
4.75078       -0.00013      
4.75567       -0.00013      
4.76056       -0.00013      
4.76544       -0.00013      
4.77033       -0.00013      
4.77522       -0.00013      
4.78010       -0.00013      
4.78499       -0.00013      
4.78988       -0.00013      
4.79476       -0.00013      
4.79965       -0.00013      
4.80454       -0.00013      
4.80942       -0.00013      
4.81431       -0.00012      
4.81920       -0.00012      
4.82408       -0.00012      
4.82897       -0.00012      
4.83386       -0.00012      
4.83874       -0.00012      
4.84363       -0.00012      
4.84852       -0.00012      
4.85340       -0.00012      
4.85829       -0.00012      
4.86317       -0.00012      
4.86806       -0.00012      
4.87295       -0.00012      
4.87783       -0.00012      
4.88272       -0.00012      
4.88761       -0.00012      
4.89249       -0.00012      
4.89738       -0.00012      
4.90227       -0.00012      
4.90715       -0.00012      
4.91204       -0.00011      
4.91693       -0.00011      
4.92181       -0.00011      
4.92670       -0.00011      
4.93159       -0.00011      
4.93647       -0.00011      
4.94136       -0.00011      
4.94625       -0.00011      
4.95113       -0.00011      
4.95602       -0.00011      
4.96091       -0.00011      
4.96579       -0.00011      
4.97068       -0.00011      
4.97557       -0.00011      
4.98045       -0.00011      
4.98534       -0.00011      
4.99023       -0.00011      
4.99511       -0.00011      
5.00000       -0.00011      
