0.00100       999999999995992510300160.00000
0.00589       577588570142783.87500
0.01077       409124583284.83990
0.01566       4597878309.03145
0.02055       176670174.41824
0.02543       13652854.09363
0.03032       1657030.69730 
0.03521       275849.61673  
0.04009       58031.23838   
0.04498       14637.47104   
0.04987       4278.98565    
0.05475       1420.43697    
0.05964       531.17775     
0.06453       224.40453     
0.06941       108.09068     
0.07430       59.65310      
0.07919       37.48985      
0.08407       25.95149      
0.08896       19.34710      
0.09385       15.24612      
0.09873       12.01667      
0.10362       10.44681      
0.10851       9.20032       
0.11339       7.80119       
0.11828       6.77335       
0.12317       6.18200       
0.12805       5.53015       
0.13294       4.82777       
0.13783       4.50282       
0.14271       4.28058       
0.14760       3.91920       
0.15248       3.76692       
0.15737       3.61611       
0.16226       3.51113       
0.16714       3.11156       
0.17203       2.85336       
0.17692       2.56776       
0.18180       2.09751       
0.18669       1.79763       
0.19158       1.53071       
0.19646       0.98975       
0.20135       0.56872       
0.20624       0.39846       
0.21112       -0.22268      
0.21601       -0.63961      
0.22090       -1.08926      
0.22578       -1.59309      
0.23067       -1.85440      
0.23556       -2.10640      
0.24044       -2.49243      
0.24533       -2.88868      
0.25022       -3.35317      
0.25510       -3.82429      
0.25999       -4.17800      
0.26488       -4.38508      
0.26976       -4.58800      
0.27465       -4.76585      
0.27954       -4.57173      
0.28442       -4.55238      
0.28931       -4.50069      
0.29420       -4.27435      
0.29908       -4.16192      
0.30397       -3.91930      
0.30886       -3.60339      
0.31374       -3.60753      
0.31863       -3.16955      
0.32352       -2.82076      
0.32840       -2.70110      
0.33329       -2.42821      
0.33818       -2.14728      
0.34306       -2.05375      
0.34795       -2.11875      
0.35284       -2.14606      
0.35772       -2.30155      
0.36261       -2.57264      
0.36750       -2.77972      
0.37238       -2.95992      
0.37727       -3.16747      
0.38216       -3.28973      
0.38704       -3.24335      
0.39193       -3.31380      
0.39682       -3.42371      
0.40170       -3.43642      
0.40659       -3.33677      
0.41148       -3.26545      
0.41636       -3.07430      
0.42125       -3.05108      
0.42613       -2.68684      
0.43102       -2.51617      
0.43591       -2.33455      
0.44079       -2.17575      
0.44568       -1.98365      
0.45057       -1.84561      
0.45545       -1.83740      
0.46034       -1.76199      
0.46523       -1.68697      
0.47011       -1.58738      
0.47500       -1.45797      
0.47989       -1.45473      
0.48477       -1.37430      
0.48966       -1.22046      
0.49455       -1.24467      
0.49943       -1.27374      
0.50432       -1.18210      
0.50921       -1.11275      
0.51409       -1.18027      
0.51898       -1.20542      
0.52387       -1.06872      
0.52875       -0.97631      
0.53364       -1.18111      
0.53853       -1.10297      
0.54341       -0.95756      
0.54830       -1.09488      
0.55319       -1.04723      
0.55807       -0.88867      
0.56296       -0.98832      
0.56785       -0.94039      
0.57273       -0.90047      
0.57762       -0.91548      
0.58251       -0.87830      
0.58739       -0.80123      
0.59228       -0.78557      
0.59717       -0.80411      
0.60205       -0.78065      
0.60694       -0.74659      
0.61183       -0.70736      
0.61671       -0.70219      
0.62160       -0.74373      
0.62649       -0.71864      
0.63137       -0.65435      
0.63626       -0.63866      
0.64115       -0.68277      
0.64603       -0.67973      
0.65092       -0.52598      
0.65581       -0.46792      
0.66069       -0.49893      
0.66558       -0.45635      
0.67047       -0.38656      
0.67535       -0.30900      
0.68024       -0.31592      
0.68513       -0.34494      
0.69001       -0.28653      
0.69490       -0.20384      
0.69978       -0.10285      
0.70467       -0.23785      
0.70956       -0.26116      
0.71444       -0.00308      
0.71933       -0.18404      
0.72422       -0.22056      
0.72910       -0.12581      
0.73399       -0.16297      
0.73888       -0.17449      
0.74376       -0.15078      
0.74865       -0.16393      
0.75354       -0.16685      
0.75842       -0.10244      
0.76331       -0.03644      
0.76820       -0.14631      
0.77308       -0.19664      
0.77797       -0.07746      
0.78286       -0.03413      
0.78774       -0.11429      
0.79263       -0.15828      
0.79752       -0.05026      
0.80240       0.00069       
0.80729       -0.11261      
0.81218       -0.15320      
0.81706       -0.05798      
0.82195       -0.08227      
0.82684       -0.16443      
0.83172       -0.11908      
0.83661       -0.05999      
0.84150       -0.07479      
0.84638       -0.11625      
0.85127       -0.13760      
0.85616       -0.11180      
0.86104       -0.06384      
0.86593       -0.08160      
0.87082       -0.15664      
0.87570       -0.05303      
0.88059       -0.01892      
0.88548       -0.10357      
0.89036       -0.09777      
0.89525       -0.03103      
0.90014       -0.05194      
0.90502       -0.06384      
0.90991       -0.06112      
0.91480       -0.02110      
0.91968       -0.03572      
0.92457       -0.17473      
0.92946       -0.16029      
0.93434       -0.00598      
0.93923       -0.01469      
0.94412       -0.09687      
0.94900       -0.04778      
0.95389       0.07201       
0.95878       0.05301       
0.96366       -0.06967      
0.96855       0.01121       
0.97343       0.06846       
0.97832       0.00856       
0.98321       0.02006       
0.98809       -0.04678      
0.99298       -0.06516      
0.99787       0.04815       
1.00275       0.02489       
1.00764       -0.03511      
1.01253       -0.01361      
1.01741       -0.02144      
1.02230       -0.05687      
1.02719       -0.09771      
1.03207       -0.12616      
1.03696       -0.10368      
1.04185       -0.01423      
1.04673       -0.08719      
1.05162       -0.08202      
1.05651       -0.00628      
1.06139       -0.07371      
1.06628       -0.07269      
1.07117       -0.03265      
1.07605       0.00167       
1.08094       -0.07389      
1.08583       -0.14151      
1.09071       -0.03313      
1.09560       -0.00545      
1.10049       -0.06956      
1.10537       -0.00872      
1.11026       0.01308       
1.11515       -0.07564      
1.12003       0.00341       
1.12492       0.06467       
1.12981       -0.03989      
1.13469       -0.08462      
1.13958       0.02287       
1.14447       0.05624       
1.14935       0.01200       
1.15424       0.01524       
1.15913       0.01587       
1.16401       -0.04247      
1.16890       0.00598       
1.17379       0.03052       
1.17867       0.00348       
1.18356       -0.01046      
1.18845       -0.02519      
1.19333       -0.03256      
1.19822       0.00146       
1.20311       0.03285       
1.20799       0.00886       
1.21288       -0.02147      
1.21777       0.03994       
1.22265       0.08481       
1.22754       0.02735       
1.23243       -0.03094      
1.23731       -0.00643      
1.24220       -0.01369      
1.24709       -0.02468      
1.25197       0.02934       
1.25686       0.02836       
1.26174       0.00446       
1.26663       0.00697       
1.27152       -0.02045      
1.27640       -0.01840      
1.28129       0.02102       
1.28618       0.04034       
1.29106       0.01549       
1.29595       0.00373       
1.30084       0.02870       
1.30572       0.02457       
1.31061       0.00356       
1.31550       0.04790       
1.32038       0.04968       
1.32527       -0.03872      
1.33016       -0.06426      
1.33504       -0.00125      
1.33993       -0.00511      
1.34482       -0.02578      
1.34970       0.00874       
1.35459       0.03163       
1.35948       0.07004       
1.36436       0.04134       
1.36925       -0.00598      
1.37414       -0.00004      
1.37902       -0.02428      
1.38391       0.10751       
1.38880       0.00605       
1.39368       -0.02517      
1.39857       0.03794       
1.40346       0.02044       
1.40834       -0.00978      
1.41323       -0.00039      
1.41812       0.09627       
1.42300       0.04373       
1.42789       -0.02226      
1.43278       0.06986       
1.43766       0.03686       
1.44255       -0.02702      
1.44744       0.01974       
1.45232       0.01804       
1.45721       -0.00434      
1.46210       0.00272       
1.46698       0.02072       
1.47187       0.03781       
1.47676       0.01393       
1.48164       -0.01346      
1.48653       0.02280       
1.49142       0.00442       
1.49630       -0.03953      
1.50119       -0.00635      
1.50608       -0.00628      
1.51096       -0.00621      
1.51585       -0.00614      
1.52074       -0.00607      
1.52562       -0.00600      
1.53051       -0.00593      
1.53539       -0.00586      
1.54028       -0.00579      
1.54517       -0.00573      
1.55005       -0.00566      
1.55494       -0.00560      
1.55983       -0.00554      
1.56471       -0.00548      
1.56960       -0.00541      
1.57449       -0.00535      
1.57937       -0.00530      
1.58426       -0.00524      
1.58915       -0.00518      
1.59403       -0.00512      
1.59892       -0.00507      
1.60381       -0.00501      
1.60869       -0.00496      
1.61358       -0.00490      
1.61847       -0.00485      
1.62335       -0.00480      
1.62824       -0.00475      
1.63313       -0.00469      
1.63801       -0.00464      
1.64290       -0.00459      
1.64779       -0.00455      
1.65267       -0.00450      
1.65756       -0.00445      
1.66245       -0.00440      
1.66733       -0.00436      
1.67222       -0.00431      
1.67711       -0.00427      
1.68199       -0.00422      
1.68688       -0.00418      
1.69177       -0.00413      
1.69665       -0.00409      
1.70154       -0.00405      
1.70643       -0.00401      
1.71131       -0.00397      
1.71620       -0.00392      
1.72109       -0.00388      
1.72597       -0.00384      
1.73086       -0.00381      
1.73575       -0.00377      
1.74063       -0.00373      
1.74552       -0.00369      
1.75041       -0.00365      
1.75529       -0.00362      
1.76018       -0.00358      
1.76507       -0.00355      
1.76995       -0.00351      
1.77484       -0.00348      
1.77973       -0.00344      
1.78461       -0.00341      
1.78950       -0.00337      
1.79439       -0.00334      
1.79927       -0.00331      
1.80416       -0.00327      
1.80904       -0.00324      
1.81393       -0.00321      
1.81882       -0.00318      
1.82370       -0.00315      
1.82859       -0.00312      
1.83348       -0.00309      
1.83836       -0.00306      
1.84325       -0.00303      
1.84814       -0.00300      
1.85302       -0.00297      
1.85791       -0.00294      
1.86280       -0.00292      
1.86768       -0.00289      
1.87257       -0.00286      
1.87746       -0.00283      
1.88234       -0.00281      
1.88723       -0.00278      
1.89212       -0.00275      
1.89700       -0.00273      
1.90189       -0.00270      
1.90678       -0.00268      
1.91166       -0.00265      
1.91655       -0.00263      
1.92144       -0.00260      
1.92632       -0.00258      
1.93121       -0.00256      
1.93610       -0.00253      
1.94098       -0.00251      
1.94587       -0.00249      
1.95076       -0.00246      
1.95564       -0.00244      
1.96053       -0.00242      
1.96542       -0.00240      
1.97030       -0.00238      
1.97519       -0.00235      
1.98008       -0.00233      
1.98496       -0.00231      
1.98985       -0.00229      
1.99474       -0.00227      
1.99962       -0.00225      
2.00451       -0.00223      
2.00940       -0.00221      
2.01428       -0.00219      
2.01917       -0.00217      
2.02406       -0.00215      
2.02894       -0.00213      
2.03383       -0.00211      
2.03872       -0.00210      
2.04360       -0.00208      
2.04849       -0.00206      
2.05338       -0.00204      
2.05826       -0.00202      
2.06315       -0.00201      
2.06804       -0.00199      
2.07292       -0.00197      
2.07781       -0.00195      
2.08270       -0.00194      
2.08758       -0.00192      
2.09247       -0.00191      
2.09735       -0.00189      
2.10224       -0.00187      
2.10713       -0.00186      
2.11201       -0.00184      
2.11690       -0.00183      
2.12179       -0.00181      
2.12667       -0.00179      
2.13156       -0.00178      
2.13645       -0.00176      
2.14133       -0.00175      
2.14622       -0.00174      
2.15111       -0.00172      
2.15599       -0.00171      
2.16088       -0.00169      
2.16577       -0.00168      
2.17065       -0.00166      
2.17554       -0.00165      
2.18043       -0.00164      
2.18531       -0.00162      
2.19020       -0.00161      
2.19509       -0.00160      
2.19997       -0.00158      
2.20486       -0.00157      
2.20975       -0.00156      
2.21463       -0.00155      
2.21952       -0.00153      
2.22441       -0.00152      
2.22929       -0.00151      
2.23418       -0.00150      
2.23907       -0.00148      
2.24395       -0.00147      
2.24884       -0.00146      
2.25373       -0.00145      
2.25861       -0.00144      
2.26350       -0.00142      
2.26839       -0.00141      
2.27327       -0.00140      
2.27816       -0.00139      
2.28305       -0.00138      
2.28793       -0.00137      
2.29282       -0.00136      
2.29771       -0.00135      
2.30259       -0.00134      
2.30748       -0.00133      
2.31237       -0.00132      
2.31725       -0.00131      
2.32214       -0.00130      
2.32703       -0.00129      
2.33191       -0.00128      
2.33680       -0.00127      
2.34169       -0.00126      
2.34657       -0.00125      
2.35146       -0.00124      
2.35635       -0.00123      
2.36123       -0.00122      
2.36612       -0.00121      
2.37100       -0.00120      
2.37589       -0.00119      
2.38078       -0.00118      
2.38566       -0.00117      
2.39055       -0.00116      
2.39544       -0.00115      
2.40032       -0.00115      
2.40521       -0.00114      
2.41010       -0.00113      
2.41498       -0.00112      
2.41987       -0.00111      
2.42476       -0.00110      
2.42964       -0.00109      
2.43453       -0.00109      
2.43942       -0.00108      
2.44430       -0.00107      
2.44919       -0.00106      
2.45408       -0.00105      
2.45896       -0.00105      
2.46385       -0.00104      
2.46874       -0.00103      
2.47362       -0.00102      
2.47851       -0.00102      
2.48340       -0.00101      
2.48828       -0.00100      
2.49317       -0.00099      
2.49806       -0.00099      
2.50294       -0.00098      
2.50783       -0.00097      
2.51272       -0.00096      
2.51760       -0.00096      
2.52249       -0.00095      
2.52738       -0.00094      
2.53226       -0.00094      
2.53715       -0.00093      
2.54204       -0.00092      
2.54692       -0.00092      
2.55181       -0.00091      
2.55670       -0.00090      
2.56158       -0.00090      
2.56647       -0.00089      
2.57136       -0.00088      
2.57624       -0.00088      
2.58113       -0.00087      
2.58602       -0.00087      
2.59090       -0.00086      
2.59579       -0.00085      
2.60068       -0.00085      
2.60556       -0.00084      
2.61045       -0.00084      
2.61534       -0.00083      
2.62022       -0.00082      
2.62511       -0.00082      
2.63000       -0.00081      
2.63488       -0.00081      
2.63977       -0.00080      
2.64465       -0.00080      
2.64954       -0.00079      
2.65443       -0.00078      
2.65931       -0.00078      
2.66420       -0.00077      
2.66909       -0.00077      
2.67397       -0.00076      
2.67886       -0.00076      
2.68375       -0.00075      
2.68863       -0.00075      
2.69352       -0.00074      
2.69841       -0.00074      
2.70329       -0.00073      
2.70818       -0.00073      
2.71307       -0.00072      
2.71795       -0.00072      
2.72284       -0.00071      
2.72773       -0.00071      
2.73261       -0.00070      
2.73750       -0.00070      
2.74239       -0.00069      
2.74727       -0.00069      
2.75216       -0.00068      
2.75705       -0.00068      
2.76193       -0.00067      
2.76682       -0.00067      
2.77171       -0.00067      
2.77659       -0.00066      
2.78148       -0.00066      
2.78637       -0.00065      
2.79125       -0.00065      
2.79614       -0.00064      
2.80103       -0.00064      
2.80591       -0.00064      
2.81080       -0.00063      
2.81569       -0.00063      
2.82057       -0.00062      
2.82546       -0.00062      
2.83035       -0.00061      
2.83523       -0.00061      
2.84012       -0.00061      
2.84501       -0.00060      
2.84989       -0.00060      
2.85478       -0.00059      
2.85967       -0.00059      
2.86455       -0.00059      
2.86944       -0.00058      
2.87433       -0.00058      
2.87921       -0.00058      
2.88410       -0.00057      
2.88899       -0.00057      
2.89387       -0.00056      
2.89876       -0.00056      
2.90365       -0.00056      
2.90853       -0.00055      
2.91342       -0.00055      
2.91830       -0.00055      
2.92319       -0.00054      
2.92808       -0.00054      
2.93296       -0.00054      
2.93785       -0.00053      
2.94274       -0.00053      
2.94762       -0.00053      
2.95251       -0.00052      
2.95740       -0.00052      
2.96228       -0.00052      
2.96717       -0.00051      
2.97206       -0.00051      
2.97694       -0.00051      
2.98183       -0.00050      
2.98672       -0.00050      
2.99160       -0.00050      
2.99649       -0.00049      
3.00138       -0.00049      
3.00626       -0.00049      
3.01115       -0.00048      
3.01604       -0.00048      
3.02092       -0.00048      
3.02581       -0.00048      
3.03070       -0.00047      
3.03558       -0.00047      
3.04047       -0.00047      
3.04536       -0.00046      
3.05024       -0.00046      
3.05513       -0.00046      
3.06002       -0.00046      
3.06490       -0.00045      
3.06979       -0.00045      
3.07468       -0.00045      
3.07956       -0.00044      
3.08445       -0.00044      
3.08934       -0.00044      
3.09422       -0.00044      
3.09911       -0.00043      
3.10400       -0.00043      
3.10888       -0.00043      
3.11377       -0.00043      
3.11866       -0.00042      
3.12354       -0.00042      
3.12843       -0.00042      
3.13332       -0.00042      
3.13820       -0.00041      
3.14309       -0.00041      
3.14798       -0.00041      
3.15286       -0.00041      
3.15775       -0.00040      
3.16264       -0.00040      
3.16752       -0.00040      
3.17241       -0.00040      
3.17730       -0.00039      
3.18218       -0.00039      
3.18707       -0.00039      
3.19196       -0.00039      
3.19684       -0.00038      
3.20173       -0.00038      
3.20661       -0.00038      
3.21150       -0.00038      
3.21639       -0.00038      
3.22127       -0.00037      
3.22616       -0.00037      
3.23105       -0.00037      
3.23593       -0.00037      
3.24082       -0.00036      
3.24571       -0.00036      
3.25059       -0.00036      
3.25548       -0.00036      
3.26037       -0.00036      
3.26525       -0.00035      
3.27014       -0.00035      
3.27503       -0.00035      
3.27991       -0.00035      
3.28480       -0.00035      
3.28969       -0.00034      
3.29457       -0.00034      
3.29946       -0.00034      
3.30435       -0.00034      
3.30923       -0.00034      
3.31412       -0.00033      
3.31901       -0.00033      
3.32389       -0.00033      
3.32878       -0.00033      
3.33367       -0.00033      
3.33855       -0.00032      
3.34344       -0.00032      
3.34833       -0.00032      
3.35321       -0.00032      
3.35810       -0.00032      
3.36299       -0.00032      
3.36787       -0.00031      
3.37276       -0.00031      
3.37765       -0.00031      
3.38253       -0.00031      
3.38742       -0.00031      
3.39231       -0.00031      
3.39719       -0.00030      
3.40208       -0.00030      
3.40697       -0.00030      
3.41185       -0.00030      
3.41674       -0.00030      
3.42163       -0.00030      
3.42651       -0.00029      
3.43140       -0.00029      
3.43629       -0.00029      
3.44117       -0.00029      
3.44606       -0.00029      
3.45095       -0.00029      
3.45583       -0.00028      
3.46072       -0.00028      
3.46561       -0.00028      
3.47049       -0.00028      
3.47538       -0.00028      
3.48026       -0.00028      
3.48515       -0.00027      
3.49004       -0.00027      
3.49492       -0.00027      
3.49981       -0.00027      
3.50470       -0.00027      
3.50958       -0.00027      
3.51447       -0.00027      
3.51936       -0.00026      
3.52424       -0.00026      
3.52913       -0.00026      
3.53402       -0.00026      
3.53890       -0.00026      
3.54379       -0.00026      
3.54868       -0.00026      
3.55356       -0.00025      
3.55845       -0.00025      
3.56334       -0.00025      
3.56822       -0.00025      
3.57311       -0.00025      
3.57800       -0.00025      
3.58288       -0.00025      
3.58777       -0.00024      
3.59266       -0.00024      
3.59754       -0.00024      
3.60243       -0.00024      
3.60732       -0.00024      
3.61220       -0.00024      
3.61709       -0.00024      
3.62198       -0.00024      
3.62686       -0.00023      
3.63175       -0.00023      
3.63664       -0.00023      
3.64152       -0.00023      
3.64641       -0.00023      
3.65130       -0.00023      
3.65618       -0.00023      
3.66107       -0.00023      
3.66596       -0.00022      
3.67084       -0.00022      
3.67573       -0.00022      
3.68062       -0.00022      
3.68550       -0.00022      
3.69039       -0.00022      
3.69528       -0.00022      
3.70016       -0.00022      
3.70505       -0.00022      
3.70994       -0.00021      
3.71482       -0.00021      
3.71971       -0.00021      
3.72460       -0.00021      
3.72948       -0.00021      
3.73437       -0.00021      
3.73926       -0.00021      
3.74414       -0.00021      
3.74903       -0.00021      
3.75391       -0.00020      
3.75880       -0.00020      
3.76369       -0.00020      
3.76857       -0.00020      
3.77346       -0.00020      
3.77835       -0.00020      
3.78323       -0.00020      
3.78812       -0.00020      
3.79301       -0.00020      
3.79789       -0.00020      
3.80278       -0.00019      
3.80767       -0.00019      
3.81255       -0.00019      
3.81744       -0.00019      
3.82233       -0.00019      
3.82721       -0.00019      
3.83210       -0.00019      
3.83699       -0.00019      
3.84187       -0.00019      
3.84676       -0.00019      
3.85165       -0.00018      
3.85653       -0.00018      
3.86142       -0.00018      
3.86631       -0.00018      
3.87119       -0.00018      
3.87608       -0.00018      
3.88097       -0.00018      
3.88585       -0.00018      
3.89074       -0.00018      
3.89563       -0.00018      
3.90051       -0.00018      
3.90540       -0.00017      
3.91029       -0.00017      
3.91517       -0.00017      
3.92006       -0.00017      
3.92495       -0.00017      
3.92983       -0.00017      
3.93472       -0.00017      
3.93961       -0.00017      
3.94449       -0.00017      
3.94938       -0.00017      
3.95427       -0.00017      
3.95915       -0.00017      
3.96404       -0.00016      
3.96893       -0.00016      
3.97381       -0.00016      
3.97870       -0.00016      
3.98359       -0.00016      
3.98847       -0.00016      
3.99336       -0.00016      
3.99825       -0.00016      
4.00313       -0.00016      
4.00802       -0.00016      
4.01291       -0.00016      
4.01779       -0.00016      
4.02268       -0.00016      
4.02757       -0.00015      
4.03245       -0.00015      
4.03734       -0.00015      
4.04222       -0.00015      
4.04711       -0.00015      
4.05200       -0.00015      
4.05688       -0.00015      
4.06177       -0.00015      
4.06666       -0.00015      
4.07154       -0.00015      
4.07643       -0.00015      
4.08132       -0.00015      
4.08620       -0.00015      
4.09109       -0.00015      
4.09598       -0.00014      
4.10086       -0.00014      
4.10575       -0.00014      
4.11064       -0.00014      
4.11552       -0.00014      
4.12041       -0.00014      
4.12530       -0.00014      
4.13018       -0.00014      
4.13507       -0.00014      
4.13996       -0.00014      
4.14484       -0.00014      
4.14973       -0.00014      
4.15462       -0.00014      
4.15950       -0.00014      
4.16439       -0.00014      
4.16928       -0.00013      
4.17416       -0.00013      
4.17905       -0.00013      
4.18394       -0.00013      
4.18882       -0.00013      
4.19371       -0.00013      
4.19860       -0.00013      
4.20348       -0.00013      
4.20837       -0.00013      
4.21326       -0.00013      
4.21814       -0.00013      
4.22303       -0.00013      
4.22792       -0.00013      
4.23280       -0.00013      
4.23769       -0.00013      
4.24258       -0.00013      
4.24746       -0.00012      
4.25235       -0.00012      
4.25724       -0.00012      
4.26212       -0.00012      
4.26701       -0.00012      
4.27190       -0.00012      
4.27678       -0.00012      
4.28167       -0.00012      
4.28656       -0.00012      
4.29144       -0.00012      
4.29633       -0.00012      
4.30122       -0.00012      
4.30610       -0.00012      
4.31099       -0.00012      
4.31587       -0.00012      
4.32076       -0.00012      
4.32565       -0.00012      
4.33053       -0.00012      
4.33542       -0.00011      
4.34031       -0.00011      
4.34519       -0.00011      
4.35008       -0.00011      
4.35497       -0.00011      
4.35985       -0.00011      
4.36474       -0.00011      
4.36963       -0.00011      
4.37451       -0.00011      
4.37940       -0.00011      
4.38429       -0.00011      
4.38917       -0.00011      
4.39406       -0.00011      
4.39895       -0.00011      
4.40383       -0.00011      
4.40872       -0.00011      
4.41361       -0.00011      
4.41849       -0.00011      
4.42338       -0.00011      
4.42827       -0.00011      
4.43315       -0.00010      
4.43804       -0.00010      
4.44293       -0.00010      
4.44781       -0.00010      
4.45270       -0.00010      
4.45759       -0.00010      
4.46247       -0.00010      
4.46736       -0.00010      
4.47225       -0.00010      
4.47713       -0.00010      
4.48202       -0.00010      
4.48691       -0.00010      
4.49179       -0.00010      
4.49668       -0.00010      
4.50157       -0.00010      
4.50645       -0.00010      
4.51134       -0.00010      
4.51623       -0.00010      
4.52111       -0.00010      
4.52600       -0.00010      
4.53089       -0.00010      
4.53577       -0.00010      
4.54066       -0.00009      
4.54555       -0.00009      
4.55043       -0.00009      
4.55532       -0.00009      
4.56021       -0.00009      
4.56509       -0.00009      
4.56998       -0.00009      
4.57487       -0.00009      
4.57975       -0.00009      
4.58464       -0.00009      
4.58952       -0.00009      
4.59441       -0.00009      
4.59930       -0.00009      
4.60418       -0.00009      
4.60907       -0.00009      
4.61396       -0.00009      
4.61884       -0.00009      
4.62373       -0.00009      
4.62862       -0.00009      
4.63350       -0.00009      
4.63839       -0.00009      
4.64328       -0.00009      
4.64816       -0.00009      
4.65305       -0.00009      
4.65794       -0.00009      
4.66282       -0.00009      
4.66771       -0.00008      
4.67260       -0.00008      
4.67748       -0.00008      
4.68237       -0.00008      
4.68726       -0.00008      
4.69214       -0.00008      
4.69703       -0.00008      
4.70192       -0.00008      
4.70680       -0.00008      
4.71169       -0.00008      
4.71658       -0.00008      
4.72146       -0.00008      
4.72635       -0.00008      
4.73124       -0.00008      
4.73612       -0.00008      
4.74101       -0.00008      
4.74590       -0.00008      
4.75078       -0.00008      
4.75567       -0.00008      
4.76056       -0.00008      
4.76544       -0.00008      
4.77033       -0.00008      
4.77522       -0.00008      
4.78010       -0.00008      
4.78499       -0.00008      
4.78988       -0.00008      
4.79476       -0.00008      
4.79965       -0.00008      
4.80454       -0.00008      
4.80942       -0.00007      
4.81431       -0.00007      
4.81920       -0.00007      
4.82408       -0.00007      
4.82897       -0.00007      
4.83386       -0.00007      
4.83874       -0.00007      
4.84363       -0.00007      
4.84852       -0.00007      
4.85340       -0.00007      
4.85829       -0.00007      
4.86317       -0.00007      
4.86806       -0.00007      
4.87295       -0.00007      
4.87783       -0.00007      
4.88272       -0.00007      
4.88761       -0.00007      
4.89249       -0.00007      
4.89738       -0.00007      
4.90227       -0.00007      
4.90715       -0.00007      
4.91204       -0.00007      
4.91693       -0.00007      
4.92181       -0.00007      
4.92670       -0.00007      
4.93159       -0.00007      
4.93647       -0.00007      
4.94136       -0.00007      
4.94625       -0.00007      
4.95113       -0.00007      
4.95602       -0.00007      
4.96091       -0.00007      
4.96579       -0.00007      
4.97068       -0.00007      
4.97557       -0.00007      
4.98045       -0.00006      
4.98534       -0.00006      
4.99023       -0.00006      
4.99511       -0.00006      
5.00000       -0.00006      
