0.00100       999999999995992510300160.00000
0.00589       577588570142783.75000
0.01077       409124583284.81415
0.01566       4597878309.00630
0.02055       176670172.84877
0.02543       13652855.00854
0.03032       1657034.28575 
0.03521       275855.30612  
0.04009       58038.95672   
0.04498       14647.34415   
0.04987       4289.77700    
0.05475       1432.70827    
0.05964       544.31190     
0.06453       237.93885     
0.06941       121.70288     
0.07430       73.44246      
0.07919       50.78452      
0.08407       38.82077      
0.08896       31.87123      
0.09385       27.14488      
0.09873       23.43429      
0.10362       21.06944      
0.10851       19.28913      
0.11339       17.19505      
0.11828       15.73082      
0.12317       14.54689      
0.12805       13.40642      
0.13294       12.57194      
0.13783       11.89303      
0.14271       11.30263      
0.14760       10.92955      
0.15248       10.53118      
0.15737       10.31854      
0.16226       9.99926       
0.16714       9.47057       
0.17203       8.72140       
0.17692       7.57186       
0.18180       6.36576       
0.18669       4.75344       
0.19158       3.31032       
0.19646       1.77274       
0.20135       0.17872       
0.20624       -1.02379      
0.21112       -1.99922      
0.21601       -2.99962      
0.22090       -3.59197      
0.22578       -3.94186      
0.23067       -4.39508      
0.23556       -4.71369      
0.24044       -4.95963      
0.24533       -5.26022      
0.25022       -5.66951      
0.25510       -6.24744      
0.25999       -6.95452      
0.26488       -7.61842      
0.26976       -8.15870      
0.27465       -8.73089      
0.27954       -8.98085      
0.28442       -9.02294      
0.28931       -9.17671      
0.29420       -9.14574      
0.29908       -8.99282      
0.30397       -8.81534      
0.30886       -8.60350      
0.31374       -8.45180      
0.31863       -8.19367      
0.32352       -7.75732      
0.32840       -7.51646      
0.33329       -7.39483      
0.33818       -6.97994      
0.34306       -6.63879      
0.34795       -6.43863      
0.35284       -6.14926      
0.35772       -5.78774      
0.36261       -5.47240      
0.36750       -5.20016      
0.37238       -4.90257      
0.37727       -4.61071      
0.38216       -4.44562      
0.38704       -4.28654      
0.39193       -4.13388      
0.39682       -4.07758      
0.40170       -3.98659      
0.40659       -3.86631      
0.41148       -3.75035      
0.41636       -3.64818      
0.42125       -3.53406      
0.42613       -3.38319      
0.43102       -3.26271      
0.43591       -3.13653      
0.44079       -2.99159      
0.44568       -2.92400      
0.45057       -2.84589      
0.45545       -2.75721      
0.46034       -2.68606      
0.46523       -2.59526      
0.47011       -2.49173      
0.47500       -2.41056      
0.47989       -2.33257      
0.48477       -2.24704      
0.48966       -2.15754      
0.49455       -2.08798      
0.49943       -2.02508      
0.50432       -1.95843      
0.50921       -1.87173      
0.51409       -1.82843      
0.51898       -1.85373      
0.52387       -1.81467      
0.52875       -1.71901      
0.53364       -1.69295      
0.53853       -1.70276      
0.54341       -1.70401      
0.54830       -1.68241      
0.55319       -1.69521      
0.55807       -1.71253      
0.56296       -1.71681      
0.56785       -1.67568      
0.57273       -1.66907      
0.57762       -1.67599      
0.58251       -1.70277      
0.58739       -1.67037      
0.59228       -1.58992      
0.59717       -1.61417      
0.60205       -1.64158      
0.60694       -1.57817      
0.61183       -1.52312      
0.61671       -1.50173      
0.62160       -1.44936      
0.62649       -1.39065      
0.63137       -1.34805      
0.63626       -1.32590      
0.64115       -1.28436      
0.64603       -1.22027      
0.65092       -1.13883      
0.65581       -1.10462      
0.66069       -1.10016      
0.66558       -1.03706      
0.67047       -0.95518      
0.67535       -0.92501      
0.68024       -0.93437      
0.68513       -0.88913      
0.69001       -0.81177      
0.69490       -0.79417      
0.69978       -0.77264      
0.70467       -0.70299      
0.70956       -0.72707      
0.71444       -0.76584      
0.71933       -0.71427      
0.72422       -0.59923      
0.72910       -0.58475      
0.73399       -0.71526      
0.73888       -0.65721      
0.74376       -0.55359      
0.74865       -0.60115      
0.75354       -0.60716      
0.75842       -0.56302      
0.76331       -0.57245      
0.76820       -0.57946      
0.77308       -0.56754      
0.77797       -0.57868      
0.78286       -0.53718      
0.78774       -0.49076      
0.79263       -0.53930      
0.79752       -0.58895      
0.80240       -0.55107      
0.80729       -0.50271      
0.81218       -0.47486      
0.81706       -0.47734      
0.82195       -0.50334      
0.82684       -0.51983      
0.83172       -0.49137      
0.83661       -0.47345      
0.84150       -0.50549      
0.84638       -0.51734      
0.85127       -0.47915      
0.85616       -0.47633      
0.86104       -0.45905      
0.86593       -0.44338      
0.87082       -0.48189      
0.87570       -0.47581      
0.88059       -0.38364      
0.88548       -0.37821      
0.89036       -0.43915      
0.89525       -0.40166      
0.90014       -0.37891      
0.90502       -0.38473      
0.90991       -0.38054      
0.91480       -0.36287      
0.91968       -0.33416      
0.92457       -0.33489      
0.92946       -0.35330      
0.93434       -0.37033      
0.93923       -0.36717      
0.94412       -0.32855      
0.94900       -0.30494      
0.95389       -0.32567      
0.95878       -0.33992      
0.96366       -0.34477      
0.96855       -0.36601      
0.97343       -0.36740      
0.97832       -0.34742      
0.98321       -0.34608      
0.98809       -0.32961      
0.99298       -0.30859      
0.99787       -0.33955      
1.00275       -0.35531      
1.00764       -0.28642      
1.01253       -0.25079      
1.01741       -0.31559      
1.02230       -0.30613      
1.02719       -0.27991      
1.03207       -0.28517      
1.03696       -0.27265      
1.04185       -0.26489      
1.04673       -0.25387      
1.05162       -0.28196      
1.05651       -0.31601      
1.06139       -0.26156      
1.06628       -0.22932      
1.07117       -0.27294      
1.07605       -0.28190      
1.08094       -0.22376      
1.08583       -0.20892      
1.09071       -0.26312      
1.09560       -0.25736      
1.10049       -0.18841      
1.10537       -0.20096      
1.11026       -0.25685      
1.11515       -0.24864      
1.12003       -0.21151      
1.12492       -0.21001      
1.12981       -0.23066      
1.13469       -0.25869      
1.13958       -0.25833      
1.14447       -0.21684      
1.14935       -0.21122      
1.15424       -0.25111      
1.15913       -0.26151      
1.16401       -0.24024      
1.16890       -0.25142      
1.17379       -0.29626      
1.17867       -0.25893      
1.18356       -0.22823      
1.18845       -0.25250      
1.19333       -0.26590      
1.19822       -0.25075      
1.20311       -0.24956      
1.20799       -0.27154      
1.21288       -0.25709      
1.21777       -0.20030      
1.22265       -0.24035      
1.22754       -0.22174      
1.23243       -0.17468      
1.23731       -0.24436      
1.24220       -0.24294      
1.24709       -0.18531      
1.25197       -0.20336      
1.25686       -0.23624      
1.26174       -0.20175      
1.26663       -0.16026      
1.27152       -0.18439      
1.27640       -0.24668      
1.28129       -0.26371      
1.28618       -0.20652      
1.29106       -0.13083      
1.29595       -0.10089      
1.30084       -0.16064      
1.30572       -0.25912      
1.31061       -0.23846      
1.31550       -0.12288      
1.32038       -0.12602      
1.32527       -0.19204      
1.33016       -0.20458      
1.33504       -0.19189      
1.33993       -0.17603      
1.34482       -0.16591      
1.34970       -0.15757      
1.35459       -0.14550      
1.35948       -0.13583      
1.36436       -0.14135      
1.36925       -0.16071      
1.37414       -0.13047      
1.37902       -0.09317      
1.38391       -0.14272      
1.38880       -0.19698      
1.39368       -0.17180      
1.39857       -0.13647      
1.40346       -0.14205      
1.40834       -0.14559      
1.41323       -0.11417      
1.41812       -0.11079      
1.42300       -0.13930      
1.42789       -0.13212      
1.43278       -0.11070      
1.43766       -0.13819      
1.44255       -0.14832      
1.44744       -0.09176      
1.45232       -0.10845      
1.45721       -0.23559      
1.46210       -0.18725      
1.46698       -0.05756      
1.47187       -0.08117      
1.47676       -0.12021      
1.48164       -0.09547      
1.48653       -0.06823      
1.49142       -0.05516      
1.49630       -0.03802      
1.50119       -0.02432      
1.50608       -0.02404      
1.51096       -0.02376      
1.51585       -0.02349      
1.52074       -0.02322      
1.52562       -0.02295      
1.53051       -0.02269      
1.53539       -0.02243      
1.54028       -0.02217      
1.54517       -0.02192      
1.55005       -0.02168      
1.55494       -0.02143      
1.55983       -0.02119      
1.56471       -0.02095      
1.56960       -0.02072      
1.57449       -0.02049      
1.57937       -0.02026      
1.58426       -0.02004      
1.58915       -0.01982      
1.59403       -0.01960      
1.59892       -0.01938      
1.60381       -0.01917      
1.60869       -0.01896      
1.61358       -0.01876      
1.61847       -0.01855      
1.62335       -0.01835      
1.62824       -0.01815      
1.63313       -0.01796      
1.63801       -0.01777      
1.64290       -0.01758      
1.64779       -0.01739      
1.65267       -0.01720      
1.65756       -0.01702      
1.66245       -0.01684      
1.66733       -0.01666      
1.67222       -0.01649      
1.67711       -0.01632      
1.68199       -0.01615      
1.68688       -0.01598      
1.69177       -0.01581      
1.69665       -0.01565      
1.70154       -0.01549      
1.70643       -0.01533      
1.71131       -0.01517      
1.71620       -0.01501      
1.72109       -0.01486      
1.72597       -0.01471      
1.73086       -0.01456      
1.73575       -0.01441      
1.74063       -0.01426      
1.74552       -0.01412      
1.75041       -0.01398      
1.75529       -0.01384      
1.76018       -0.01370      
1.76507       -0.01356      
1.76995       -0.01342      
1.77484       -0.01329      
1.77973       -0.01316      
1.78461       -0.01303      
1.78950       -0.01290      
1.79439       -0.01277      
1.79927       -0.01265      
1.80416       -0.01252      
1.80904       -0.01240      
1.81393       -0.01228      
1.81882       -0.01216      
1.82370       -0.01204      
1.82859       -0.01193      
1.83348       -0.01181      
1.83836       -0.01170      
1.84325       -0.01158      
1.84814       -0.01147      
1.85302       -0.01136      
1.85791       -0.01126      
1.86280       -0.01115      
1.86768       -0.01104      
1.87257       -0.01094      
1.87746       -0.01083      
1.88234       -0.01073      
1.88723       -0.01063      
1.89212       -0.01053      
1.89700       -0.01043      
1.90189       -0.01034      
1.90678       -0.01024      
1.91166       -0.01014      
1.91655       -0.01005      
1.92144       -0.00996      
1.92632       -0.00986      
1.93121       -0.00977      
1.93610       -0.00968      
1.94098       -0.00959      
1.94587       -0.00951      
1.95076       -0.00942      
1.95564       -0.00933      
1.96053       -0.00925      
1.96542       -0.00917      
1.97030       -0.00908      
1.97519       -0.00900      
1.98008       -0.00892      
1.98496       -0.00884      
1.98985       -0.00876      
1.99474       -0.00868      
1.99962       -0.00860      
2.00451       -0.00853      
2.00940       -0.00845      
2.01428       -0.00838      
2.01917       -0.00830      
2.02406       -0.00823      
2.02894       -0.00816      
2.03383       -0.00809      
2.03872       -0.00801      
2.04360       -0.00794      
2.04849       -0.00787      
2.05338       -0.00781      
2.05826       -0.00774      
2.06315       -0.00767      
2.06804       -0.00760      
2.07292       -0.00754      
2.07781       -0.00747      
2.08270       -0.00741      
2.08758       -0.00735      
2.09247       -0.00728      
2.09735       -0.00722      
2.10224       -0.00716      
2.10713       -0.00710      
2.11201       -0.00704      
2.11690       -0.00698      
2.12179       -0.00692      
2.12667       -0.00686      
2.13156       -0.00680      
2.13645       -0.00675      
2.14133       -0.00669      
2.14622       -0.00663      
2.15111       -0.00658      
2.15599       -0.00652      
2.16088       -0.00647      
2.16577       -0.00641      
2.17065       -0.00636      
2.17554       -0.00631      
2.18043       -0.00626      
2.18531       -0.00620      
2.19020       -0.00615      
2.19509       -0.00610      
2.19997       -0.00605      
2.20486       -0.00600      
2.20975       -0.00595      
2.21463       -0.00591      
2.21952       -0.00586      
2.22441       -0.00581      
2.22929       -0.00576      
2.23418       -0.00572      
2.23907       -0.00567      
2.24395       -0.00562      
2.24884       -0.00558      
2.25373       -0.00554      
2.25861       -0.00549      
2.26350       -0.00545      
2.26839       -0.00540      
2.27327       -0.00536      
2.27816       -0.00532      
2.28305       -0.00528      
2.28793       -0.00523      
2.29282       -0.00519      
2.29771       -0.00515      
2.30259       -0.00511      
2.30748       -0.00507      
2.31237       -0.00503      
2.31725       -0.00499      
2.32214       -0.00495      
2.32703       -0.00491      
2.33191       -0.00488      
2.33680       -0.00484      
2.34169       -0.00480      
2.34657       -0.00476      
2.35146       -0.00473      
2.35635       -0.00469      
2.36123       -0.00465      
2.36612       -0.00462      
2.37100       -0.00458      
2.37589       -0.00455      
2.38078       -0.00451      
2.38566       -0.00448      
2.39055       -0.00444      
2.39544       -0.00441      
2.40032       -0.00438      
2.40521       -0.00434      
2.41010       -0.00431      
2.41498       -0.00428      
2.41987       -0.00425      
2.42476       -0.00421      
2.42964       -0.00418      
2.43453       -0.00415      
2.43942       -0.00412      
2.44430       -0.00409      
2.44919       -0.00406      
2.45408       -0.00403      
2.45896       -0.00400      
2.46385       -0.00397      
2.46874       -0.00394      
2.47362       -0.00391      
2.47851       -0.00388      
2.48340       -0.00385      
2.48828       -0.00382      
2.49317       -0.00380      
2.49806       -0.00377      
2.50294       -0.00374      
2.50783       -0.00371      
2.51272       -0.00369      
2.51760       -0.00366      
2.52249       -0.00363      
2.52738       -0.00361      
2.53226       -0.00358      
2.53715       -0.00356      
2.54204       -0.00353      
2.54692       -0.00350      
2.55181       -0.00348      
2.55670       -0.00345      
2.56158       -0.00343      
2.56647       -0.00340      
2.57136       -0.00338      
2.57624       -0.00336      
2.58113       -0.00333      
2.58602       -0.00331      
2.59090       -0.00329      
2.59579       -0.00326      
2.60068       -0.00324      
2.60556       -0.00322      
2.61045       -0.00319      
2.61534       -0.00317      
2.62022       -0.00315      
2.62511       -0.00313      
2.63000       -0.00310      
2.63488       -0.00308      
2.63977       -0.00306      
2.64465       -0.00304      
2.64954       -0.00302      
2.65443       -0.00300      
2.65931       -0.00298      
2.66420       -0.00296      
2.66909       -0.00294      
2.67397       -0.00292      
2.67886       -0.00290      
2.68375       -0.00288      
2.68863       -0.00286      
2.69352       -0.00284      
2.69841       -0.00282      
2.70329       -0.00280      
2.70818       -0.00278      
2.71307       -0.00276      
2.71795       -0.00274      
2.72284       -0.00272      
2.72773       -0.00270      
2.73261       -0.00269      
2.73750       -0.00267      
2.74239       -0.00265      
2.74727       -0.00263      
2.75216       -0.00261      
2.75705       -0.00260      
2.76193       -0.00258      
2.76682       -0.00256      
2.77171       -0.00254      
2.77659       -0.00253      
2.78148       -0.00251      
2.78637       -0.00249      
2.79125       -0.00248      
2.79614       -0.00246      
2.80103       -0.00244      
2.80591       -0.00243      
2.81080       -0.00241      
2.81569       -0.00240      
2.82057       -0.00238      
2.82546       -0.00236      
2.83035       -0.00235      
2.83523       -0.00233      
2.84012       -0.00232      
2.84501       -0.00230      
2.84989       -0.00229      
2.85478       -0.00227      
2.85967       -0.00226      
2.86455       -0.00224      
2.86944       -0.00223      
2.87433       -0.00221      
2.87921       -0.00220      
2.88410       -0.00219      
2.88899       -0.00217      
2.89387       -0.00216      
2.89876       -0.00214      
2.90365       -0.00213      
2.90853       -0.00212      
2.91342       -0.00210      
2.91830       -0.00209      
2.92319       -0.00208      
2.92808       -0.00206      
2.93296       -0.00205      
2.93785       -0.00204      
2.94274       -0.00202      
2.94762       -0.00201      
2.95251       -0.00200      
2.95740       -0.00199      
2.96228       -0.00197      
2.96717       -0.00196      
2.97206       -0.00195      
2.97694       -0.00194      
2.98183       -0.00192      
2.98672       -0.00191      
2.99160       -0.00190      
2.99649       -0.00189      
3.00138       -0.00188      
3.00626       -0.00186      
3.01115       -0.00185      
3.01604       -0.00184      
3.02092       -0.00183      
3.02581       -0.00182      
3.03070       -0.00181      
3.03558       -0.00180      
3.04047       -0.00178      
3.04536       -0.00177      
3.05024       -0.00176      
3.05513       -0.00175      
3.06002       -0.00174      
3.06490       -0.00173      
3.06979       -0.00172      
3.07468       -0.00171      
3.07956       -0.00170      
3.08445       -0.00169      
3.08934       -0.00168      
3.09422       -0.00167      
3.09911       -0.00166      
3.10400       -0.00165      
3.10888       -0.00164      
3.11377       -0.00163      
3.11866       -0.00162      
3.12354       -0.00161      
3.12843       -0.00160      
3.13332       -0.00159      
3.13820       -0.00158      
3.14309       -0.00157      
3.14798       -0.00156      
3.15286       -0.00155      
3.15775       -0.00154      
3.16264       -0.00153      
3.16752       -0.00152      
3.17241       -0.00151      
3.17730       -0.00151      
3.18218       -0.00150      
3.18707       -0.00149      
3.19196       -0.00148      
3.19684       -0.00147      
3.20173       -0.00146      
3.20661       -0.00145      
3.21150       -0.00144      
3.21639       -0.00144      
3.22127       -0.00143      
3.22616       -0.00142      
3.23105       -0.00141      
3.23593       -0.00140      
3.24082       -0.00139      
3.24571       -0.00139      
3.25059       -0.00138      
3.25548       -0.00137      
3.26037       -0.00136      
3.26525       -0.00135      
3.27014       -0.00135      
3.27503       -0.00134      
3.27991       -0.00133      
3.28480       -0.00132      
3.28969       -0.00131      
3.29457       -0.00131      
3.29946       -0.00130      
3.30435       -0.00129      
3.30923       -0.00128      
3.31412       -0.00128      
3.31901       -0.00127      
3.32389       -0.00126      
3.32878       -0.00126      
3.33367       -0.00125      
3.33855       -0.00124      
3.34344       -0.00123      
3.34833       -0.00123      
3.35321       -0.00122      
3.35810       -0.00121      
3.36299       -0.00121      
3.36787       -0.00120      
3.37276       -0.00119      
3.37765       -0.00119      
3.38253       -0.00118      
3.38742       -0.00117      
3.39231       -0.00117      
3.39719       -0.00116      
3.40208       -0.00115      
3.40697       -0.00115      
3.41185       -0.00114      
3.41674       -0.00113      
3.42163       -0.00113      
3.42651       -0.00112      
3.43140       -0.00111      
3.43629       -0.00111      
3.44117       -0.00110      
3.44606       -0.00110      
3.45095       -0.00109      
3.45583       -0.00108      
3.46072       -0.00108      
3.46561       -0.00107      
3.47049       -0.00107      
3.47538       -0.00106      
3.48026       -0.00105      
3.48515       -0.00105      
3.49004       -0.00104      
3.49492       -0.00104      
3.49981       -0.00103      
3.50470       -0.00103      
3.50958       -0.00102      
3.51447       -0.00101      
3.51936       -0.00101      
3.52424       -0.00100      
3.52913       -0.00100      
3.53402       -0.00099      
3.53890       -0.00099      
3.54379       -0.00098      
3.54868       -0.00098      
3.55356       -0.00097      
3.55845       -0.00097      
3.56334       -0.00096      
3.56822       -0.00096      
3.57311       -0.00095      
3.57800       -0.00095      
3.58288       -0.00094      
3.58777       -0.00094      
3.59266       -0.00093      
3.59754       -0.00093      
3.60243       -0.00092      
3.60732       -0.00092      
3.61220       -0.00091      
3.61709       -0.00091      
3.62198       -0.00090      
3.62686       -0.00090      
3.63175       -0.00089      
3.63664       -0.00089      
3.64152       -0.00088      
3.64641       -0.00088      
3.65130       -0.00087      
3.65618       -0.00087      
3.66107       -0.00086      
3.66596       -0.00086      
3.67084       -0.00085      
3.67573       -0.00085      
3.68062       -0.00085      
3.68550       -0.00084      
3.69039       -0.00084      
3.69528       -0.00083      
3.70016       -0.00083      
3.70505       -0.00082      
3.70994       -0.00082      
3.71482       -0.00082      
3.71971       -0.00081      
3.72460       -0.00081      
3.72948       -0.00080      
3.73437       -0.00080      
3.73926       -0.00079      
3.74414       -0.00079      
3.74903       -0.00079      
3.75391       -0.00078      
3.75880       -0.00078      
3.76369       -0.00077      
3.76857       -0.00077      
3.77346       -0.00077      
3.77835       -0.00076      
3.78323       -0.00076      
3.78812       -0.00075      
3.79301       -0.00075      
3.79789       -0.00075      
3.80278       -0.00074      
3.80767       -0.00074      
3.81255       -0.00074      
3.81744       -0.00073      
3.82233       -0.00073      
3.82721       -0.00072      
3.83210       -0.00072      
3.83699       -0.00072      
3.84187       -0.00071      
3.84676       -0.00071      
3.85165       -0.00071      
3.85653       -0.00070      
3.86142       -0.00070      
3.86631       -0.00070      
3.87119       -0.00069      
3.87608       -0.00069      
3.88097       -0.00068      
3.88585       -0.00068      
3.89074       -0.00068      
3.89563       -0.00067      
3.90051       -0.00067      
3.90540       -0.00067      
3.91029       -0.00066      
3.91517       -0.00066      
3.92006       -0.00066      
3.92495       -0.00065      
3.92983       -0.00065      
3.93472       -0.00065      
3.93961       -0.00064      
3.94449       -0.00064      
3.94938       -0.00064      
3.95427       -0.00064      
3.95915       -0.00063      
3.96404       -0.00063      
3.96893       -0.00063      
3.97381       -0.00062      
3.97870       -0.00062      
3.98359       -0.00062      
3.98847       -0.00061      
3.99336       -0.00061      
3.99825       -0.00061      
4.00313       -0.00060      
4.00802       -0.00060      
4.01291       -0.00060      
4.01779       -0.00060      
4.02268       -0.00059      
4.02757       -0.00059      
4.03245       -0.00059      
4.03734       -0.00058      
4.04222       -0.00058      
4.04711       -0.00058      
4.05200       -0.00058      
4.05688       -0.00057      
4.06177       -0.00057      
4.06666       -0.00057      
4.07154       -0.00056      
4.07643       -0.00056      
4.08132       -0.00056      
4.08620       -0.00056      
4.09109       -0.00055      
4.09598       -0.00055      
4.10086       -0.00055      
4.10575       -0.00055      
4.11064       -0.00054      
4.11552       -0.00054      
4.12041       -0.00054      
4.12530       -0.00054      
4.13018       -0.00053      
4.13507       -0.00053      
4.13996       -0.00053      
4.14484       -0.00053      
4.14973       -0.00052      
4.15462       -0.00052      
4.15950       -0.00052      
4.16439       -0.00052      
4.16928       -0.00051      
4.17416       -0.00051      
4.17905       -0.00051      
4.18394       -0.00051      
4.18882       -0.00050      
4.19371       -0.00050      
4.19860       -0.00050      
4.20348       -0.00050      
4.20837       -0.00049      
4.21326       -0.00049      
4.21814       -0.00049      
4.22303       -0.00049      
4.22792       -0.00049      
4.23280       -0.00048      
4.23769       -0.00048      
4.24258       -0.00048      
4.24746       -0.00048      
4.25235       -0.00047      
4.25724       -0.00047      
4.26212       -0.00047      
4.26701       -0.00047      
4.27190       -0.00047      
4.27678       -0.00046      
4.28167       -0.00046      
4.28656       -0.00046      
4.29144       -0.00046      
4.29633       -0.00045      
4.30122       -0.00045      
4.30610       -0.00045      
4.31099       -0.00045      
4.31587       -0.00045      
4.32076       -0.00044      
4.32565       -0.00044      
4.33053       -0.00044      
4.33542       -0.00044      
4.34031       -0.00044      
4.34519       -0.00043      
4.35008       -0.00043      
4.35497       -0.00043      
4.35985       -0.00043      
4.36474       -0.00043      
4.36963       -0.00042      
4.37451       -0.00042      
4.37940       -0.00042      
4.38429       -0.00042      
4.38917       -0.00042      
4.39406       -0.00041      
4.39895       -0.00041      
4.40383       -0.00041      
4.40872       -0.00041      
4.41361       -0.00041      
4.41849       -0.00041      
4.42338       -0.00040      
4.42827       -0.00040      
4.43315       -0.00040      
4.43804       -0.00040      
4.44293       -0.00040      
4.44781       -0.00039      
4.45270       -0.00039      
4.45759       -0.00039      
4.46247       -0.00039      
4.46736       -0.00039      
4.47225       -0.00039      
4.47713       -0.00038      
4.48202       -0.00038      
4.48691       -0.00038      
4.49179       -0.00038      
4.49668       -0.00038      
4.50157       -0.00038      
4.50645       -0.00037      
4.51134       -0.00037      
4.51623       -0.00037      
4.52111       -0.00037      
4.52600       -0.00037      
4.53089       -0.00037      
4.53577       -0.00036      
4.54066       -0.00036      
4.54555       -0.00036      
4.55043       -0.00036      
4.55532       -0.00036      
4.56021       -0.00036      
4.56509       -0.00035      
4.56998       -0.00035      
4.57487       -0.00035      
4.57975       -0.00035      
4.58464       -0.00035      
4.58952       -0.00035      
4.59441       -0.00035      
4.59930       -0.00034      
4.60418       -0.00034      
4.60907       -0.00034      
4.61396       -0.00034      
4.61884       -0.00034      
4.62373       -0.00034      
4.62862       -0.00034      
4.63350       -0.00033      
4.63839       -0.00033      
4.64328       -0.00033      
4.64816       -0.00033      
4.65305       -0.00033      
4.65794       -0.00033      
4.66282       -0.00033      
4.66771       -0.00032      
4.67260       -0.00032      
4.67748       -0.00032      
4.68237       -0.00032      
4.68726       -0.00032      
4.69214       -0.00032      
4.69703       -0.00032      
4.70192       -0.00031      
4.70680       -0.00031      
4.71169       -0.00031      
4.71658       -0.00031      
4.72146       -0.00031      
4.72635       -0.00031      
4.73124       -0.00031      
4.73612       -0.00030      
4.74101       -0.00030      
4.74590       -0.00030      
4.75078       -0.00030      
4.75567       -0.00030      
4.76056       -0.00030      
4.76544       -0.00030      
4.77033       -0.00030      
4.77522       -0.00029      
4.78010       -0.00029      
4.78499       -0.00029      
4.78988       -0.00029      
4.79476       -0.00029      
4.79965       -0.00029      
4.80454       -0.00029      
4.80942       -0.00029      
4.81431       -0.00028      
4.81920       -0.00028      
4.82408       -0.00028      
4.82897       -0.00028      
4.83386       -0.00028      
4.83874       -0.00028      
4.84363       -0.00028      
4.84852       -0.00028      
4.85340       -0.00028      
4.85829       -0.00027      
4.86317       -0.00027      
4.86806       -0.00027      
4.87295       -0.00027      
4.87783       -0.00027      
4.88272       -0.00027      
4.88761       -0.00027      
4.89249       -0.00027      
4.89738       -0.00027      
4.90227       -0.00026      
4.90715       -0.00026      
4.91204       -0.00026      
4.91693       -0.00026      
4.92181       -0.00026      
4.92670       -0.00026      
4.93159       -0.00026      
4.93647       -0.00026      
4.94136       -0.00026      
4.94625       -0.00025      
4.95113       -0.00025      
4.95602       -0.00025      
4.96091       -0.00025      
4.96579       -0.00025      
4.97068       -0.00025      
4.97557       -0.00025      
4.98045       -0.00025      
4.98534       -0.00025      
4.99023       -0.00025      
4.99511       -0.00024      
5.00000       -0.00024      
