0.00100       999999999995992510300160.00000
0.00589       577588570142784.62500
0.01077       409124583285.58508
0.01566       4597878309.77719
0.02055       176670176.20583
0.02543       13652865.02643
0.03032       1657050.34428 
0.03521       275877.02766  
0.04009       58066.49045   
0.04498       14679.95501   
0.04987       4321.52903    
0.05475       1463.77702    
0.05964       575.33805     
0.06453       268.92469     
0.06941       153.43322     
0.07430       105.05016     
0.07919       82.89758      
0.08407       71.98762      
0.08896       65.58587      
0.09385       61.71726      
0.09873       59.10345      
0.10362       57.16031      
0.10851       55.86006      
0.11339       53.98960      
0.11828       52.30789      
0.12317       51.16044      
0.12805       49.45244      
0.13294       48.33771      
0.13783       46.81353      
0.14271       45.59648      
0.14760       43.75725      
0.15248       40.70944      
0.15737       36.89850      
0.16226       32.06846      
0.16714       27.50476      
0.17203       22.53350      
0.17692       18.03424      
0.18180       14.26259      
0.18669       10.87346      
0.19158       7.94446       
0.19646       5.31303       
0.20135       3.08170       
0.20624       1.09995       
0.21112       -0.46002      
0.21601       -1.79994      
0.22090       -2.96052      
0.22578       -3.78773      
0.23067       -4.56238      
0.23556       -5.28568      
0.24044       -5.90424      
0.24533       -6.44803      
0.25022       -7.15253      
0.25510       -7.47707      
0.25999       -7.95075      
0.26488       -8.27229      
0.26976       -8.40193      
0.27465       -8.64466      
0.27954       -8.68572      
0.28442       -8.74007      
0.28931       -8.66259      
0.29420       -8.59909      
0.29908       -8.52727      
0.30397       -8.20743      
0.30886       -7.93174      
0.31374       -7.70079      
0.31863       -7.40353      
0.32352       -7.07771      
0.32840       -6.77647      
0.33329       -6.51644      
0.33818       -6.12769      
0.34306       -5.81879      
0.34795       -5.50182      
0.35284       -5.21418      
0.35772       -4.87067      
0.36261       -4.58942      
0.36750       -4.43892      
0.37238       -4.17046      
0.37727       -3.99047      
0.38216       -3.83043      
0.38704       -3.79619      
0.39193       -3.57860      
0.39682       -3.52803      
0.40170       -3.67390      
0.40659       -3.58720      
0.41148       -3.74782      
0.41636       -3.90813      
0.42125       -3.98804      
0.42613       -3.99537      
0.43102       -4.00188      
0.43591       -3.98696      
0.44079       -3.86529      
0.44568       -3.79621      
0.45057       -3.64706      
0.45545       -3.38159      
0.46034       -3.24474      
0.46523       -3.02425      
0.47011       -2.74543      
0.47500       -2.62511      
0.47989       -2.52696      
0.48477       -2.28279      
0.48966       -2.08163      
0.49455       -2.09293      
0.49943       -1.92955      
0.50432       -1.71659      
0.50921       -1.73544      
0.51409       -1.69213      
0.51898       -1.58472      
0.52387       -1.48686      
0.52875       -1.44847      
0.53364       -1.37219      
0.53853       -1.35025      
0.54341       -1.33528      
0.54830       -1.31156      
0.55319       -1.27878      
0.55807       -1.27096      
0.56296       -1.28856      
0.56785       -1.22606      
0.57273       -1.24395      
0.57762       -1.22551      
0.58251       -1.09767      
0.58739       -1.14180      
0.59228       -1.18645      
0.59717       -1.13527      
0.60205       -1.09743      
0.60694       -1.13417      
0.61183       -1.09833      
0.61671       -1.05427      
0.62160       -1.02622      
0.62649       -1.09583      
0.63137       -1.10743      
0.63626       -1.02545      
0.64115       -0.98928      
0.64603       -0.99765      
0.65092       -0.96729      
0.65581       -0.94800      
0.66069       -0.88488      
0.66558       -0.83024      
0.67047       -0.79568      
0.67535       -0.84584      
0.68024       -0.83000      
0.68513       -0.72510      
0.69001       -0.75708      
0.69490       -0.62024      
0.69978       -0.67130      
0.70467       -0.70813      
0.70956       -0.65272      
0.71444       -0.51864      
0.71933       -0.48429      
0.72422       -0.58861      
0.72910       -0.55776      
0.73399       -0.32567      
0.73888       -0.43402      
0.74376       -0.47990      
0.74865       -0.35793      
0.75354       -0.31889      
0.75842       -0.41816      
0.76331       -0.42506      
0.76820       -0.36934      
0.77308       -0.32834      
0.77797       -0.38003      
0.78286       -0.38284      
0.78774       -0.36658      
0.79263       -0.40984      
0.79752       -0.38348      
0.80240       -0.29806      
0.80729       -0.30271      
0.81218       -0.36534      
0.81706       -0.37025      
0.82195       -0.33014      
0.82684       -0.30889      
0.83172       -0.38211      
0.83661       -0.32779      
0.84150       -0.24640      
0.84638       -0.36855      
0.85127       -0.38525      
0.85616       -0.31728      
0.86104       -0.32061      
0.86593       -0.30767      
0.87082       -0.32319      
0.87570       -0.33923      
0.88059       -0.29464      
0.88548       -0.24102      
0.89036       -0.25980      
0.89525       -0.30700      
0.90014       -0.30537      
0.90502       -0.21077      
0.90991       -0.20256      
0.91480       -0.30165      
0.91968       -0.27545      
0.92457       -0.19555      
0.92946       -0.26178      
0.93434       -0.32888      
0.93923       -0.24147      
0.94412       -0.18644      
0.94900       -0.28436      
0.95389       -0.29829      
0.95878       -0.21089      
0.96366       -0.22461      
0.96855       -0.27328      
0.97343       -0.23875      
0.97832       -0.16779      
0.98321       -0.23310      
0.98809       -0.27555      
0.99298       -0.18168      
0.99787       -0.16921      
1.00275       -0.27056      
1.00764       -0.26573      
1.01253       -0.17378      
1.01741       -0.15941      
1.02230       -0.25729      
1.02719       -0.23720      
1.03207       -0.15027      
1.03696       -0.14527      
1.04185       -0.16268      
1.04673       -0.07710      
1.05162       -0.05809      
1.05651       -0.13644      
1.06139       -0.14420      
1.06628       -0.10627      
1.07117       -0.09069      
1.07605       -0.12129      
1.08094       -0.19066      
1.08583       -0.12459      
1.09071       -0.05685      
1.09560       -0.11761      
1.10049       -0.10890      
1.10537       -0.07676      
1.11026       -0.07911      
1.11515       -0.08259      
1.12003       -0.11176      
1.12492       -0.09802      
1.12981       -0.04758      
1.13469       -0.12778      
1.13958       -0.13382      
1.14447       -0.05518      
1.14935       -0.09745      
1.15424       -0.11706      
1.15913       -0.06683      
1.16401       -0.05412      
1.16890       -0.07457      
1.17379       -0.03069      
1.17867       -0.02098      
1.18356       -0.04962      
1.18845       -0.05229      
1.19333       -0.05706      
1.19822       -0.04301      
1.20311       -0.01167      
1.20799       -0.07260      
1.21288       -0.12094      
1.21777       -0.04311      
1.22265       0.00484       
1.22754       -0.05092      
1.23243       -0.05610      
1.23731       -0.00739      
1.24220       -0.05665      
1.24709       -0.07916      
1.25197       0.00267       
1.25686       0.03110       
1.26174       -0.01592      
1.26663       -0.00792      
1.27152       0.08987       
1.27640       0.11671       
1.28129       0.01521       
1.28618       0.08866       
1.29106       0.18121       
1.29595       0.05687       
1.30084       0.00777       
1.30572       0.13953       
1.31061       0.16975       
1.31550       0.08044       
1.32038       0.03428       
1.32527       0.06995       
1.33016       0.10633       
1.33504       0.01355       
1.33993       -0.03008      
1.34482       -0.02665      
1.34970       0.00111       
1.35459       0.01845       
1.35948       0.05029       
1.36436       0.01713       
1.36925       0.01930       
1.37414       0.05833       
1.37902       0.07039       
1.38391       0.04592       
1.38880       0.03630       
1.39368       0.01417       
1.39857       0.01171       
1.40346       0.10432       
1.40834       0.11317       
1.41323       -0.00842      
1.41812       -0.01505      
1.42300       0.06032       
1.42789       0.03354       
1.43278       -0.01439      
1.43766       -0.00519      
1.44255       -0.00265      
1.44744       -0.04604      
1.45232       0.04607       
1.45721       0.03146       
1.46210       -0.02711      
1.46698       -0.00348      
1.47187       0.03245       
1.47676       0.04407       
1.48164       0.10265       
1.48653       0.05368       
1.49142       0.00781       
1.49630       0.05440       
1.50119       -0.02346      
1.50608       -0.02319      
1.51096       -0.02292      
1.51585       -0.02266      
1.52074       -0.02240      
1.52562       -0.02214      
1.53051       -0.02189      
1.53539       -0.02164      
1.54028       -0.02139      
1.54517       -0.02115      
1.55005       -0.02091      
1.55494       -0.02067      
1.55983       -0.02044      
1.56471       -0.02021      
1.56960       -0.01999      
1.57449       -0.01976      
1.57937       -0.01954      
1.58426       -0.01933      
1.58915       -0.01911      
1.59403       -0.01890      
1.59892       -0.01869      
1.60381       -0.01849      
1.60869       -0.01829      
1.61358       -0.01809      
1.61847       -0.01789      
1.62335       -0.01770      
1.62824       -0.01751      
1.63313       -0.01732      
1.63801       -0.01713      
1.64290       -0.01695      
1.64779       -0.01677      
1.65267       -0.01659      
1.65756       -0.01641      
1.66245       -0.01624      
1.66733       -0.01607      
1.67222       -0.01590      
1.67711       -0.01573      
1.68199       -0.01557      
1.68688       -0.01541      
1.69177       -0.01525      
1.69665       -0.01509      
1.70154       -0.01493      
1.70643       -0.01478      
1.71131       -0.01462      
1.71620       -0.01447      
1.72109       -0.01433      
1.72597       -0.01418      
1.73086       -0.01403      
1.73575       -0.01389      
1.74063       -0.01375      
1.74552       -0.01361      
1.75041       -0.01347      
1.75529       -0.01334      
1.76018       -0.01320      
1.76507       -0.01307      
1.76995       -0.01294      
1.77484       -0.01281      
1.77973       -0.01269      
1.78461       -0.01256      
1.78950       -0.01244      
1.79439       -0.01231      
1.79927       -0.01219      
1.80416       -0.01207      
1.80904       -0.01195      
1.81393       -0.01184      
1.81882       -0.01172      
1.82370       -0.01161      
1.82859       -0.01150      
1.83348       -0.01138      
1.83836       -0.01127      
1.84325       -0.01117      
1.84814       -0.01106      
1.85302       -0.01095      
1.85791       -0.01085      
1.86280       -0.01075      
1.86768       -0.01064      
1.87257       -0.01054      
1.87746       -0.01044      
1.88234       -0.01034      
1.88723       -0.01025      
1.89212       -0.01015      
1.89700       -0.01005      
1.90189       -0.00996      
1.90678       -0.00987      
1.91166       -0.00978      
1.91655       -0.00969      
1.92144       -0.00960      
1.92632       -0.00951      
1.93121       -0.00942      
1.93610       -0.00933      
1.94098       -0.00925      
1.94587       -0.00916      
1.95076       -0.00908      
1.95564       -0.00900      
1.96053       -0.00891      
1.96542       -0.00883      
1.97030       -0.00875      
1.97519       -0.00867      
1.98008       -0.00860      
1.98496       -0.00852      
1.98985       -0.00844      
1.99474       -0.00837      
1.99962       -0.00829      
2.00451       -0.00822      
2.00940       -0.00814      
2.01428       -0.00807      
2.01917       -0.00800      
2.02406       -0.00793      
2.02894       -0.00786      
2.03383       -0.00779      
2.03872       -0.00772      
2.04360       -0.00765      
2.04849       -0.00759      
2.05338       -0.00752      
2.05826       -0.00746      
2.06315       -0.00739      
2.06804       -0.00733      
2.07292       -0.00726      
2.07781       -0.00720      
2.08270       -0.00714      
2.08758       -0.00708      
2.09247       -0.00702      
2.09735       -0.00696      
2.10224       -0.00690      
2.10713       -0.00684      
2.11201       -0.00678      
2.11690       -0.00672      
2.12179       -0.00667      
2.12667       -0.00661      
2.13156       -0.00655      
2.13645       -0.00650      
2.14133       -0.00644      
2.14622       -0.00639      
2.15111       -0.00634      
2.15599       -0.00628      
2.16088       -0.00623      
2.16577       -0.00618      
2.17065       -0.00613      
2.17554       -0.00608      
2.18043       -0.00603      
2.18531       -0.00598      
2.19020       -0.00593      
2.19509       -0.00588      
2.19997       -0.00583      
2.20486       -0.00578      
2.20975       -0.00574      
2.21463       -0.00569      
2.21952       -0.00564      
2.22441       -0.00560      
2.22929       -0.00555      
2.23418       -0.00551      
2.23907       -0.00546      
2.24395       -0.00542      
2.24884       -0.00538      
2.25373       -0.00533      
2.25861       -0.00529      
2.26350       -0.00525      
2.26839       -0.00521      
2.27327       -0.00516      
2.27816       -0.00512      
2.28305       -0.00508      
2.28793       -0.00504      
2.29282       -0.00500      
2.29771       -0.00496      
2.30259       -0.00492      
2.30748       -0.00488      
2.31237       -0.00485      
2.31725       -0.00481      
2.32214       -0.00477      
2.32703       -0.00473      
2.33191       -0.00470      
2.33680       -0.00466      
2.34169       -0.00462      
2.34657       -0.00459      
2.35146       -0.00455      
2.35635       -0.00452      
2.36123       -0.00448      
2.36612       -0.00445      
2.37100       -0.00441      
2.37589       -0.00438      
2.38078       -0.00435      
2.38566       -0.00431      
2.39055       -0.00428      
2.39544       -0.00425      
2.40032       -0.00422      
2.40521       -0.00418      
2.41010       -0.00415      
2.41498       -0.00412      
2.41987       -0.00409      
2.42476       -0.00406      
2.42964       -0.00403      
2.43453       -0.00400      
2.43942       -0.00397      
2.44430       -0.00394      
2.44919       -0.00391      
2.45408       -0.00388      
2.45896       -0.00385      
2.46385       -0.00382      
2.46874       -0.00379      
2.47362       -0.00377      
2.47851       -0.00374      
2.48340       -0.00371      
2.48828       -0.00368      
2.49317       -0.00366      
2.49806       -0.00363      
2.50294       -0.00360      
2.50783       -0.00358      
2.51272       -0.00355      
2.51760       -0.00353      
2.52249       -0.00350      
2.52738       -0.00347      
2.53226       -0.00345      
2.53715       -0.00342      
2.54204       -0.00340      
2.54692       -0.00337      
2.55181       -0.00335      
2.55670       -0.00333      
2.56158       -0.00330      
2.56647       -0.00328      
2.57136       -0.00326      
2.57624       -0.00323      
2.58113       -0.00321      
2.58602       -0.00319      
2.59090       -0.00316      
2.59579       -0.00314      
2.60068       -0.00312      
2.60556       -0.00310      
2.61045       -0.00308      
2.61534       -0.00305      
2.62022       -0.00303      
2.62511       -0.00301      
2.63000       -0.00299      
2.63488       -0.00297      
2.63977       -0.00295      
2.64465       -0.00293      
2.64954       -0.00291      
2.65443       -0.00289      
2.65931       -0.00287      
2.66420       -0.00285      
2.66909       -0.00283      
2.67397       -0.00281      
2.67886       -0.00279      
2.68375       -0.00277      
2.68863       -0.00275      
2.69352       -0.00273      
2.69841       -0.00271      
2.70329       -0.00269      
2.70818       -0.00268      
2.71307       -0.00266      
2.71795       -0.00264      
2.72284       -0.00262      
2.72773       -0.00260      
2.73261       -0.00259      
2.73750       -0.00257      
2.74239       -0.00255      
2.74727       -0.00253      
2.75216       -0.00252      
2.75705       -0.00250      
2.76193       -0.00248      
2.76682       -0.00247      
2.77171       -0.00245      
2.77659       -0.00243      
2.78148       -0.00242      
2.78637       -0.00240      
2.79125       -0.00238      
2.79614       -0.00237      
2.80103       -0.00235      
2.80591       -0.00234      
2.81080       -0.00232      
2.81569       -0.00231      
2.82057       -0.00229      
2.82546       -0.00228      
2.83035       -0.00226      
2.83523       -0.00225      
2.84012       -0.00223      
2.84501       -0.00222      
2.84989       -0.00220      
2.85478       -0.00219      
2.85967       -0.00217      
2.86455       -0.00216      
2.86944       -0.00215      
2.87433       -0.00213      
2.87921       -0.00212      
2.88410       -0.00210      
2.88899       -0.00209      
2.89387       -0.00208      
2.89876       -0.00206      
2.90365       -0.00205      
2.90853       -0.00204      
2.91342       -0.00202      
2.91830       -0.00201      
2.92319       -0.00200      
2.92808       -0.00199      
2.93296       -0.00197      
2.93785       -0.00196      
2.94274       -0.00195      
2.94762       -0.00194      
2.95251       -0.00192      
2.95740       -0.00191      
2.96228       -0.00190      
2.96717       -0.00189      
2.97206       -0.00188      
2.97694       -0.00186      
2.98183       -0.00185      
2.98672       -0.00184      
2.99160       -0.00183      
2.99649       -0.00182      
3.00138       -0.00181      
3.00626       -0.00179      
3.01115       -0.00178      
3.01604       -0.00177      
3.02092       -0.00176      
3.02581       -0.00175      
3.03070       -0.00174      
3.03558       -0.00173      
3.04047       -0.00172      
3.04536       -0.00171      
3.05024       -0.00170      
3.05513       -0.00169      
3.06002       -0.00168      
3.06490       -0.00167      
3.06979       -0.00166      
3.07468       -0.00165      
3.07956       -0.00164      
3.08445       -0.00163      
3.08934       -0.00162      
3.09422       -0.00161      
3.09911       -0.00160      
3.10400       -0.00159      
3.10888       -0.00158      
3.11377       -0.00157      
3.11866       -0.00156      
3.12354       -0.00155      
3.12843       -0.00154      
3.13332       -0.00153      
3.13820       -0.00152      
3.14309       -0.00151      
3.14798       -0.00150      
3.15286       -0.00149      
3.15775       -0.00148      
3.16264       -0.00148      
3.16752       -0.00147      
3.17241       -0.00146      
3.17730       -0.00145      
3.18218       -0.00144      
3.18707       -0.00143      
3.19196       -0.00142      
3.19684       -0.00142      
3.20173       -0.00141      
3.20661       -0.00140      
3.21150       -0.00139      
3.21639       -0.00138      
3.22127       -0.00137      
3.22616       -0.00137      
3.23105       -0.00136      
3.23593       -0.00135      
3.24082       -0.00134      
3.24571       -0.00133      
3.25059       -0.00133      
3.25548       -0.00132      
3.26037       -0.00131      
3.26525       -0.00130      
3.27014       -0.00130      
3.27503       -0.00129      
3.27991       -0.00128      
3.28480       -0.00127      
3.28969       -0.00127      
3.29457       -0.00126      
3.29946       -0.00125      
3.30435       -0.00124      
3.30923       -0.00124      
3.31412       -0.00123      
3.31901       -0.00122      
3.32389       -0.00122      
3.32878       -0.00121      
3.33367       -0.00120      
3.33855       -0.00120      
3.34344       -0.00119      
3.34833       -0.00118      
3.35321       -0.00117      
3.35810       -0.00117      
3.36299       -0.00116      
3.36787       -0.00115      
3.37276       -0.00115      
3.37765       -0.00114      
3.38253       -0.00114      
3.38742       -0.00113      
3.39231       -0.00112      
3.39719       -0.00112      
3.40208       -0.00111      
3.40697       -0.00110      
3.41185       -0.00110      
3.41674       -0.00109      
3.42163       -0.00109      
3.42651       -0.00108      
3.43140       -0.00107      
3.43629       -0.00107      
3.44117       -0.00106      
3.44606       -0.00106      
3.45095       -0.00105      
3.45583       -0.00104      
3.46072       -0.00104      
3.46561       -0.00103      
3.47049       -0.00103      
3.47538       -0.00102      
3.48026       -0.00102      
3.48515       -0.00101      
3.49004       -0.00100      
3.49492       -0.00100      
3.49981       -0.00099      
3.50470       -0.00099      
3.50958       -0.00098      
3.51447       -0.00098      
3.51936       -0.00097      
3.52424       -0.00097      
3.52913       -0.00096      
3.53402       -0.00096      
3.53890       -0.00095      
3.54379       -0.00095      
3.54868       -0.00094      
3.55356       -0.00094      
3.55845       -0.00093      
3.56334       -0.00093      
3.56822       -0.00092      
3.57311       -0.00092      
3.57800       -0.00091      
3.58288       -0.00091      
3.58777       -0.00090      
3.59266       -0.00090      
3.59754       -0.00089      
3.60243       -0.00089      
3.60732       -0.00088      
3.61220       -0.00088      
3.61709       -0.00087      
3.62198       -0.00087      
3.62686       -0.00086      
3.63175       -0.00086      
3.63664       -0.00085      
3.64152       -0.00085      
3.64641       -0.00084      
3.65130       -0.00084      
3.65618       -0.00084      
3.66107       -0.00083      
3.66596       -0.00083      
3.67084       -0.00082      
3.67573       -0.00082      
3.68062       -0.00081      
3.68550       -0.00081      
3.69039       -0.00081      
3.69528       -0.00080      
3.70016       -0.00080      
3.70505       -0.00079      
3.70994       -0.00079      
3.71482       -0.00078      
3.71971       -0.00078      
3.72460       -0.00078      
3.72948       -0.00077      
3.73437       -0.00077      
3.73926       -0.00076      
3.74414       -0.00076      
3.74903       -0.00076      
3.75391       -0.00075      
3.75880       -0.00075      
3.76369       -0.00074      
3.76857       -0.00074      
3.77346       -0.00074      
3.77835       -0.00073      
3.78323       -0.00073      
3.78812       -0.00073      
3.79301       -0.00072      
3.79789       -0.00072      
3.80278       -0.00071      
3.80767       -0.00071      
3.81255       -0.00071      
3.81744       -0.00070      
3.82233       -0.00070      
3.82721       -0.00070      
3.83210       -0.00069      
3.83699       -0.00069      
3.84187       -0.00069      
3.84676       -0.00068      
3.85165       -0.00068      
3.85653       -0.00068      
3.86142       -0.00067      
3.86631       -0.00067      
3.87119       -0.00067      
3.87608       -0.00066      
3.88097       -0.00066      
3.88585       -0.00066      
3.89074       -0.00065      
3.89563       -0.00065      
3.90051       -0.00065      
3.90540       -0.00064      
3.91029       -0.00064      
3.91517       -0.00064      
3.92006       -0.00063      
3.92495       -0.00063      
3.92983       -0.00063      
3.93472       -0.00062      
3.93961       -0.00062      
3.94449       -0.00062      
3.94938       -0.00061      
3.95427       -0.00061      
3.95915       -0.00061      
3.96404       -0.00061      
3.96893       -0.00060      
3.97381       -0.00060      
3.97870       -0.00060      
3.98359       -0.00059      
3.98847       -0.00059      
3.99336       -0.00059      
3.99825       -0.00058      
4.00313       -0.00058      
4.00802       -0.00058      
4.01291       -0.00058      
4.01779       -0.00057      
4.02268       -0.00057      
4.02757       -0.00057      
4.03245       -0.00057      
4.03734       -0.00056      
4.04222       -0.00056      
4.04711       -0.00056      
4.05200       -0.00055      
4.05688       -0.00055      
4.06177       -0.00055      
4.06666       -0.00055      
4.07154       -0.00054      
4.07643       -0.00054      
4.08132       -0.00054      
4.08620       -0.00054      
4.09109       -0.00053      
4.09598       -0.00053      
4.10086       -0.00053      
4.10575       -0.00053      
4.11064       -0.00052      
4.11552       -0.00052      
4.12041       -0.00052      
4.12530       -0.00052      
4.13018       -0.00051      
4.13507       -0.00051      
4.13996       -0.00051      
4.14484       -0.00051      
4.14973       -0.00050      
4.15462       -0.00050      
4.15950       -0.00050      
4.16439       -0.00050      
4.16928       -0.00049      
4.17416       -0.00049      
4.17905       -0.00049      
4.18394       -0.00049      
4.18882       -0.00048      
4.19371       -0.00048      
4.19860       -0.00048      
4.20348       -0.00048      
4.20837       -0.00048      
4.21326       -0.00047      
4.21814       -0.00047      
4.22303       -0.00047      
4.22792       -0.00047      
4.23280       -0.00046      
4.23769       -0.00046      
4.24258       -0.00046      
4.24746       -0.00046      
4.25235       -0.00046      
4.25724       -0.00045      
4.26212       -0.00045      
4.26701       -0.00045      
4.27190       -0.00045      
4.27678       -0.00045      
4.28167       -0.00044      
4.28656       -0.00044      
4.29144       -0.00044      
4.29633       -0.00044      
4.30122       -0.00044      
4.30610       -0.00043      
4.31099       -0.00043      
4.31587       -0.00043      
4.32076       -0.00043      
4.32565       -0.00043      
4.33053       -0.00042      
4.33542       -0.00042      
4.34031       -0.00042      
4.34519       -0.00042      
4.35008       -0.00042      
4.35497       -0.00041      
4.35985       -0.00041      
4.36474       -0.00041      
4.36963       -0.00041      
4.37451       -0.00041      
4.37940       -0.00040      
4.38429       -0.00040      
4.38917       -0.00040      
4.39406       -0.00040      
4.39895       -0.00040      
4.40383       -0.00040      
4.40872       -0.00039      
4.41361       -0.00039      
4.41849       -0.00039      
4.42338       -0.00039      
4.42827       -0.00039      
4.43315       -0.00038      
4.43804       -0.00038      
4.44293       -0.00038      
4.44781       -0.00038      
4.45270       -0.00038      
4.45759       -0.00038      
4.46247       -0.00037      
4.46736       -0.00037      
4.47225       -0.00037      
4.47713       -0.00037      
4.48202       -0.00037      
4.48691       -0.00037      
4.49179       -0.00036      
4.49668       -0.00036      
4.50157       -0.00036      
4.50645       -0.00036      
4.51134       -0.00036      
4.51623       -0.00036      
4.52111       -0.00036      
4.52600       -0.00035      
4.53089       -0.00035      
4.53577       -0.00035      
4.54066       -0.00035      
4.54555       -0.00035      
4.55043       -0.00035      
4.55532       -0.00034      
4.56021       -0.00034      
4.56509       -0.00034      
4.56998       -0.00034      
4.57487       -0.00034      
4.57975       -0.00034      
4.58464       -0.00034      
4.58952       -0.00033      
4.59441       -0.00033      
4.59930       -0.00033      
4.60418       -0.00033      
4.60907       -0.00033      
4.61396       -0.00033      
4.61884       -0.00033      
4.62373       -0.00032      
4.62862       -0.00032      
4.63350       -0.00032      
4.63839       -0.00032      
4.64328       -0.00032      
4.64816       -0.00032      
4.65305       -0.00032      
4.65794       -0.00031      
4.66282       -0.00031      
4.66771       -0.00031      
4.67260       -0.00031      
4.67748       -0.00031      
4.68237       -0.00031      
4.68726       -0.00031      
4.69214       -0.00030      
4.69703       -0.00030      
4.70192       -0.00030      
4.70680       -0.00030      
4.71169       -0.00030      
4.71658       -0.00030      
4.72146       -0.00030      
4.72635       -0.00030      
4.73124       -0.00029      
4.73612       -0.00029      
4.74101       -0.00029      
4.74590       -0.00029      
4.75078       -0.00029      
4.75567       -0.00029      
4.76056       -0.00029      
4.76544       -0.00029      
4.77033       -0.00028      
4.77522       -0.00028      
4.78010       -0.00028      
4.78499       -0.00028      
4.78988       -0.00028      
4.79476       -0.00028      
4.79965       -0.00028      
4.80454       -0.00028      
4.80942       -0.00028      
4.81431       -0.00027      
4.81920       -0.00027      
4.82408       -0.00027      
4.82897       -0.00027      
4.83386       -0.00027      
4.83874       -0.00027      
4.84363       -0.00027      
4.84852       -0.00027      
4.85340       -0.00027      
4.85829       -0.00026      
4.86317       -0.00026      
4.86806       -0.00026      
4.87295       -0.00026      
4.87783       -0.00026      
4.88272       -0.00026      
4.88761       -0.00026      
4.89249       -0.00026      
4.89738       -0.00026      
4.90227       -0.00025      
4.90715       -0.00025      
4.91204       -0.00025      
4.91693       -0.00025      
4.92181       -0.00025      
4.92670       -0.00025      
4.93159       -0.00025      
4.93647       -0.00025      
4.94136       -0.00025      
4.94625       -0.00025      
4.95113       -0.00024      
4.95602       -0.00024      
4.96091       -0.00024      
4.96579       -0.00024      
4.97068       -0.00024      
4.97557       -0.00024      
4.98045       -0.00024      
4.98534       -0.00024      
4.99023       -0.00024      
4.99511       -0.00024      
5.00000       -0.00023      
