0.00100       999999999995992510300160.00000
0.00589       577588570142784.87500
0.01077       409124583285.85931
0.01566       4597878310.05136
0.02055       176670176.47993
0.02543       13652865.30046
0.03032       1657050.61824 
0.03521       275871.36968  
0.04009       58054.40239   
0.04498       14661.95176   
0.04987       4303.51847    
0.05475       1445.60272    
0.05964       555.02415     
0.06453       246.24237     
0.06941       127.15586     
0.07430       76.50707      
0.07919       51.95071      
0.08407       38.21811      
0.08896       29.76127      
0.09385       23.72927      
0.09873       18.94080      
0.10362       15.38082      
0.10851       12.18490      
0.11339       9.43893       
0.11828       7.10910       
0.12317       4.96129       
0.12805       3.01263       
0.13294       1.66398       
0.13783       0.20959       
0.14271       -0.71710      
0.14760       -1.64808      
0.15248       -2.25965      
0.15737       -2.99171      
0.16226       -3.41557      
0.16714       -3.66844      
0.17203       -4.09948      
0.17692       -4.21651      
0.18180       -4.34995      
0.18669       -4.45205      
0.19158       -4.62501      
0.19646       -4.83274      
0.20135       -5.12313      
0.20624       -5.40337      
0.21112       -5.80209      
0.21601       -5.84526      
0.22090       -6.14927      
0.22578       -6.50773      
0.23067       -6.93340      
0.23556       -7.25398      
0.24044       -7.62236      
0.24533       -7.86193      
0.25022       -7.92151      
0.25510       -7.73915      
0.25999       -7.79626      
0.26488       -7.56027      
0.26976       -7.36067      
0.27465       -7.20339      
0.27954       -7.15237      
0.28442       -7.23750      
0.28931       -7.56684      
0.29420       -8.26328      
0.29908       -8.91310      
0.30397       -9.38122      
0.30886       -9.77938      
0.31374       -9.93346      
0.31863       -9.88912      
0.32352       -9.73853      
0.32840       -9.51538      
0.33329       -9.14298      
0.33818       -8.62550      
0.34306       -8.13601      
0.34795       -7.59078      
0.35284       -6.92816      
0.35772       -6.33199      
0.36261       -5.68868      
0.36750       -4.90010      
0.37238       -4.31277      
0.37727       -3.82638      
0.38216       -3.22885      
0.38704       -2.84716      
0.39193       -2.46094      
0.39682       -2.04491      
0.40170       -1.76596      
0.40659       -1.44607      
0.41148       -1.14246      
0.41636       -1.04402      
0.42125       -0.66688      
0.42613       -0.50714      
0.43102       -0.38309      
0.43591       -0.27015      
0.44079       -0.22095      
0.44568       -0.22454      
0.45057       -0.25593      
0.45545       -0.21377      
0.46034       -0.26124      
0.46523       -0.32926      
0.47011       -0.29642      
0.47500       -0.37661      
0.47989       -0.37731      
0.48477       -0.43127      
0.48966       -0.48376      
0.49455       -0.49639      
0.49943       -0.70551      
0.50432       -0.67182      
0.50921       -0.66401      
0.51409       -0.77418      
0.51898       -0.82208      
0.52387       -0.81197      
0.52875       -0.90689      
0.53364       -0.93717      
0.53853       -0.88005      
0.54341       -0.93280      
0.54830       -0.97692      
0.55319       -0.97941      
0.55807       -0.96518      
0.56296       -0.98092      
0.56785       -1.01221      
0.57273       -0.98922      
0.57762       -1.01427      
0.58251       -1.02909      
0.58739       -0.97743      
0.59228       -1.00109      
0.59717       -1.04417      
0.60205       -1.04410      
0.60694       -0.97531      
0.61183       -0.96155      
0.61671       -1.07957      
0.62160       -1.01852      
0.62649       -0.89067      
0.63137       -1.00822      
0.63626       -0.93432      
0.64115       -0.97353      
0.64603       -0.91959      
0.65092       -0.77594      
0.65581       -0.84742      
0.66069       -0.96882      
0.66558       -0.75672      
0.67047       -0.65618      
0.67535       -0.84437      
0.68024       -0.68623      
0.68513       -0.58593      
0.69001       -0.64734      
0.69490       -0.64581      
0.69978       -0.55269      
0.70467       -0.54500      
0.70956       -0.55390      
0.71444       -0.52730      
0.71933       -0.46405      
0.72422       -0.44773      
0.72910       -0.47692      
0.73399       -0.42163      
0.73888       -0.43091      
0.74376       -0.42807      
0.74865       -0.41110      
0.75354       -0.44253      
0.75842       -0.40804      
0.76331       -0.38043      
0.76820       -0.38707      
0.77308       -0.38247      
0.77797       -0.33216      
0.78286       -0.28786      
0.78774       -0.32546      
0.79263       -0.35433      
0.79752       -0.31407      
0.80240       -0.31074      
0.80729       -0.30472      
0.81218       -0.31728      
0.81706       -0.35287      
0.82195       -0.29730      
0.82684       -0.27409      
0.83172       -0.37643      
0.83661       -0.27439      
0.84150       -0.27974      
0.84638       -0.34036      
0.85127       -0.32400      
0.85616       -0.33177      
0.86104       -0.38243      
0.86593       -0.38926      
0.87082       -0.32970      
0.87570       -0.36057      
0.88059       -0.41037      
0.88548       -0.28105      
0.89036       -0.33330      
0.89525       -0.42207      
0.90014       -0.32351      
0.90502       -0.28763      
0.90991       -0.41735      
0.91480       -0.40180      
0.91968       -0.31929      
0.92457       -0.35559      
0.92946       -0.37445      
0.93434       -0.31320      
0.93923       -0.34603      
0.94412       -0.44634      
0.94900       -0.27434      
0.95389       -0.28257      
0.95878       -0.34714      
0.96366       -0.35310      
0.96855       -0.36441      
0.97343       -0.32893      
0.97832       -0.32034      
0.98321       -0.38099      
0.98809       -0.35904      
0.99298       -0.31658      
0.99787       -0.30753      
1.00275       -0.30508      
1.00764       -0.29377      
1.01253       -0.30390      
1.01741       -0.27998      
1.02230       -0.22957      
1.02719       -0.29928      
1.03207       -0.30874      
1.03696       -0.23594      
1.04185       -0.21142      
1.04673       -0.22292      
1.05162       -0.22327      
1.05651       -0.20362      
1.06139       -0.21409      
1.06628       -0.20841      
1.07117       -0.22978      
1.07605       -0.26556      
1.08094       -0.25253      
1.08583       -0.16499      
1.09071       -0.12616      
1.09560       -0.17072      
1.10049       -0.21604      
1.10537       -0.17847      
1.11026       -0.10649      
1.11515       -0.12591      
1.12003       -0.19242      
1.12492       -0.22052      
1.12981       -0.20065      
1.13469       -0.18812      
1.13958       -0.21291      
1.14447       -0.17314      
1.14935       -0.16078      
1.15424       -0.23895      
1.15913       -0.21343      
1.16401       -0.16116      
1.16890       -0.24520      
1.17379       -0.15360      
1.17867       -0.17205      
1.18356       -0.21751      
1.18845       -0.23052      
1.19333       -0.23302      
1.19822       -0.22447      
1.20311       -0.18095      
1.20799       -0.15671      
1.21288       -0.24872      
1.21777       -0.17828      
1.22265       -0.10409      
1.22754       -0.22003      
1.23243       -0.16977      
1.23731       -0.21266      
1.24220       -0.16125      
1.24709       -0.10206      
1.25197       -0.14921      
1.25686       -0.15742      
1.26174       -0.12563      
1.26663       -0.14894      
1.27152       -0.16600      
1.27640       -0.17710      
1.28129       -0.12597      
1.28618       -0.07949      
1.29106       -0.10095      
1.29595       -0.05088      
1.30084       0.03496       
1.30572       -0.05932      
1.31061       -0.02511      
1.31550       0.00633       
1.32038       0.02037       
1.32527       -0.00500      
1.33016       -0.06135      
1.33504       -0.06506      
1.33993       -0.00498      
1.34482       -0.00138      
1.34970       -0.09460      
1.35459       -0.10281      
1.35948       0.00356       
1.36436       0.04874       
1.36925       -0.02708      
1.37414       -0.08258      
1.37902       -0.07359      
1.38391       -0.03785      
1.38880       -0.00154      
1.39368       -0.05206      
1.39857       -0.14996      
1.40346       -0.07397      
1.40834       0.04381       
1.41323       -0.08410      
1.41812       0.00504       
1.42300       -0.00376      
1.42789       -0.05657      
1.43278       -0.04162      
1.43766       -0.00210      
1.44255       0.00202       
1.44744       -0.01740      
1.45232       0.02621       
1.45721       -0.03674      
1.46210       -0.08149      
1.46698       0.04517       
1.47187       0.04549       
1.47676       -0.08082      
1.48164       -0.05549      
1.48653       0.05621       
1.49142       -0.04672      
1.49630       -0.09995      
1.50119       -0.02145      
1.50608       -0.02120      
1.51096       -0.02095      
1.51585       -0.02071      
1.52074       -0.02047      
1.52562       -0.02024      
1.53051       -0.02001      
1.53539       -0.01978      
1.54028       -0.01955      
1.54517       -0.01933      
1.55005       -0.01911      
1.55494       -0.01890      
1.55983       -0.01868      
1.56471       -0.01847      
1.56960       -0.01827      
1.57449       -0.01806      
1.57937       -0.01786      
1.58426       -0.01766      
1.58915       -0.01747      
1.59403       -0.01728      
1.59892       -0.01709      
1.60381       -0.01690      
1.60869       -0.01671      
1.61358       -0.01653      
1.61847       -0.01635      
1.62335       -0.01617      
1.62824       -0.01600      
1.63313       -0.01583      
1.63801       -0.01566      
1.64290       -0.01549      
1.64779       -0.01532      
1.65267       -0.01516      
1.65756       -0.01500      
1.66245       -0.01484      
1.66733       -0.01468      
1.67222       -0.01453      
1.67711       -0.01438      
1.68199       -0.01422      
1.68688       -0.01408      
1.69177       -0.01393      
1.69665       -0.01378      
1.70154       -0.01364      
1.70643       -0.01350      
1.71131       -0.01336      
1.71620       -0.01322      
1.72109       -0.01309      
1.72597       -0.01295      
1.73086       -0.01282      
1.73575       -0.01269      
1.74063       -0.01256      
1.74552       -0.01243      
1.75041       -0.01231      
1.75529       -0.01219      
1.76018       -0.01206      
1.76507       -0.01194      
1.76995       -0.01182      
1.77484       -0.01170      
1.77973       -0.01159      
1.78461       -0.01147      
1.78950       -0.01136      
1.79439       -0.01125      
1.79927       -0.01114      
1.80416       -0.01103      
1.80904       -0.01092      
1.81393       -0.01081      
1.81882       -0.01071      
1.82370       -0.01060      
1.82859       -0.01050      
1.83348       -0.01040      
1.83836       -0.01030      
1.84325       -0.01020      
1.84814       -0.01010      
1.85302       -0.01000      
1.85791       -0.00991      
1.86280       -0.00981      
1.86768       -0.00972      
1.87257       -0.00963      
1.87746       -0.00954      
1.88234       -0.00945      
1.88723       -0.00936      
1.89212       -0.00927      
1.89700       -0.00918      
1.90189       -0.00910      
1.90678       -0.00901      
1.91166       -0.00893      
1.91655       -0.00884      
1.92144       -0.00876      
1.92632       -0.00868      
1.93121       -0.00860      
1.93610       -0.00852      
1.94098       -0.00844      
1.94587       -0.00837      
1.95076       -0.00829      
1.95564       -0.00821      
1.96053       -0.00814      
1.96542       -0.00807      
1.97030       -0.00799      
1.97519       -0.00792      
1.98008       -0.00785      
1.98496       -0.00778      
1.98985       -0.00771      
1.99474       -0.00764      
1.99962       -0.00757      
2.00451       -0.00750      
2.00940       -0.00744      
2.01428       -0.00737      
2.01917       -0.00731      
2.02406       -0.00724      
2.02894       -0.00718      
2.03383       -0.00711      
2.03872       -0.00705      
2.04360       -0.00699      
2.04849       -0.00693      
2.05338       -0.00687      
2.05826       -0.00681      
2.06315       -0.00675      
2.06804       -0.00669      
2.07292       -0.00663      
2.07781       -0.00657      
2.08270       -0.00652      
2.08758       -0.00646      
2.09247       -0.00641      
2.09735       -0.00635      
2.10224       -0.00630      
2.10713       -0.00624      
2.11201       -0.00619      
2.11690       -0.00614      
2.12179       -0.00609      
2.12667       -0.00603      
2.13156       -0.00598      
2.13645       -0.00593      
2.14133       -0.00588      
2.14622       -0.00583      
2.15111       -0.00578      
2.15599       -0.00574      
2.16088       -0.00569      
2.16577       -0.00564      
2.17065       -0.00559      
2.17554       -0.00555      
2.18043       -0.00550      
2.18531       -0.00546      
2.19020       -0.00541      
2.19509       -0.00537      
2.19997       -0.00532      
2.20486       -0.00528      
2.20975       -0.00524      
2.21463       -0.00519      
2.21952       -0.00515      
2.22441       -0.00511      
2.22929       -0.00507      
2.23418       -0.00503      
2.23907       -0.00499      
2.24395       -0.00495      
2.24884       -0.00491      
2.25373       -0.00487      
2.25861       -0.00483      
2.26350       -0.00479      
2.26839       -0.00475      
2.27327       -0.00471      
2.27816       -0.00468      
2.28305       -0.00464      
2.28793       -0.00460      
2.29282       -0.00457      
2.29771       -0.00453      
2.30259       -0.00449      
2.30748       -0.00446      
2.31237       -0.00442      
2.31725       -0.00439      
2.32214       -0.00435      
2.32703       -0.00432      
2.33191       -0.00429      
2.33680       -0.00425      
2.34169       -0.00422      
2.34657       -0.00419      
2.35146       -0.00416      
2.35635       -0.00412      
2.36123       -0.00409      
2.36612       -0.00406      
2.37100       -0.00403      
2.37589       -0.00400      
2.38078       -0.00397      
2.38566       -0.00394      
2.39055       -0.00391      
2.39544       -0.00388      
2.40032       -0.00385      
2.40521       -0.00382      
2.41010       -0.00379      
2.41498       -0.00376      
2.41987       -0.00373      
2.42476       -0.00370      
2.42964       -0.00368      
2.43453       -0.00365      
2.43942       -0.00362      
2.44430       -0.00359      
2.44919       -0.00357      
2.45408       -0.00354      
2.45896       -0.00351      
2.46385       -0.00349      
2.46874       -0.00346      
2.47362       -0.00344      
2.47851       -0.00341      
2.48340       -0.00339      
2.48828       -0.00336      
2.49317       -0.00334      
2.49806       -0.00331      
2.50294       -0.00329      
2.50783       -0.00326      
2.51272       -0.00324      
2.51760       -0.00322      
2.52249       -0.00319      
2.52738       -0.00317      
2.53226       -0.00315      
2.53715       -0.00312      
2.54204       -0.00310      
2.54692       -0.00308      
2.55181       -0.00306      
2.55670       -0.00304      
2.56158       -0.00301      
2.56647       -0.00299      
2.57136       -0.00297      
2.57624       -0.00295      
2.58113       -0.00293      
2.58602       -0.00291      
2.59090       -0.00289      
2.59579       -0.00287      
2.60068       -0.00285      
2.60556       -0.00283      
2.61045       -0.00281      
2.61534       -0.00279      
2.62022       -0.00277      
2.62511       -0.00275      
2.63000       -0.00273      
2.63488       -0.00271      
2.63977       -0.00269      
2.64465       -0.00267      
2.64954       -0.00265      
2.65443       -0.00263      
2.65931       -0.00262      
2.66420       -0.00260      
2.66909       -0.00258      
2.67397       -0.00256      
2.67886       -0.00254      
2.68375       -0.00253      
2.68863       -0.00251      
2.69352       -0.00249      
2.69841       -0.00248      
2.70329       -0.00246      
2.70818       -0.00244      
2.71307       -0.00242      
2.71795       -0.00241      
2.72284       -0.00239      
2.72773       -0.00238      
2.73261       -0.00236      
2.73750       -0.00234      
2.74239       -0.00233      
2.74727       -0.00231      
2.75216       -0.00230      
2.75705       -0.00228      
2.76193       -0.00227      
2.76682       -0.00225      
2.77171       -0.00224      
2.77659       -0.00222      
2.78148       -0.00221      
2.78637       -0.00219      
2.79125       -0.00218      
2.79614       -0.00216      
2.80103       -0.00215      
2.80591       -0.00213      
2.81080       -0.00212      
2.81569       -0.00210      
2.82057       -0.00209      
2.82546       -0.00208      
2.83035       -0.00206      
2.83523       -0.00205      
2.84012       -0.00204      
2.84501       -0.00202      
2.84989       -0.00201      
2.85478       -0.00200      
2.85967       -0.00198      
2.86455       -0.00197      
2.86944       -0.00196      
2.87433       -0.00195      
2.87921       -0.00193      
2.88410       -0.00192      
2.88899       -0.00191      
2.89387       -0.00190      
2.89876       -0.00188      
2.90365       -0.00187      
2.90853       -0.00186      
2.91342       -0.00185      
2.91830       -0.00184      
2.92319       -0.00182      
2.92808       -0.00181      
2.93296       -0.00180      
2.93785       -0.00179      
2.94274       -0.00178      
2.94762       -0.00177      
2.95251       -0.00176      
2.95740       -0.00174      
2.96228       -0.00173      
2.96717       -0.00172      
2.97206       -0.00171      
2.97694       -0.00170      
2.98183       -0.00169      
2.98672       -0.00168      
2.99160       -0.00167      
2.99649       -0.00166      
3.00138       -0.00165      
3.00626       -0.00164      
3.01115       -0.00163      
3.01604       -0.00162      
3.02092       -0.00161      
3.02581       -0.00160      
3.03070       -0.00159      
3.03558       -0.00158      
3.04047       -0.00157      
3.04536       -0.00156      
3.05024       -0.00155      
3.05513       -0.00154      
3.06002       -0.00153      
3.06490       -0.00152      
3.06979       -0.00151      
3.07468       -0.00150      
3.07956       -0.00149      
3.08445       -0.00148      
3.08934       -0.00147      
3.09422       -0.00146      
3.09911       -0.00146      
3.10400       -0.00145      
3.10888       -0.00144      
3.11377       -0.00143      
3.11866       -0.00142      
3.12354       -0.00141      
3.12843       -0.00140      
3.13332       -0.00140      
3.13820       -0.00139      
3.14309       -0.00138      
3.14798       -0.00137      
3.15286       -0.00136      
3.15775       -0.00135      
3.16264       -0.00135      
3.16752       -0.00134      
3.17241       -0.00133      
3.17730       -0.00132      
3.18218       -0.00131      
3.18707       -0.00131      
3.19196       -0.00130      
3.19684       -0.00129      
3.20173       -0.00128      
3.20661       -0.00128      
3.21150       -0.00127      
3.21639       -0.00126      
3.22127       -0.00125      
3.22616       -0.00125      
3.23105       -0.00124      
3.23593       -0.00123      
3.24082       -0.00122      
3.24571       -0.00122      
3.25059       -0.00121      
3.25548       -0.00120      
3.26037       -0.00120      
3.26525       -0.00119      
3.27014       -0.00118      
3.27503       -0.00118      
3.27991       -0.00117      
3.28480       -0.00116      
3.28969       -0.00115      
3.29457       -0.00115      
3.29946       -0.00114      
3.30435       -0.00113      
3.30923       -0.00113      
3.31412       -0.00112      
3.31901       -0.00112      
3.32389       -0.00111      
3.32878       -0.00110      
3.33367       -0.00110      
3.33855       -0.00109      
3.34344       -0.00108      
3.34833       -0.00108      
3.35321       -0.00107      
3.35810       -0.00107      
3.36299       -0.00106      
3.36787       -0.00105      
3.37276       -0.00105      
3.37765       -0.00104      
3.38253       -0.00104      
3.38742       -0.00103      
3.39231       -0.00102      
3.39719       -0.00102      
3.40208       -0.00101      
3.40697       -0.00101      
3.41185       -0.00100      
3.41674       -0.00100      
3.42163       -0.00099      
3.42651       -0.00098      
3.43140       -0.00098      
3.43629       -0.00097      
3.44117       -0.00097      
3.44606       -0.00096      
3.45095       -0.00096      
3.45583       -0.00095      
3.46072       -0.00095      
3.46561       -0.00094      
3.47049       -0.00094      
3.47538       -0.00093      
3.48026       -0.00093      
3.48515       -0.00092      
3.49004       -0.00092      
3.49492       -0.00091      
3.49981       -0.00091      
3.50470       -0.00090      
3.50958       -0.00090      
3.51447       -0.00089      
3.51936       -0.00089      
3.52424       -0.00088      
3.52913       -0.00088      
3.53402       -0.00087      
3.53890       -0.00087      
3.54379       -0.00086      
3.54868       -0.00086      
3.55356       -0.00085      
3.55845       -0.00085      
3.56334       -0.00084      
3.56822       -0.00084      
3.57311       -0.00083      
3.57800       -0.00083      
3.58288       -0.00083      
3.58777       -0.00082      
3.59266       -0.00082      
3.59754       -0.00081      
3.60243       -0.00081      
3.60732       -0.00080      
3.61220       -0.00080      
3.61709       -0.00080      
3.62198       -0.00079      
3.62686       -0.00079      
3.63175       -0.00078      
3.63664       -0.00078      
3.64152       -0.00077      
3.64641       -0.00077      
3.65130       -0.00077      
3.65618       -0.00076      
3.66107       -0.00076      
3.66596       -0.00075      
3.67084       -0.00075      
3.67573       -0.00075      
3.68062       -0.00074      
3.68550       -0.00074      
3.69039       -0.00073      
3.69528       -0.00073      
3.70016       -0.00073      
3.70505       -0.00072      
3.70994       -0.00072      
3.71482       -0.00072      
3.71971       -0.00071      
3.72460       -0.00071      
3.72948       -0.00070      
3.73437       -0.00070      
3.73926       -0.00070      
3.74414       -0.00069      
3.74903       -0.00069      
3.75391       -0.00069      
3.75880       -0.00068      
3.76369       -0.00068      
3.76857       -0.00068      
3.77346       -0.00067      
3.77835       -0.00067      
3.78323       -0.00067      
3.78812       -0.00066      
3.79301       -0.00066      
3.79789       -0.00066      
3.80278       -0.00065      
3.80767       -0.00065      
3.81255       -0.00065      
3.81744       -0.00064      
3.82233       -0.00064      
3.82721       -0.00064      
3.83210       -0.00063      
3.83699       -0.00063      
3.84187       -0.00063      
3.84676       -0.00062      
3.85165       -0.00062      
3.85653       -0.00062      
3.86142       -0.00061      
3.86631       -0.00061      
3.87119       -0.00061      
3.87608       -0.00060      
3.88097       -0.00060      
3.88585       -0.00060      
3.89074       -0.00060      
3.89563       -0.00059      
3.90051       -0.00059      
3.90540       -0.00059      
3.91029       -0.00058      
3.91517       -0.00058      
3.92006       -0.00058      
3.92495       -0.00057      
3.92983       -0.00057      
3.93472       -0.00057      
3.93961       -0.00057      
3.94449       -0.00056      
3.94938       -0.00056      
3.95427       -0.00056      
3.95915       -0.00055      
3.96404       -0.00055      
3.96893       -0.00055      
3.97381       -0.00055      
3.97870       -0.00054      
3.98359       -0.00054      
3.98847       -0.00054      
3.99336       -0.00054      
3.99825       -0.00053      
4.00313       -0.00053      
4.00802       -0.00053      
4.01291       -0.00053      
4.01779       -0.00052      
4.02268       -0.00052      
4.02757       -0.00052      
4.03245       -0.00052      
4.03734       -0.00051      
4.04222       -0.00051      
4.04711       -0.00051      
4.05200       -0.00051      
4.05688       -0.00050      
4.06177       -0.00050      
4.06666       -0.00050      
4.07154       -0.00050      
4.07643       -0.00049      
4.08132       -0.00049      
4.08620       -0.00049      
4.09109       -0.00049      
4.09598       -0.00048      
4.10086       -0.00048      
4.10575       -0.00048      
4.11064       -0.00048      
4.11552       -0.00047      
4.12041       -0.00047      
4.12530       -0.00047      
4.13018       -0.00047      
4.13507       -0.00047      
4.13996       -0.00046      
4.14484       -0.00046      
4.14973       -0.00046      
4.15462       -0.00046      
4.15950       -0.00045      
4.16439       -0.00045      
4.16928       -0.00045      
4.17416       -0.00045      
4.17905       -0.00045      
4.18394       -0.00044      
4.18882       -0.00044      
4.19371       -0.00044      
4.19860       -0.00044      
4.20348       -0.00044      
4.20837       -0.00043      
4.21326       -0.00043      
4.21814       -0.00043      
4.22303       -0.00043      
4.22792       -0.00043      
4.23280       -0.00042      
4.23769       -0.00042      
4.24258       -0.00042      
4.24746       -0.00042      
4.25235       -0.00042      
4.25724       -0.00041      
4.26212       -0.00041      
4.26701       -0.00041      
4.27190       -0.00041      
4.27678       -0.00041      
4.28167       -0.00040      
4.28656       -0.00040      
4.29144       -0.00040      
4.29633       -0.00040      
4.30122       -0.00040      
4.30610       -0.00040      
4.31099       -0.00039      
4.31587       -0.00039      
4.32076       -0.00039      
4.32565       -0.00039      
4.33053       -0.00039      
4.33542       -0.00038      
4.34031       -0.00038      
4.34519       -0.00038      
4.35008       -0.00038      
4.35497       -0.00038      
4.35985       -0.00038      
4.36474       -0.00037      
4.36963       -0.00037      
4.37451       -0.00037      
4.37940       -0.00037      
4.38429       -0.00037      
4.38917       -0.00037      
4.39406       -0.00036      
4.39895       -0.00036      
4.40383       -0.00036      
4.40872       -0.00036      
4.41361       -0.00036      
4.41849       -0.00036      
4.42338       -0.00035      
4.42827       -0.00035      
4.43315       -0.00035      
4.43804       -0.00035      
4.44293       -0.00035      
4.44781       -0.00035      
4.45270       -0.00034      
4.45759       -0.00034      
4.46247       -0.00034      
4.46736       -0.00034      
4.47225       -0.00034      
4.47713       -0.00034      
4.48202       -0.00034      
4.48691       -0.00033      
4.49179       -0.00033      
4.49668       -0.00033      
4.50157       -0.00033      
4.50645       -0.00033      
4.51134       -0.00033      
4.51623       -0.00033      
4.52111       -0.00032      
4.52600       -0.00032      
4.53089       -0.00032      
4.53577       -0.00032      
4.54066       -0.00032      
4.54555       -0.00032      
4.55043       -0.00032      
4.55532       -0.00031      
4.56021       -0.00031      
4.56509       -0.00031      
4.56998       -0.00031      
4.57487       -0.00031      
4.57975       -0.00031      
4.58464       -0.00031      
4.58952       -0.00030      
4.59441       -0.00030      
4.59930       -0.00030      
4.60418       -0.00030      
4.60907       -0.00030      
4.61396       -0.00030      
4.61884       -0.00030      
4.62373       -0.00030      
4.62862       -0.00029      
4.63350       -0.00029      
4.63839       -0.00029      
4.64328       -0.00029      
4.64816       -0.00029      
4.65305       -0.00029      
4.65794       -0.00029      
4.66282       -0.00029      
4.66771       -0.00028      
4.67260       -0.00028      
4.67748       -0.00028      
4.68237       -0.00028      
4.68726       -0.00028      
4.69214       -0.00028      
4.69703       -0.00028      
4.70192       -0.00028      
4.70680       -0.00027      
4.71169       -0.00027      
4.71658       -0.00027      
4.72146       -0.00027      
4.72635       -0.00027      
4.73124       -0.00027      
4.73612       -0.00027      
4.74101       -0.00027      
4.74590       -0.00027      
4.75078       -0.00026      
4.75567       -0.00026      
4.76056       -0.00026      
4.76544       -0.00026      
4.77033       -0.00026      
4.77522       -0.00026      
4.78010       -0.00026      
4.78499       -0.00026      
4.78988       -0.00026      
4.79476       -0.00025      
4.79965       -0.00025      
4.80454       -0.00025      
4.80942       -0.00025      
4.81431       -0.00025      
4.81920       -0.00025      
4.82408       -0.00025      
4.82897       -0.00025      
4.83386       -0.00025      
4.83874       -0.00024      
4.84363       -0.00024      
4.84852       -0.00024      
4.85340       -0.00024      
4.85829       -0.00024      
4.86317       -0.00024      
4.86806       -0.00024      
4.87295       -0.00024      
4.87783       -0.00024      
4.88272       -0.00024      
4.88761       -0.00023      
4.89249       -0.00023      
4.89738       -0.00023      
4.90227       -0.00023      
4.90715       -0.00023      
4.91204       -0.00023      
4.91693       -0.00023      
4.92181       -0.00023      
4.92670       -0.00023      
4.93159       -0.00023      
4.93647       -0.00023      
4.94136       -0.00022      
4.94625       -0.00022      
4.95113       -0.00022      
4.95602       -0.00022      
4.96091       -0.00022      
4.96579       -0.00022      
4.97068       -0.00022      
4.97557       -0.00022      
4.98045       -0.00022      
4.98534       -0.00022      
4.99023       -0.00022      
4.99511       -0.00021      
5.00000       -0.00021      
