0.00100       999999999995992510300160.00000
0.00589       577588570142784.25000
0.01077       409124583285.18481
0.01566       4597878309.37656
0.02055       176670175.80487
0.02543       13652864.62515
0.03032       1657049.94267 
0.03521       275876.62573  
0.04009       58066.08820   
0.04498       14679.55243   
0.04987       4327.16466    
0.05475       1474.83219    
0.05964       591.06302     
0.06453       289.14782     
0.06941       177.13391     
0.07430       132.53182     
0.07919       113.65073     
0.08407       105.21829     
0.08896       101.27019     
0.09385       99.34250      
0.09873       98.36536      
0.10362       98.20037      
0.10851       98.20084      
0.11339       98.20130      
0.11828       98.20177      
0.12317       98.20223      
0.12805       98.20270      
0.13294       98.20316      
0.13783       91.74823      
0.14271       82.07249      
0.14760       73.04252      
0.15248       64.51718      
0.15737       56.34894      
0.16226       48.77911      
0.16714       41.80774      
0.17203       35.54681      
0.17692       29.83488      
0.18180       24.63037      
0.18669       19.90659      
0.19158       15.82249      
0.19646       11.99568      
0.20135       8.97209       
0.20624       6.21550       
0.21112       3.72521       
0.21601       1.69622       
0.22090       -0.06093      
0.22578       -1.53901      
0.23067       -2.62638      
0.23556       -3.65498      
0.24044       -4.32244      
0.24533       -4.86300      
0.25022       -5.52219      
0.25510       -5.80395      
0.25999       -6.21011      
0.26488       -6.86031      
0.26976       -6.98769      
0.27465       -7.20140      
0.27954       -7.37915      
0.28442       -7.22747      
0.28931       -7.06988      
0.29420       -6.81492      
0.29908       -6.46090      
0.30397       -6.16314      
0.30886       -5.66278      
0.31374       -5.18673      
0.31863       -4.83300      
0.32352       -4.18794      
0.32840       -3.72674      
0.33329       -3.30398      
0.33818       -2.71644      
0.34306       -2.27580      
0.34795       -1.88566      
0.35284       -1.44833      
0.35772       -1.14981      
0.36261       -0.89489      
0.36750       -0.47823      
0.37238       -0.12868      
0.37727       0.14563       
0.38216       0.49359       
0.38704       0.78379       
0.39193       1.10759       
0.39682       1.51497       
0.40170       1.80973       
0.40659       2.06368       
0.41148       2.39406       
0.41636       2.59164       
0.42125       2.76733       
0.42613       2.92001       
0.43102       3.03518       
0.43591       3.11577       
0.44079       3.19921       
0.44568       3.31258       
0.45057       3.31672       
0.45545       3.33766       
0.46034       3.28726       
0.46523       3.13728       
0.47011       2.92949       
0.47500       2.63746       
0.47989       2.39290       
0.48477       2.25726       
0.48966       1.96759       
0.49455       1.87580       
0.49943       1.67511       
0.50432       1.33940       
0.50921       1.21154       
0.51409       1.16803       
0.51898       0.97855       
0.52387       0.80516       
0.52875       0.70210       
0.53364       0.58569       
0.53853       0.46102       
0.54341       0.40259       
0.54830       0.34168       
0.55319       0.22046       
0.55807       0.17752       
0.56296       0.06001       
0.56785       0.01217       
0.57273       0.07158       
0.57762       0.04532       
0.58251       -0.04953      
0.58739       -0.20324      
0.59228       -0.18527      
0.59717       -0.14463      
0.60205       -0.12275      
0.60694       -0.24038      
0.61183       -0.29166      
0.61671       -0.21232      
0.62160       -0.10917      
0.62649       -0.19676      
0.63137       -0.21249      
0.63626       -0.14640      
0.64115       -0.21626      
0.64603       -0.17990      
0.65092       -0.15741      
0.65581       -0.18659      
0.66069       -0.06604      
0.66558       -0.09151      
0.67047       -0.10512      
0.67535       -0.00397      
0.68024       0.00012       
0.68513       0.04182       
0.69001       0.05383       
0.69490       0.04012       
0.69978       0.05765       
0.70467       0.12211       
0.70956       0.10181       
0.71444       0.12988       
0.71933       0.20466       
0.72422       0.17092       
0.72910       0.17595       
0.73399       0.31454       
0.73888       0.34124       
0.74376       0.22097       
0.74865       0.24326       
0.75354       0.39463       
0.75842       0.37740       
0.76331       0.29774       
0.76820       0.28152       
0.77308       0.42518       
0.77797       0.47883       
0.78286       0.39444       
0.78774       0.33148       
0.79263       0.42541       
0.79752       0.40186       
0.80240       0.42520       
0.80729       0.44936       
0.81218       0.36050       
0.81706       0.43807       
0.82195       0.42630       
0.82684       0.32376       
0.83172       0.37429       
0.83661       0.36762       
0.84150       0.29817       
0.84638       0.28866       
0.85127       0.31928       
0.85616       0.31578       
0.86104       0.28372       
0.86593       0.25762       
0.87082       0.23915       
0.87570       0.22759       
0.88059       0.21306       
0.88548       0.16598       
0.89036       0.11934       
0.89525       0.12591       
0.90014       0.10225       
0.90502       0.04546       
0.90991       0.05924       
0.91480       0.09445       
0.91968       0.00961       
0.92457       -0.02786      
0.92946       -0.03176      
0.93434       0.02828       
0.93923       0.03262       
0.94412       -0.02000      
0.94900       -0.06309      
0.95389       -0.07636      
0.95878       -0.02450      
0.96366       -0.00911      
0.96855       -0.01133      
0.97343       -0.06486      
0.97832       -0.08694      
0.98321       -0.02090      
0.98809       -0.00482      
0.99298       -0.04619      
0.99787       -0.04902      
1.00275       -0.07044      
1.00764       -0.06944      
1.01253       -0.07498      
1.01741       -0.07542      
1.02230       -0.06152      
1.02719       0.01421       
1.03207       0.04551       
1.03696       -0.02079      
1.04185       -0.05338      
1.04673       0.03357       
1.05162       0.05008       
1.05651       -0.00379      
1.06139       -0.00969      
1.06628       0.05716       
1.07117       0.04387       
1.07605       -0.00901      
1.08094       0.06069       
1.08583       0.09338       
1.09071       -0.00011      
1.09560       -0.01192      
1.10049       0.03616       
1.10537       0.02732       
1.11026       0.04755       
1.11515       0.02327       
1.12003       -0.02284      
1.12492       -0.03004      
1.12981       -0.02350      
1.13469       0.03360       
1.13958       0.06884       
1.14447       -0.03737      
1.14935       -0.07617      
1.15424       -0.02309      
1.15913       0.01422       
1.16401       -0.02245      
1.16890       -0.11184      
1.17379       -0.11320      
1.17867       -0.01846      
1.18356       -0.05019      
1.18845       -0.11662      
1.19333       -0.04990      
1.19822       -0.05816      
1.20311       -0.08348      
1.20799       -0.05113      
1.21288       -0.08821      
1.21777       -0.14628      
1.22265       -0.10984      
1.22754       -0.15446      
1.23243       -0.17639      
1.23731       -0.09314      
1.24220       -0.10670      
1.24709       -0.10167      
1.25197       -0.10308      
1.25686       -0.14810      
1.26174       -0.13888      
1.26663       -0.12327      
1.27152       -0.08307      
1.27640       -0.04687      
1.28129       -0.07967      
1.28618       -0.10572      
1.29106       -0.06507      
1.29595       -0.11348      
1.30084       -0.10583      
1.30572       -0.02552      
1.31061       -0.03614      
1.31550       -0.06641      
1.32038       -0.07206      
1.32527       -0.04506      
1.33016       -0.02869      
1.33504       -0.06519      
1.33993       -0.03797      
1.34482       -0.05567      
1.34970       -0.02754      
1.35459       -0.13273      
1.35948       -0.05099      
1.36436       -0.08504      
1.36925       -0.08037      
1.37414       0.01819       
1.37902       -0.09481      
1.38391       -0.07255      
1.38880       -0.05553      
1.39368       -0.12907      
1.39857       -0.11944      
1.40346       -0.08877      
1.40834       -0.12088      
1.41323       -0.07596      
1.41812       -0.03405      
1.42300       -0.02395      
1.42789       -0.05217      
1.43278       -0.06127      
1.43766       -0.01767      
1.44255       -0.00116      
1.44744       -0.02108      
1.45232       -0.02223      
1.45721       -0.00584      
1.46210       0.01636       
1.46698       -0.00177      
1.47187       -0.03923      
1.47676       -0.05573      
1.48164       -0.01362      
1.48653       0.03600       
1.49142       0.03999       
1.49630       -0.00181      
1.50119       -0.01384      
1.50608       -0.01368      
1.51096       -0.01352      
1.51585       -0.01336      
1.52074       -0.01321      
1.52562       -0.01306      
1.53051       -0.01291      
1.53539       -0.01276      
1.54028       -0.01262      
1.54517       -0.01248      
1.55005       -0.01234      
1.55494       -0.01220      
1.55983       -0.01206      
1.56471       -0.01193      
1.56960       -0.01179      
1.57449       -0.01166      
1.57937       -0.01153      
1.58426       -0.01140      
1.58915       -0.01128      
1.59403       -0.01116      
1.59892       -0.01103      
1.60381       -0.01091      
1.60869       -0.01079      
1.61358       -0.01068      
1.61847       -0.01056      
1.62335       -0.01045      
1.62824       -0.01033      
1.63313       -0.01022      
1.63801       -0.01011      
1.64290       -0.01001      
1.64779       -0.00990      
1.65267       -0.00979      
1.65756       -0.00969      
1.66245       -0.00959      
1.66733       -0.00949      
1.67222       -0.00939      
1.67711       -0.00929      
1.68199       -0.00919      
1.68688       -0.00910      
1.69177       -0.00900      
1.69665       -0.00891      
1.70154       -0.00882      
1.70643       -0.00873      
1.71131       -0.00864      
1.71620       -0.00855      
1.72109       -0.00846      
1.72597       -0.00837      
1.73086       -0.00829      
1.73575       -0.00820      
1.74063       -0.00812      
1.74552       -0.00804      
1.75041       -0.00796      
1.75529       -0.00788      
1.76018       -0.00780      
1.76507       -0.00772      
1.76995       -0.00764      
1.77484       -0.00757      
1.77973       -0.00749      
1.78461       -0.00742      
1.78950       -0.00735      
1.79439       -0.00727      
1.79927       -0.00720      
1.80416       -0.00713      
1.80904       -0.00706      
1.81393       -0.00699      
1.81882       -0.00693      
1.82370       -0.00686      
1.82859       -0.00679      
1.83348       -0.00673      
1.83836       -0.00666      
1.84325       -0.00660      
1.84814       -0.00653      
1.85302       -0.00647      
1.85791       -0.00641      
1.86280       -0.00635      
1.86768       -0.00629      
1.87257       -0.00623      
1.87746       -0.00617      
1.88234       -0.00611      
1.88723       -0.00605      
1.89212       -0.00600      
1.89700       -0.00594      
1.90189       -0.00589      
1.90678       -0.00583      
1.91166       -0.00578      
1.91655       -0.00572      
1.92144       -0.00567      
1.92632       -0.00562      
1.93121       -0.00557      
1.93610       -0.00552      
1.94098       -0.00547      
1.94587       -0.00542      
1.95076       -0.00537      
1.95564       -0.00532      
1.96053       -0.00527      
1.96542       -0.00522      
1.97030       -0.00517      
1.97519       -0.00513      
1.98008       -0.00508      
1.98496       -0.00504      
1.98985       -0.00499      
1.99474       -0.00495      
1.99962       -0.00490      
2.00451       -0.00486      
2.00940       -0.00481      
2.01428       -0.00477      
2.01917       -0.00473      
2.02406       -0.00469      
2.02894       -0.00465      
2.03383       -0.00461      
2.03872       -0.00457      
2.04360       -0.00453      
2.04849       -0.00449      
2.05338       -0.00445      
2.05826       -0.00441      
2.06315       -0.00437      
2.06804       -0.00433      
2.07292       -0.00430      
2.07781       -0.00426      
2.08270       -0.00422      
2.08758       -0.00419      
2.09247       -0.00415      
2.09735       -0.00411      
2.10224       -0.00408      
2.10713       -0.00404      
2.11201       -0.00401      
2.11690       -0.00398      
2.12179       -0.00394      
2.12667       -0.00391      
2.13156       -0.00388      
2.13645       -0.00384      
2.14133       -0.00381      
2.14622       -0.00378      
2.15111       -0.00375      
2.15599       -0.00372      
2.16088       -0.00369      
2.16577       -0.00365      
2.17065       -0.00362      
2.17554       -0.00359      
2.18043       -0.00356      
2.18531       -0.00354      
2.19020       -0.00351      
2.19509       -0.00348      
2.19997       -0.00345      
2.20486       -0.00342      
2.20975       -0.00339      
2.21463       -0.00337      
2.21952       -0.00334      
2.22441       -0.00331      
2.22929       -0.00328      
2.23418       -0.00326      
2.23907       -0.00323      
2.24395       -0.00321      
2.24884       -0.00318      
2.25373       -0.00315      
2.25861       -0.00313      
2.26350       -0.00310      
2.26839       -0.00308      
2.27327       -0.00305      
2.27816       -0.00303      
2.28305       -0.00301      
2.28793       -0.00298      
2.29282       -0.00296      
2.29771       -0.00294      
2.30259       -0.00291      
2.30748       -0.00289      
2.31237       -0.00287      
2.31725       -0.00284      
2.32214       -0.00282      
2.32703       -0.00280      
2.33191       -0.00278      
2.33680       -0.00276      
2.34169       -0.00274      
2.34657       -0.00271      
2.35146       -0.00269      
2.35635       -0.00267      
2.36123       -0.00265      
2.36612       -0.00263      
2.37100       -0.00261      
2.37589       -0.00259      
2.38078       -0.00257      
2.38566       -0.00255      
2.39055       -0.00253      
2.39544       -0.00251      
2.40032       -0.00249      
2.40521       -0.00248      
2.41010       -0.00246      
2.41498       -0.00244      
2.41987       -0.00242      
2.42476       -0.00240      
2.42964       -0.00238      
2.43453       -0.00237      
2.43942       -0.00235      
2.44430       -0.00233      
2.44919       -0.00231      
2.45408       -0.00230      
2.45896       -0.00228      
2.46385       -0.00226      
2.46874       -0.00225      
2.47362       -0.00223      
2.47851       -0.00221      
2.48340       -0.00220      
2.48828       -0.00218      
2.49317       -0.00216      
2.49806       -0.00215      
2.50294       -0.00213      
2.50783       -0.00212      
2.51272       -0.00210      
2.51760       -0.00209      
2.52249       -0.00207      
2.52738       -0.00206      
2.53226       -0.00204      
2.53715       -0.00203      
2.54204       -0.00201      
2.54692       -0.00200      
2.55181       -0.00198      
2.55670       -0.00197      
2.56158       -0.00195      
2.56647       -0.00194      
2.57136       -0.00193      
2.57624       -0.00191      
2.58113       -0.00190      
2.58602       -0.00189      
2.59090       -0.00187      
2.59579       -0.00186      
2.60068       -0.00185      
2.60556       -0.00183      
2.61045       -0.00182      
2.61534       -0.00181      
2.62022       -0.00179      
2.62511       -0.00178      
2.63000       -0.00177      
2.63488       -0.00176      
2.63977       -0.00174      
2.64465       -0.00173      
2.64954       -0.00172      
2.65443       -0.00171      
2.65931       -0.00170      
2.66420       -0.00169      
2.66909       -0.00167      
2.67397       -0.00166      
2.67886       -0.00165      
2.68375       -0.00164      
2.68863       -0.00163      
2.69352       -0.00162      
2.69841       -0.00161      
2.70329       -0.00159      
2.70818       -0.00158      
2.71307       -0.00157      
2.71795       -0.00156      
2.72284       -0.00155      
2.72773       -0.00154      
2.73261       -0.00153      
2.73750       -0.00152      
2.74239       -0.00151      
2.74727       -0.00150      
2.75216       -0.00149      
2.75705       -0.00148      
2.76193       -0.00147      
2.76682       -0.00146      
2.77171       -0.00145      
2.77659       -0.00144      
2.78148       -0.00143      
2.78637       -0.00142      
2.79125       -0.00141      
2.79614       -0.00140      
2.80103       -0.00139      
2.80591       -0.00138      
2.81080       -0.00137      
2.81569       -0.00137      
2.82057       -0.00136      
2.82546       -0.00135      
2.83035       -0.00134      
2.83523       -0.00133      
2.84012       -0.00132      
2.84501       -0.00131      
2.84989       -0.00130      
2.85478       -0.00130      
2.85967       -0.00129      
2.86455       -0.00128      
2.86944       -0.00127      
2.87433       -0.00126      
2.87921       -0.00125      
2.88410       -0.00125      
2.88899       -0.00124      
2.89387       -0.00123      
2.89876       -0.00122      
2.90365       -0.00121      
2.90853       -0.00121      
2.91342       -0.00120      
2.91830       -0.00119      
2.92319       -0.00118      
2.92808       -0.00118      
2.93296       -0.00117      
2.93785       -0.00116      
2.94274       -0.00115      
2.94762       -0.00115      
2.95251       -0.00114      
2.95740       -0.00113      
2.96228       -0.00112      
2.96717       -0.00112      
2.97206       -0.00111      
2.97694       -0.00110      
2.98183       -0.00110      
2.98672       -0.00109      
2.99160       -0.00108      
2.99649       -0.00108      
3.00138       -0.00107      
3.00626       -0.00106      
3.01115       -0.00106      
3.01604       -0.00105      
3.02092       -0.00104      
3.02581       -0.00104      
3.03070       -0.00103      
3.03558       -0.00102      
3.04047       -0.00102      
3.04536       -0.00101      
3.05024       -0.00100      
3.05513       -0.00100      
3.06002       -0.00099      
3.06490       -0.00099      
3.06979       -0.00098      
3.07468       -0.00097      
3.07956       -0.00097      
3.08445       -0.00096      
3.08934       -0.00096      
3.09422       -0.00095      
3.09911       -0.00095      
3.10400       -0.00094      
3.10888       -0.00093      
3.11377       -0.00093      
3.11866       -0.00092      
3.12354       -0.00092      
3.12843       -0.00091      
3.13332       -0.00091      
3.13820       -0.00090      
3.14309       -0.00090      
3.14798       -0.00089      
3.15286       -0.00088      
3.15775       -0.00088      
3.16264       -0.00087      
3.16752       -0.00087      
3.17241       -0.00086      
3.17730       -0.00086      
3.18218       -0.00085      
3.18707       -0.00085      
3.19196       -0.00084      
3.19684       -0.00084      
3.20173       -0.00083      
3.20661       -0.00083      
3.21150       -0.00082      
3.21639       -0.00082      
3.22127       -0.00081      
3.22616       -0.00081      
3.23105       -0.00080      
3.23593       -0.00080      
3.24082       -0.00079      
3.24571       -0.00079      
3.25059       -0.00079      
3.25548       -0.00078      
3.26037       -0.00078      
3.26525       -0.00077      
3.27014       -0.00077      
3.27503       -0.00076      
3.27991       -0.00076      
3.28480       -0.00075      
3.28969       -0.00075      
3.29457       -0.00075      
3.29946       -0.00074      
3.30435       -0.00074      
3.30923       -0.00073      
3.31412       -0.00073      
3.31901       -0.00072      
3.32389       -0.00072      
3.32878       -0.00072      
3.33367       -0.00071      
3.33855       -0.00071      
3.34344       -0.00070      
3.34833       -0.00070      
3.35321       -0.00070      
3.35810       -0.00069      
3.36299       -0.00069      
3.36787       -0.00068      
3.37276       -0.00068      
3.37765       -0.00068      
3.38253       -0.00067      
3.38742       -0.00067      
3.39231       -0.00066      
3.39719       -0.00066      
3.40208       -0.00066      
3.40697       -0.00065      
3.41185       -0.00065      
3.41674       -0.00065      
3.42163       -0.00064      
3.42651       -0.00064      
3.43140       -0.00064      
3.43629       -0.00063      
3.44117       -0.00063      
3.44606       -0.00063      
3.45095       -0.00062      
3.45583       -0.00062      
3.46072       -0.00061      
3.46561       -0.00061      
3.47049       -0.00061      
3.47538       -0.00060      
3.48026       -0.00060      
3.48515       -0.00060      
3.49004       -0.00059      
3.49492       -0.00059      
3.49981       -0.00059      
3.50470       -0.00059      
3.50958       -0.00058      
3.51447       -0.00058      
3.51936       -0.00058      
3.52424       -0.00057      
3.52913       -0.00057      
3.53402       -0.00057      
3.53890       -0.00056      
3.54379       -0.00056      
3.54868       -0.00056      
3.55356       -0.00055      
3.55845       -0.00055      
3.56334       -0.00055      
3.56822       -0.00055      
3.57311       -0.00054      
3.57800       -0.00054      
3.58288       -0.00054      
3.58777       -0.00053      
3.59266       -0.00053      
3.59754       -0.00053      
3.60243       -0.00052      
3.60732       -0.00052      
3.61220       -0.00052      
3.61709       -0.00052      
3.62198       -0.00051      
3.62686       -0.00051      
3.63175       -0.00051      
3.63664       -0.00051      
3.64152       -0.00050      
3.64641       -0.00050      
3.65130       -0.00050      
3.65618       -0.00050      
3.66107       -0.00049      
3.66596       -0.00049      
3.67084       -0.00049      
3.67573       -0.00048      
3.68062       -0.00048      
3.68550       -0.00048      
3.69039       -0.00048      
3.69528       -0.00047      
3.70016       -0.00047      
3.70505       -0.00047      
3.70994       -0.00047      
3.71482       -0.00046      
3.71971       -0.00046      
3.72460       -0.00046      
3.72948       -0.00046      
3.73437       -0.00046      
3.73926       -0.00045      
3.74414       -0.00045      
3.74903       -0.00045      
3.75391       -0.00045      
3.75880       -0.00044      
3.76369       -0.00044      
3.76857       -0.00044      
3.77346       -0.00044      
3.77835       -0.00043      
3.78323       -0.00043      
3.78812       -0.00043      
3.79301       -0.00043      
3.79789       -0.00043      
3.80278       -0.00042      
3.80767       -0.00042      
3.81255       -0.00042      
3.81744       -0.00042      
3.82233       -0.00041      
3.82721       -0.00041      
3.83210       -0.00041      
3.83699       -0.00041      
3.84187       -0.00041      
3.84676       -0.00040      
3.85165       -0.00040      
3.85653       -0.00040      
3.86142       -0.00040      
3.86631       -0.00040      
3.87119       -0.00039      
3.87608       -0.00039      
3.88097       -0.00039      
3.88585       -0.00039      
3.89074       -0.00039      
3.89563       -0.00038      
3.90051       -0.00038      
3.90540       -0.00038      
3.91029       -0.00038      
3.91517       -0.00038      
3.92006       -0.00038      
3.92495       -0.00037      
3.92983       -0.00037      
3.93472       -0.00037      
3.93961       -0.00037      
3.94449       -0.00037      
3.94938       -0.00036      
3.95427       -0.00036      
3.95915       -0.00036      
3.96404       -0.00036      
3.96893       -0.00036      
3.97381       -0.00036      
3.97870       -0.00035      
3.98359       -0.00035      
3.98847       -0.00035      
3.99336       -0.00035      
3.99825       -0.00035      
4.00313       -0.00034      
4.00802       -0.00034      
4.01291       -0.00034      
4.01779       -0.00034      
4.02268       -0.00034      
4.02757       -0.00034      
4.03245       -0.00033      
4.03734       -0.00033      
4.04222       -0.00033      
4.04711       -0.00033      
4.05200       -0.00033      
4.05688       -0.00033      
4.06177       -0.00033      
4.06666       -0.00032      
4.07154       -0.00032      
4.07643       -0.00032      
4.08132       -0.00032      
4.08620       -0.00032      
4.09109       -0.00032      
4.09598       -0.00031      
4.10086       -0.00031      
4.10575       -0.00031      
4.11064       -0.00031      
4.11552       -0.00031      
4.12041       -0.00031      
4.12530       -0.00031      
4.13018       -0.00030      
4.13507       -0.00030      
4.13996       -0.00030      
4.14484       -0.00030      
4.14973       -0.00030      
4.15462       -0.00030      
4.15950       -0.00030      
4.16439       -0.00029      
4.16928       -0.00029      
4.17416       -0.00029      
4.17905       -0.00029      
4.18394       -0.00029      
4.18882       -0.00029      
4.19371       -0.00029      
4.19860       -0.00028      
4.20348       -0.00028      
4.20837       -0.00028      
4.21326       -0.00028      
4.21814       -0.00028      
4.22303       -0.00028      
4.22792       -0.00028      
4.23280       -0.00028      
4.23769       -0.00027      
4.24258       -0.00027      
4.24746       -0.00027      
4.25235       -0.00027      
4.25724       -0.00027      
4.26212       -0.00027      
4.26701       -0.00027      
4.27190       -0.00027      
4.27678       -0.00026      
4.28167       -0.00026      
4.28656       -0.00026      
4.29144       -0.00026      
4.29633       -0.00026      
4.30122       -0.00026      
4.30610       -0.00026      
4.31099       -0.00026      
4.31587       -0.00025      
4.32076       -0.00025      
4.32565       -0.00025      
4.33053       -0.00025      
4.33542       -0.00025      
4.34031       -0.00025      
4.34519       -0.00025      
4.35008       -0.00025      
4.35497       -0.00025      
4.35985       -0.00024      
4.36474       -0.00024      
4.36963       -0.00024      
4.37451       -0.00024      
4.37940       -0.00024      
4.38429       -0.00024      
4.38917       -0.00024      
4.39406       -0.00024      
4.39895       -0.00024      
4.40383       -0.00023      
4.40872       -0.00023      
4.41361       -0.00023      
4.41849       -0.00023      
4.42338       -0.00023      
4.42827       -0.00023      
4.43315       -0.00023      
4.43804       -0.00023      
4.44293       -0.00023      
4.44781       -0.00023      
4.45270       -0.00022      
4.45759       -0.00022      
4.46247       -0.00022      
4.46736       -0.00022      
4.47225       -0.00022      
4.47713       -0.00022      
4.48202       -0.00022      
4.48691       -0.00022      
4.49179       -0.00022      
4.49668       -0.00022      
4.50157       -0.00021      
4.50645       -0.00021      
4.51134       -0.00021      
4.51623       -0.00021      
4.52111       -0.00021      
4.52600       -0.00021      
4.53089       -0.00021      
4.53577       -0.00021      
4.54066       -0.00021      
4.54555       -0.00021      
4.55043       -0.00020      
4.55532       -0.00020      
4.56021       -0.00020      
4.56509       -0.00020      
4.56998       -0.00020      
4.57487       -0.00020      
4.57975       -0.00020      
4.58464       -0.00020      
4.58952       -0.00020      
4.59441       -0.00020      
4.59930       -0.00020      
4.60418       -0.00020      
4.60907       -0.00019      
4.61396       -0.00019      
4.61884       -0.00019      
4.62373       -0.00019      
4.62862       -0.00019      
4.63350       -0.00019      
4.63839       -0.00019      
4.64328       -0.00019      
4.64816       -0.00019      
4.65305       -0.00019      
4.65794       -0.00019      
4.66282       -0.00019      
4.66771       -0.00018      
4.67260       -0.00018      
4.67748       -0.00018      
4.68237       -0.00018      
4.68726       -0.00018      
4.69214       -0.00018      
4.69703       -0.00018      
4.70192       -0.00018      
4.70680       -0.00018      
4.71169       -0.00018      
4.71658       -0.00018      
4.72146       -0.00018      
4.72635       -0.00018      
4.73124       -0.00017      
4.73612       -0.00017      
4.74101       -0.00017      
4.74590       -0.00017      
4.75078       -0.00017      
4.75567       -0.00017      
4.76056       -0.00017      
4.76544       -0.00017      
4.77033       -0.00017      
4.77522       -0.00017      
4.78010       -0.00017      
4.78499       -0.00017      
4.78988       -0.00017      
4.79476       -0.00017      
4.79965       -0.00016      
4.80454       -0.00016      
4.80942       -0.00016      
4.81431       -0.00016      
4.81920       -0.00016      
4.82408       -0.00016      
4.82897       -0.00016      
4.83386       -0.00016      
4.83874       -0.00016      
4.84363       -0.00016      
4.84852       -0.00016      
4.85340       -0.00016      
4.85829       -0.00016      
4.86317       -0.00016      
4.86806       -0.00016      
4.87295       -0.00015      
4.87783       -0.00015      
4.88272       -0.00015      
4.88761       -0.00015      
4.89249       -0.00015      
4.89738       -0.00015      
4.90227       -0.00015      
4.90715       -0.00015      
4.91204       -0.00015      
4.91693       -0.00015      
4.92181       -0.00015      
4.92670       -0.00015      
4.93159       -0.00015      
4.93647       -0.00015      
4.94136       -0.00015      
4.94625       -0.00015      
4.95113       -0.00014      
4.95602       -0.00014      
4.96091       -0.00014      
4.96579       -0.00014      
4.97068       -0.00014      
4.97557       -0.00014      
4.98045       -0.00014      
4.98534       -0.00014      
4.99023       -0.00014      
4.99511       -0.00014      
5.00000       -0.00014      
