0.00100       999999999995992510300160.00000
0.00589       577588570142784.00000
0.01077       409124583285.06482
0.01566       4597878309.25683
0.02055       176670175.68535
0.02543       13652864.50583
0.03032       1657046.58034 
0.03521       275863.20719  
0.04009       58043.46928   
0.04498       14648.98006   
0.04987       4289.29378    
0.05475       1430.68203    
0.05964       540.60119     
0.06453       233.40086     
0.06941       116.54259     
0.07430       67.50794      
0.07919       45.18858      
0.08407       33.23845      
0.08896       26.18733      
0.09385       21.27016      
0.09873       17.11442      
0.10362       14.05715      
0.10851       11.81224      
0.11339       9.58322       
0.11828       8.16102       
0.12317       7.06686       
0.12805       6.30522       
0.13294       5.78168       
0.13783       5.56788       
0.14271       5.89255       
0.14760       6.03248       
0.15248       6.54870       
0.15737       7.31456       
0.16226       7.86433       
0.16714       8.67209       
0.17203       9.28719       
0.17692       9.66371       
0.18180       9.43194       
0.18669       8.44872       
0.19158       6.43031       
0.19646       3.44146       
0.20135       0.20816       
0.20624       -2.66001      
0.21112       -4.85500      
0.21601       -6.71609      
0.22090       -7.98502      
0.22578       -8.99947      
0.23067       -9.65190      
0.23556       -10.23575     
0.24044       -10.52144     
0.24533       -10.55956     
0.25022       -10.53411     
0.25510       -10.41545     
0.25999       -10.17233     
0.26488       -9.93545      
0.26976       -9.59541      
0.27465       -9.21141      
0.27954       -8.81928      
0.28442       -8.32560      
0.28931       -7.93000      
0.29420       -7.55622      
0.29908       -7.13442      
0.30397       -6.82640      
0.30886       -6.48248      
0.31374       -6.06256      
0.31863       -5.79281      
0.32352       -5.57413      
0.32840       -5.28578      
0.33329       -5.06200      
0.33818       -4.81230      
0.34306       -4.69674      
0.34795       -4.43734      
0.35284       -4.28694      
0.35772       -4.01348      
0.36261       -3.93972      
0.36750       -3.57135      
0.37238       -3.51784      
0.37727       -3.23062      
0.38216       -3.02033      
0.38704       -2.80791      
0.39193       -2.62461      
0.39682       -2.37997      
0.40170       -2.18430      
0.40659       -1.97701      
0.41148       -1.83870      
0.41636       -1.71052      
0.42125       -1.57870      
0.42613       -1.52194      
0.43102       -1.48430      
0.43591       -1.46385      
0.44079       -1.55786      
0.44568       -1.54992      
0.45057       -1.55954      
0.45545       -1.75002      
0.46034       -1.69167      
0.46523       -1.77747      
0.47011       -1.83948      
0.47500       -1.83639      
0.47989       -1.94310      
0.48477       -2.03228      
0.48966       -2.03684      
0.49455       -2.07271      
0.49943       -2.19509      
0.50432       -2.21292      
0.50921       -2.10957      
0.51409       -2.16389      
0.51898       -2.17338      
0.52387       -1.91417      
0.52875       -1.80435      
0.53364       -1.75304      
0.53853       -1.62451      
0.54341       -1.41028      
0.54830       -1.27312      
0.55319       -1.36453      
0.55807       -1.12622      
0.56296       -0.99554      
0.56785       -1.14830      
0.57273       -0.93264      
0.57762       -0.88377      
0.58251       -0.95346      
0.58739       -0.73908      
0.59228       -0.78386      
0.59717       -0.78096      
0.60205       -0.74673      
0.60694       -0.69201      
0.61183       -0.58537      
0.61671       -0.62612      
0.62160       -0.68041      
0.62649       -0.59556      
0.63137       -0.52128      
0.63626       -0.53666      
0.64115       -0.51544      
0.64603       -0.52991      
0.65092       -0.55618      
0.65581       -0.49216      
0.66069       -0.42758      
0.66558       -0.39876      
0.67047       -0.43744      
0.67535       -0.42985      
0.68024       -0.34398      
0.68513       -0.34727      
0.69001       -0.42150      
0.69490       -0.38610      
0.69978       -0.31797      
0.70467       -0.29249      
0.70956       -0.30110      
0.71444       -0.23837      
0.71933       -0.17067      
0.72422       -0.21477      
0.72910       -0.20839      
0.73399       -0.13865      
0.73888       -0.13485      
0.74376       -0.14366      
0.74865       -0.20124      
0.75354       -0.14970      
0.75842       -0.05451      
0.76331       -0.09609      
0.76820       -0.18822      
0.77308       -0.08265      
0.77797       0.01945       
0.78286       -0.06867      
0.78774       -0.15712      
0.79263       -0.03005      
0.79752       0.04522       
0.80240       -0.22431      
0.80729       0.03991       
0.81218       0.01999       
0.81706       -0.06307      
0.82195       -0.13109      
0.82684       -0.04649      
0.83172       0.00334       
0.83661       -0.09754      
0.84150       -0.05469      
0.84638       -0.03254      
0.85127       -0.06299      
0.85616       -0.03979      
0.86104       -0.01589      
0.86593       0.00164       
0.87082       0.00252       
0.87570       -0.06496      
0.88059       -0.04242      
0.88548       0.00270       
0.89036       -0.00214      
0.89525       -0.00521      
0.90014       -0.03041      
0.90502       -0.02754      
0.90991       -0.05783      
0.91480       -0.01949      
0.91968       0.01901       
0.92457       -0.04662      
0.92946       -0.03115      
0.93434       -0.00771      
0.93923       -0.07027      
0.94412       -0.01201      
0.94900       0.05631       
0.95389       -0.03666      
0.95878       -0.09712      
0.96366       -0.03390      
0.96855       0.05669       
0.97343       0.01120       
0.97832       -0.08867      
0.98321       0.04152       
0.98809       0.09899       
0.99298       0.04408       
0.99787       -0.04709      
1.00275       0.05539       
1.00764       0.09996       
1.01253       0.01687       
1.01741       0.03500       
1.02230       0.12137       
1.02719       0.09948       
1.03207       0.08072       
1.03696       0.21202       
1.04185       0.20158       
1.04673       0.20087       
1.05162       0.24544       
1.05651       0.17427       
1.06139       0.15306       
1.06628       0.23379       
1.07117       0.24310       
1.07605       0.21250       
1.08094       0.17072       
1.08583       0.19949       
1.09071       0.20773       
1.09560       0.17616       
1.10049       0.14750       
1.10537       0.20202       
1.11026       0.15236       
1.11515       0.05256       
1.12003       0.17481       
1.12492       0.24253       
1.12981       0.14045       
1.13469       0.09791       
1.13958       0.19201       
1.14447       0.21146       
1.14935       0.09785       
1.15424       0.09262       
1.15913       0.15282       
1.16401       0.12903       
1.16890       0.11775       
1.17379       0.11138       
1.17867       0.05675       
1.18356       0.05778       
1.18845       0.07253       
1.19333       0.08668       
1.19822       0.12455       
1.20311       0.09677       
1.20799       0.06667       
1.21288       0.12272       
1.21777       0.09978       
1.22265       0.07626       
1.22754       0.13194       
1.23243       0.15118       
1.23731       0.03769       
1.24220       0.04035       
1.24709       0.12942       
1.25197       0.15446       
1.25686       0.07443       
1.26174       0.06553       
1.26663       0.11141       
1.27152       0.10212       
1.27640       0.06743       
1.28129       0.10412       
1.28618       0.11734       
1.29106       0.14126       
1.29595       0.09010       
1.30084       0.08961       
1.30572       0.11592       
1.31061       0.12283       
1.31550       0.09582       
1.32038       0.03856       
1.32527       0.03558       
1.33016       0.03527       
1.33504       0.10190       
1.33993       0.11264       
1.34482       0.05283       
1.34970       0.02579       
1.35459       0.08422       
1.35948       0.06945       
1.36436       0.02825       
1.36925       0.05947       
1.37414       0.01462       
1.37902       -0.01827      
1.38391       0.05886       
1.38880       0.05891       
1.39368       -0.03060      
1.39857       -0.05815      
1.40346       0.00077       
1.40834       -0.00458      
1.41323       -0.05979      
1.41812       0.02945       
1.42300       -0.02948      
1.42789       -0.04720      
1.43278       0.03647       
1.43766       -0.03032      
1.44255       -0.12305      
1.44744       -0.07438      
1.45232       -0.02915      
1.45721       -0.01426      
1.46210       -0.05948      
1.46698       -0.09214      
1.47187       -0.05409      
1.47676       0.02587       
1.48164       -0.11560      
1.48653       -0.16935      
1.49142       -0.06111      
1.49630       -0.02301      
1.50119       -0.02006      
1.50608       -0.01983      
1.51096       -0.01960      
1.51585       -0.01937      
1.52074       -0.01915      
1.52562       -0.01893      
1.53051       -0.01871      
1.53539       -0.01850      
1.54028       -0.01829      
1.54517       -0.01808      
1.55005       -0.01788      
1.55494       -0.01767      
1.55983       -0.01748      
1.56471       -0.01728      
1.56960       -0.01709      
1.57449       -0.01690      
1.57937       -0.01671      
1.58426       -0.01652      
1.58915       -0.01634      
1.59403       -0.01616      
1.59892       -0.01598      
1.60381       -0.01581      
1.60869       -0.01564      
1.61358       -0.01547      
1.61847       -0.01530      
1.62335       -0.01513      
1.62824       -0.01497      
1.63313       -0.01481      
1.63801       -0.01465      
1.64290       -0.01449      
1.64779       -0.01434      
1.65267       -0.01419      
1.65756       -0.01403      
1.66245       -0.01389      
1.66733       -0.01374      
1.67222       -0.01359      
1.67711       -0.01345      
1.68199       -0.01331      
1.68688       -0.01317      
1.69177       -0.01303      
1.69665       -0.01290      
1.70154       -0.01277      
1.70643       -0.01263      
1.71131       -0.01250      
1.71620       -0.01238      
1.72109       -0.01225      
1.72597       -0.01212      
1.73086       -0.01200      
1.73575       -0.01188      
1.74063       -0.01176      
1.74552       -0.01164      
1.75041       -0.01152      
1.75529       -0.01140      
1.76018       -0.01129      
1.76507       -0.01118      
1.76995       -0.01107      
1.77484       -0.01096      
1.77973       -0.01085      
1.78461       -0.01074      
1.78950       -0.01063      
1.79439       -0.01053      
1.79927       -0.01042      
1.80416       -0.01032      
1.80904       -0.01022      
1.81393       -0.01012      
1.81882       -0.01002      
1.82370       -0.00993      
1.82859       -0.00983      
1.83348       -0.00973      
1.83836       -0.00964      
1.84325       -0.00955      
1.84814       -0.00946      
1.85302       -0.00937      
1.85791       -0.00928      
1.86280       -0.00919      
1.86768       -0.00910      
1.87257       -0.00901      
1.87746       -0.00893      
1.88234       -0.00884      
1.88723       -0.00876      
1.89212       -0.00868      
1.89700       -0.00860      
1.90189       -0.00852      
1.90678       -0.00844      
1.91166       -0.00836      
1.91655       -0.00828      
1.92144       -0.00820      
1.92632       -0.00813      
1.93121       -0.00805      
1.93610       -0.00798      
1.94098       -0.00791      
1.94587       -0.00783      
1.95076       -0.00776      
1.95564       -0.00769      
1.96053       -0.00762      
1.96542       -0.00755      
1.97030       -0.00748      
1.97519       -0.00742      
1.98008       -0.00735      
1.98496       -0.00728      
1.98985       -0.00722      
1.99474       -0.00715      
1.99962       -0.00709      
2.00451       -0.00703      
2.00940       -0.00696      
2.01428       -0.00690      
2.01917       -0.00684      
2.02406       -0.00678      
2.02894       -0.00672      
2.03383       -0.00666      
2.03872       -0.00660      
2.04360       -0.00654      
2.04849       -0.00649      
2.05338       -0.00643      
2.05826       -0.00638      
2.06315       -0.00632      
2.06804       -0.00626      
2.07292       -0.00621      
2.07781       -0.00616      
2.08270       -0.00610      
2.08758       -0.00605      
2.09247       -0.00600      
2.09735       -0.00595      
2.10224       -0.00590      
2.10713       -0.00585      
2.11201       -0.00580      
2.11690       -0.00575      
2.12179       -0.00570      
2.12667       -0.00565      
2.13156       -0.00560      
2.13645       -0.00556      
2.14133       -0.00551      
2.14622       -0.00546      
2.15111       -0.00542      
2.15599       -0.00537      
2.16088       -0.00533      
2.16577       -0.00528      
2.17065       -0.00524      
2.17554       -0.00520      
2.18043       -0.00515      
2.18531       -0.00511      
2.19020       -0.00507      
2.19509       -0.00503      
2.19997       -0.00499      
2.20486       -0.00495      
2.20975       -0.00490      
2.21463       -0.00486      
2.21952       -0.00483      
2.22441       -0.00479      
2.22929       -0.00475      
2.23418       -0.00471      
2.23907       -0.00467      
2.24395       -0.00463      
2.24884       -0.00460      
2.25373       -0.00456      
2.25861       -0.00452      
2.26350       -0.00449      
2.26839       -0.00445      
2.27327       -0.00441      
2.27816       -0.00438      
2.28305       -0.00435      
2.28793       -0.00431      
2.29282       -0.00428      
2.29771       -0.00424      
2.30259       -0.00421      
2.30748       -0.00418      
2.31237       -0.00414      
2.31725       -0.00411      
2.32214       -0.00408      
2.32703       -0.00405      
2.33191       -0.00402      
2.33680       -0.00398      
2.34169       -0.00395      
2.34657       -0.00392      
2.35146       -0.00389      
2.35635       -0.00386      
2.36123       -0.00383      
2.36612       -0.00380      
2.37100       -0.00377      
2.37589       -0.00375      
2.38078       -0.00372      
2.38566       -0.00369      
2.39055       -0.00366      
2.39544       -0.00363      
2.40032       -0.00360      
2.40521       -0.00358      
2.41010       -0.00355      
2.41498       -0.00352      
2.41987       -0.00350      
2.42476       -0.00347      
2.42964       -0.00344      
2.43453       -0.00342      
2.43942       -0.00339      
2.44430       -0.00337      
2.44919       -0.00334      
2.45408       -0.00332      
2.45896       -0.00329      
2.46385       -0.00327      
2.46874       -0.00324      
2.47362       -0.00322      
2.47851       -0.00320      
2.48340       -0.00317      
2.48828       -0.00315      
2.49317       -0.00313      
2.49806       -0.00310      
2.50294       -0.00308      
2.50783       -0.00306      
2.51272       -0.00304      
2.51760       -0.00301      
2.52249       -0.00299      
2.52738       -0.00297      
2.53226       -0.00295      
2.53715       -0.00293      
2.54204       -0.00291      
2.54692       -0.00289      
2.55181       -0.00286      
2.55670       -0.00284      
2.56158       -0.00282      
2.56647       -0.00280      
2.57136       -0.00278      
2.57624       -0.00276      
2.58113       -0.00274      
2.58602       -0.00272      
2.59090       -0.00271      
2.59579       -0.00269      
2.60068       -0.00267      
2.60556       -0.00265      
2.61045       -0.00263      
2.61534       -0.00261      
2.62022       -0.00259      
2.62511       -0.00257      
2.63000       -0.00256      
2.63488       -0.00254      
2.63977       -0.00252      
2.64465       -0.00250      
2.64954       -0.00249      
2.65443       -0.00247      
2.65931       -0.00245      
2.66420       -0.00243      
2.66909       -0.00242      
2.67397       -0.00240      
2.67886       -0.00238      
2.68375       -0.00237      
2.68863       -0.00235      
2.69352       -0.00234      
2.69841       -0.00232      
2.70329       -0.00230      
2.70818       -0.00229      
2.71307       -0.00227      
2.71795       -0.00226      
2.72284       -0.00224      
2.72773       -0.00223      
2.73261       -0.00221      
2.73750       -0.00220      
2.74239       -0.00218      
2.74727       -0.00217      
2.75216       -0.00215      
2.75705       -0.00214      
2.76193       -0.00212      
2.76682       -0.00211      
2.77171       -0.00209      
2.77659       -0.00208      
2.78148       -0.00207      
2.78637       -0.00205      
2.79125       -0.00204      
2.79614       -0.00203      
2.80103       -0.00201      
2.80591       -0.00200      
2.81080       -0.00199      
2.81569       -0.00197      
2.82057       -0.00196      
2.82546       -0.00195      
2.83035       -0.00193      
2.83523       -0.00192      
2.84012       -0.00191      
2.84501       -0.00190      
2.84989       -0.00188      
2.85478       -0.00187      
2.85967       -0.00186      
2.86455       -0.00185      
2.86944       -0.00183      
2.87433       -0.00182      
2.87921       -0.00181      
2.88410       -0.00180      
2.88899       -0.00179      
2.89387       -0.00178      
2.89876       -0.00176      
2.90365       -0.00175      
2.90853       -0.00174      
2.91342       -0.00173      
2.91830       -0.00172      
2.92319       -0.00171      
2.92808       -0.00170      
2.93296       -0.00169      
2.93785       -0.00168      
2.94274       -0.00167      
2.94762       -0.00166      
2.95251       -0.00164      
2.95740       -0.00163      
2.96228       -0.00162      
2.96717       -0.00161      
2.97206       -0.00160      
2.97694       -0.00159      
2.98183       -0.00158      
2.98672       -0.00157      
2.99160       -0.00156      
2.99649       -0.00155      
3.00138       -0.00154      
3.00626       -0.00153      
3.01115       -0.00153      
3.01604       -0.00152      
3.02092       -0.00151      
3.02581       -0.00150      
3.03070       -0.00149      
3.03558       -0.00148      
3.04047       -0.00147      
3.04536       -0.00146      
3.05024       -0.00145      
3.05513       -0.00144      
3.06002       -0.00143      
3.06490       -0.00142      
3.06979       -0.00142      
3.07468       -0.00141      
3.07956       -0.00140      
3.08445       -0.00139      
3.08934       -0.00138      
3.09422       -0.00137      
3.09911       -0.00136      
3.10400       -0.00136      
3.10888       -0.00135      
3.11377       -0.00134      
3.11866       -0.00133      
3.12354       -0.00132      
3.12843       -0.00132      
3.13332       -0.00131      
3.13820       -0.00130      
3.14309       -0.00129      
3.14798       -0.00128      
3.15286       -0.00128      
3.15775       -0.00127      
3.16264       -0.00126      
3.16752       -0.00125      
3.17241       -0.00125      
3.17730       -0.00124      
3.18218       -0.00123      
3.18707       -0.00122      
3.19196       -0.00122      
3.19684       -0.00121      
3.20173       -0.00120      
3.20661       -0.00120      
3.21150       -0.00119      
3.21639       -0.00118      
3.22127       -0.00117      
3.22616       -0.00117      
3.23105       -0.00116      
3.23593       -0.00115      
3.24082       -0.00115      
3.24571       -0.00114      
3.25059       -0.00113      
3.25548       -0.00113      
3.26037       -0.00112      
3.26525       -0.00111      
3.27014       -0.00111      
3.27503       -0.00110      
3.27991       -0.00109      
3.28480       -0.00109      
3.28969       -0.00108      
3.29457       -0.00108      
3.29946       -0.00107      
3.30435       -0.00106      
3.30923       -0.00106      
3.31412       -0.00105      
3.31901       -0.00105      
3.32389       -0.00104      
3.32878       -0.00103      
3.33367       -0.00103      
3.33855       -0.00102      
3.34344       -0.00102      
3.34833       -0.00101      
3.35321       -0.00100      
3.35810       -0.00100      
3.36299       -0.00099      
3.36787       -0.00099      
3.37276       -0.00098      
3.37765       -0.00098      
3.38253       -0.00097      
3.38742       -0.00097      
3.39231       -0.00096      
3.39719       -0.00095      
3.40208       -0.00095      
3.40697       -0.00094      
3.41185       -0.00094      
3.41674       -0.00093      
3.42163       -0.00093      
3.42651       -0.00092      
3.43140       -0.00092      
3.43629       -0.00091      
3.44117       -0.00091      
3.44606       -0.00090      
3.45095       -0.00090      
3.45583       -0.00089      
3.46072       -0.00089      
3.46561       -0.00088      
3.47049       -0.00088      
3.47538       -0.00087      
3.48026       -0.00087      
3.48515       -0.00086      
3.49004       -0.00086      
3.49492       -0.00085      
3.49981       -0.00085      
3.50470       -0.00084      
3.50958       -0.00084      
3.51447       -0.00084      
3.51936       -0.00083      
3.52424       -0.00083      
3.52913       -0.00082      
3.53402       -0.00082      
3.53890       -0.00081      
3.54379       -0.00081      
3.54868       -0.00080      
3.55356       -0.00080      
3.55845       -0.00080      
3.56334       -0.00079      
3.56822       -0.00079      
3.57311       -0.00078      
3.57800       -0.00078      
3.58288       -0.00077      
3.58777       -0.00077      
3.59266       -0.00077      
3.59754       -0.00076      
3.60243       -0.00076      
3.60732       -0.00075      
3.61220       -0.00075      
3.61709       -0.00075      
3.62198       -0.00074      
3.62686       -0.00074      
3.63175       -0.00073      
3.63664       -0.00073      
3.64152       -0.00073      
3.64641       -0.00072      
3.65130       -0.00072      
3.65618       -0.00071      
3.66107       -0.00071      
3.66596       -0.00071      
3.67084       -0.00070      
3.67573       -0.00070      
3.68062       -0.00070      
3.68550       -0.00069      
3.69039       -0.00069      
3.69528       -0.00069      
3.70016       -0.00068      
3.70505       -0.00068      
3.70994       -0.00067      
3.71482       -0.00067      
3.71971       -0.00067      
3.72460       -0.00066      
3.72948       -0.00066      
3.73437       -0.00066      
3.73926       -0.00065      
3.74414       -0.00065      
3.74903       -0.00065      
3.75391       -0.00064      
3.75880       -0.00064      
3.76369       -0.00064      
3.76857       -0.00063      
3.77346       -0.00063      
3.77835       -0.00063      
3.78323       -0.00062      
3.78812       -0.00062      
3.79301       -0.00062      
3.79789       -0.00061      
3.80278       -0.00061      
3.80767       -0.00061      
3.81255       -0.00060      
3.81744       -0.00060      
3.82233       -0.00060      
3.82721       -0.00060      
3.83210       -0.00059      
3.83699       -0.00059      
3.84187       -0.00059      
3.84676       -0.00058      
3.85165       -0.00058      
3.85653       -0.00058      
3.86142       -0.00057      
3.86631       -0.00057      
3.87119       -0.00057      
3.87608       -0.00057      
3.88097       -0.00056      
3.88585       -0.00056      
3.89074       -0.00056      
3.89563       -0.00056      
3.90051       -0.00055      
3.90540       -0.00055      
3.91029       -0.00055      
3.91517       -0.00054      
3.92006       -0.00054      
3.92495       -0.00054      
3.92983       -0.00054      
3.93472       -0.00053      
3.93961       -0.00053      
3.94449       -0.00053      
3.94938       -0.00053      
3.95427       -0.00052      
3.95915       -0.00052      
3.96404       -0.00052      
3.96893       -0.00052      
3.97381       -0.00051      
3.97870       -0.00051      
3.98359       -0.00051      
3.98847       -0.00051      
3.99336       -0.00050      
3.99825       -0.00050      
4.00313       -0.00050      
4.00802       -0.00050      
4.01291       -0.00049      
4.01779       -0.00049      
4.02268       -0.00049      
4.02757       -0.00049      
4.03245       -0.00048      
4.03734       -0.00048      
4.04222       -0.00048      
4.04711       -0.00048      
4.05200       -0.00047      
4.05688       -0.00047      
4.06177       -0.00047      
4.06666       -0.00047      
4.07154       -0.00046      
4.07643       -0.00046      
4.08132       -0.00046      
4.08620       -0.00046      
4.09109       -0.00046      
4.09598       -0.00045      
4.10086       -0.00045      
4.10575       -0.00045      
4.11064       -0.00045      
4.11552       -0.00045      
4.12041       -0.00044      
4.12530       -0.00044      
4.13018       -0.00044      
4.13507       -0.00044      
4.13996       -0.00043      
4.14484       -0.00043      
4.14973       -0.00043      
4.15462       -0.00043      
4.15950       -0.00043      
4.16439       -0.00042      
4.16928       -0.00042      
4.17416       -0.00042      
4.17905       -0.00042      
4.18394       -0.00042      
4.18882       -0.00041      
4.19371       -0.00041      
4.19860       -0.00041      
4.20348       -0.00041      
4.20837       -0.00041      
4.21326       -0.00040      
4.21814       -0.00040      
4.22303       -0.00040      
4.22792       -0.00040      
4.23280       -0.00040      
4.23769       -0.00040      
4.24258       -0.00039      
4.24746       -0.00039      
4.25235       -0.00039      
4.25724       -0.00039      
4.26212       -0.00039      
4.26701       -0.00038      
4.27190       -0.00038      
4.27678       -0.00038      
4.28167       -0.00038      
4.28656       -0.00038      
4.29144       -0.00038      
4.29633       -0.00037      
4.30122       -0.00037      
4.30610       -0.00037      
4.31099       -0.00037      
4.31587       -0.00037      
4.32076       -0.00037      
4.32565       -0.00036      
4.33053       -0.00036      
4.33542       -0.00036      
4.34031       -0.00036      
4.34519       -0.00036      
4.35008       -0.00036      
4.35497       -0.00035      
4.35985       -0.00035      
4.36474       -0.00035      
4.36963       -0.00035      
4.37451       -0.00035      
4.37940       -0.00035      
4.38429       -0.00034      
4.38917       -0.00034      
4.39406       -0.00034      
4.39895       -0.00034      
4.40383       -0.00034      
4.40872       -0.00034      
4.41361       -0.00034      
4.41849       -0.00033      
4.42338       -0.00033      
4.42827       -0.00033      
4.43315       -0.00033      
4.43804       -0.00033      
4.44293       -0.00033      
4.44781       -0.00032      
4.45270       -0.00032      
4.45759       -0.00032      
4.46247       -0.00032      
4.46736       -0.00032      
4.47225       -0.00032      
4.47713       -0.00032      
4.48202       -0.00031      
4.48691       -0.00031      
4.49179       -0.00031      
4.49668       -0.00031      
4.50157       -0.00031      
4.50645       -0.00031      
4.51134       -0.00031      
4.51623       -0.00031      
4.52111       -0.00030      
4.52600       -0.00030      
4.53089       -0.00030      
4.53577       -0.00030      
4.54066       -0.00030      
4.54555       -0.00030      
4.55043       -0.00030      
4.55532       -0.00029      
4.56021       -0.00029      
4.56509       -0.00029      
4.56998       -0.00029      
4.57487       -0.00029      
4.57975       -0.00029      
4.58464       -0.00029      
4.58952       -0.00029      
4.59441       -0.00028      
4.59930       -0.00028      
4.60418       -0.00028      
4.60907       -0.00028      
4.61396       -0.00028      
4.61884       -0.00028      
4.62373       -0.00028      
4.62862       -0.00028      
4.63350       -0.00027      
4.63839       -0.00027      
4.64328       -0.00027      
4.64816       -0.00027      
4.65305       -0.00027      
4.65794       -0.00027      
4.66282       -0.00027      
4.66771       -0.00027      
4.67260       -0.00027      
4.67748       -0.00026      
4.68237       -0.00026      
4.68726       -0.00026      
4.69214       -0.00026      
4.69703       -0.00026      
4.70192       -0.00026      
4.70680       -0.00026      
4.71169       -0.00026      
4.71658       -0.00026      
4.72146       -0.00025      
4.72635       -0.00025      
4.73124       -0.00025      
4.73612       -0.00025      
4.74101       -0.00025      
4.74590       -0.00025      
4.75078       -0.00025      
4.75567       -0.00025      
4.76056       -0.00025      
4.76544       -0.00024      
4.77033       -0.00024      
4.77522       -0.00024      
4.78010       -0.00024      
4.78499       -0.00024      
4.78988       -0.00024      
4.79476       -0.00024      
4.79965       -0.00024      
4.80454       -0.00024      
4.80942       -0.00024      
4.81431       -0.00023      
4.81920       -0.00023      
4.82408       -0.00023      
4.82897       -0.00023      
4.83386       -0.00023      
4.83874       -0.00023      
4.84363       -0.00023      
4.84852       -0.00023      
4.85340       -0.00023      
4.85829       -0.00023      
4.86317       -0.00022      
4.86806       -0.00022      
4.87295       -0.00022      
4.87783       -0.00022      
4.88272       -0.00022      
4.88761       -0.00022      
4.89249       -0.00022      
4.89738       -0.00022      
4.90227       -0.00022      
4.90715       -0.00022      
4.91204       -0.00022      
4.91693       -0.00021      
4.92181       -0.00021      
4.92670       -0.00021      
4.93159       -0.00021      
4.93647       -0.00021      
4.94136       -0.00021      
4.94625       -0.00021      
4.95113       -0.00021      
4.95602       -0.00021      
4.96091       -0.00021      
4.96579       -0.00021      
4.97068       -0.00021      
4.97557       -0.00020      
4.98045       -0.00020      
4.98534       -0.00020      
4.99023       -0.00020      
4.99511       -0.00020      
5.00000       -0.00020      
