0.00100       999999999995992510300160.00000
0.00589       577588570142785.50000
0.01077       409124583286.55658
0.01566       4597878310.74819
0.02055       176670177.17629
0.02543       13652860.54138
0.03032       1657038.31344 
0.03521       275858.29648  
0.04009       58041.91896   
0.04498       14649.61281   
0.04987       4292.46596    
0.05475       1435.65462    
0.05964       547.53800     
0.06453       242.31959     
0.06941       127.00948     
0.07430       79.48197      
0.07919       58.26682      
0.08407       47.71204      
0.08896       41.81607      
0.09385       38.45428      
0.09873       36.57458      
0.10362       34.89031      
0.10851       34.38226      
0.11339       33.27343      
0.11828       33.02861      
0.12317       32.15946      
0.12805       31.58606      
0.13294       31.18868      
0.13783       30.19786      
0.14271       28.18044      
0.14760       24.63561      
0.15248       20.51105      
0.15737       16.58081      
0.16226       12.66060      
0.16714       9.39494       
0.17203       6.02032       
0.17692       3.60137       
0.18180       1.13322       
0.18669       -0.98492      
0.19158       -2.60787      
0.19646       -4.11129      
0.20135       -5.34062      
0.20624       -6.24106      
0.21112       -7.05231      
0.21601       -7.64133      
0.22090       -7.96293      
0.22578       -8.19026      
0.23067       -8.33688      
0.23556       -8.25741      
0.24044       -8.01621      
0.24533       -7.88056      
0.25022       -7.62898      
0.25510       -7.14741      
0.25999       -6.78372      
0.26488       -6.43070      
0.26976       -5.92713      
0.27465       -5.46038      
0.27954       -4.96480      
0.28442       -4.54869      
0.28931       -4.12787      
0.29420       -3.73858      
0.29908       -3.46897      
0.30397       -3.27218      
0.30886       -2.92932      
0.31374       -2.78199      
0.31863       -2.68307      
0.32352       -2.38010      
0.32840       -2.14912      
0.33329       -1.96022      
0.33818       -1.73691      
0.34306       -1.45143      
0.34795       -1.25363      
0.35284       -0.96212      
0.35772       -0.71657      
0.36261       -0.54623      
0.36750       -0.27346      
0.37238       -0.15460      
0.37727       0.02936       
0.38216       0.16955       
0.38704       0.25445       
0.39193       0.25775       
0.39682       0.23405       
0.40170       0.15713       
0.40659       0.09396       
0.41148       0.02857       
0.41636       -0.12770      
0.42125       -0.11467      
0.42613       -0.09713      
0.43102       -0.21050      
0.43591       -0.25394      
0.44079       -0.22645      
0.44568       -0.21481      
0.45057       -0.28163      
0.45545       -0.28486      
0.46034       -0.23758      
0.46523       -0.26895      
0.47011       -0.28842      
0.47500       -0.29146      
0.47989       -0.30185      
0.48477       -0.23014      
0.48966       -0.27459      
0.49455       -0.37749      
0.49943       -0.29487      
0.50432       -0.23463      
0.50921       -0.31797      
0.51409       -0.33896      
0.51898       -0.32600      
0.52387       -0.37831      
0.52875       -0.37277      
0.53364       -0.41176      
0.53853       -0.49212      
0.54341       -0.45936      
0.54830       -0.50600      
0.55319       -0.51081      
0.55807       -0.48006      
0.56296       -0.51697      
0.56785       -0.55032      
0.57273       -0.54423      
0.57762       -0.48736      
0.58251       -0.48796      
0.58739       -0.54994      
0.59228       -0.48584      
0.59717       -0.44379      
0.60205       -0.55712      
0.60694       -0.51435      
0.61183       -0.46152      
0.61671       -0.43197      
0.62160       -0.47594      
0.62649       -0.47482      
0.63137       -0.41905      
0.63626       -0.46185      
0.64115       -0.45473      
0.64603       -0.34989      
0.65092       -0.34182      
0.65581       -0.35752      
0.66069       -0.28573      
0.66558       -0.27833      
0.67047       -0.26998      
0.67535       -0.18320      
0.68024       -0.25143      
0.68513       -0.25692      
0.69001       -0.16246      
0.69490       -0.08619      
0.69978       -0.14344      
0.70467       -0.18956      
0.70956       -0.08052      
0.71444       -0.04224      
0.71933       -0.14937      
0.72422       -0.10803      
0.72910       -0.00571      
0.73399       -0.02735      
0.73888       -0.05705      
0.74376       -0.01469      
0.74865       0.02173       
0.75354       -0.02903      
0.75842       -0.04830      
0.76331       0.01859       
0.76820       0.02419       
0.77308       -0.03995      
0.77797       -0.10536      
0.78286       -0.02403      
0.78774       0.02160       
0.79263       -0.03257      
0.79752       -0.06293      
0.80240       -0.06434      
0.80729       -0.07551      
0.81218       -0.06519      
0.81706       -0.10524      
0.82195       -0.10551      
0.82684       -0.01446      
0.83172       -0.09451      
0.83661       -0.19655      
0.84150       -0.10791      
0.84638       0.01618       
0.85127       -0.15545      
0.85616       -0.15200      
0.86104       -0.14276      
0.86593       -0.20131      
0.87082       -0.15659      
0.87570       -0.16124      
0.88059       -0.14545      
0.88548       -0.14984      
0.89036       -0.20008      
0.89525       -0.19864      
0.90014       -0.14018      
0.90502       -0.10556      
0.90991       -0.15008      
0.91480       -0.20541      
0.91968       -0.19883      
0.92457       -0.17305      
0.92946       -0.14666      
0.93434       -0.13389      
0.93923       -0.16106      
0.94412       -0.20804      
0.94900       -0.20782      
0.95389       -0.10423      
0.95878       -0.08053      
0.96366       -0.22380      
0.96855       -0.25434      
0.97343       -0.10486      
0.97832       -0.09067      
0.98321       -0.15891      
0.98809       -0.12918      
0.99298       -0.12620      
0.99787       -0.16893      
1.00275       -0.13877      
1.00764       -0.11594      
1.01253       -0.09925      
1.01741       -0.13608      
1.02230       -0.14387      
1.02719       -0.10682      
1.03207       -0.12848      
1.03696       -0.15304      
1.04185       -0.11269      
1.04673       -0.06425      
1.05162       -0.07700      
1.05651       -0.11332      
1.06139       -0.11963      
1.06628       -0.08627      
1.07117       -0.08648      
1.07605       -0.13358      
1.08094       -0.07670      
1.08583       -0.04252      
1.09071       -0.12563      
1.09560       -0.13929      
1.10049       -0.11017      
1.10537       -0.08346      
1.11026       -0.06840      
1.11515       -0.07226      
1.12003       -0.04561      
1.12492       -0.06445      
1.12981       -0.09663      
1.13469       -0.05578      
1.13958       -0.01767      
1.14447       -0.05692      
1.14935       -0.10137      
1.15424       -0.07568      
1.15913       -0.04445      
1.16401       -0.07838      
1.16890       -0.10328      
1.17379       -0.09379      
1.17867       -0.09956      
1.18356       -0.12072      
1.18845       -0.11035      
1.19333       -0.10184      
1.19822       -0.11747      
1.20311       -0.11954      
1.20799       -0.06961      
1.21288       -0.05753      
1.21777       -0.13102      
1.22265       -0.10677      
1.22754       -0.06191      
1.23243       -0.06575      
1.23731       -0.06284      
1.24220       -0.05625      
1.24709       -0.10135      
1.25197       -0.11924      
1.25686       -0.08265      
1.26174       -0.07741      
1.26663       -0.10009      
1.27152       -0.11171      
1.27640       -0.10527      
1.28129       -0.08326      
1.28618       -0.05223      
1.29106       -0.03728      
1.29595       -0.03755      
1.30084       -0.04605      
1.30572       -0.03619      
1.31061       -0.03272      
1.31550       -0.05380      
1.32038       -0.10458      
1.32527       -0.12474      
1.33016       -0.07061      
1.33504       -0.06141      
1.33993       -0.10163      
1.34482       -0.10051      
1.34970       -0.08212      
1.35459       -0.05240      
1.35948       -0.03868      
1.36436       -0.05189      
1.36925       -0.01819      
1.37414       -0.02344      
1.37902       -0.08004      
1.38391       -0.01683      
1.38880       0.04317       
1.39368       -0.15460      
1.39857       0.09356       
1.40346       -0.10712      
1.40834       -0.05153      
1.41323       0.02881       
1.41812       -0.04281      
1.42300       -0.05287      
1.42789       -0.02518      
1.43278       0.00799       
1.43766       -0.02152      
1.44255       -0.09924      
1.44744       -0.07869      
1.45232       -0.02845      
1.45721       -0.03017      
1.46210       -0.07080      
1.46698       -0.07847      
1.47187       -0.03877      
1.47676       -0.01731      
1.48164       -0.01223      
1.48653       0.00704       
1.49142       0.00611       
1.49630       -0.02382      
1.50119       -0.00750      
1.50608       -0.00742      
1.51096       -0.00733      
1.51585       -0.00725      
1.52074       -0.00716      
1.52562       -0.00708      
1.53051       -0.00700      
1.53539       -0.00692      
1.54028       -0.00684      
1.54517       -0.00676      
1.55005       -0.00669      
1.55494       -0.00661      
1.55983       -0.00654      
1.56471       -0.00646      
1.56960       -0.00639      
1.57449       -0.00632      
1.57937       -0.00625      
1.58426       -0.00618      
1.58915       -0.00611      
1.59403       -0.00604      
1.59892       -0.00598      
1.60381       -0.00591      
1.60869       -0.00585      
1.61358       -0.00578      
1.61847       -0.00572      
1.62335       -0.00566      
1.62824       -0.00560      
1.63313       -0.00554      
1.63801       -0.00548      
1.64290       -0.00542      
1.64779       -0.00536      
1.65267       -0.00530      
1.65756       -0.00525      
1.66245       -0.00519      
1.66733       -0.00514      
1.67222       -0.00508      
1.67711       -0.00503      
1.68199       -0.00498      
1.68688       -0.00493      
1.69177       -0.00487      
1.69665       -0.00482      
1.70154       -0.00477      
1.70643       -0.00472      
1.71131       -0.00468      
1.71620       -0.00463      
1.72109       -0.00458      
1.72597       -0.00453      
1.73086       -0.00449      
1.73575       -0.00444      
1.74063       -0.00440      
1.74552       -0.00435      
1.75041       -0.00431      
1.75529       -0.00426      
1.76018       -0.00422      
1.76507       -0.00418      
1.76995       -0.00414      
1.77484       -0.00410      
1.77973       -0.00406      
1.78461       -0.00402      
1.78950       -0.00398      
1.79439       -0.00394      
1.79927       -0.00390      
1.80416       -0.00386      
1.80904       -0.00382      
1.81393       -0.00378      
1.81882       -0.00375      
1.82370       -0.00371      
1.82859       -0.00367      
1.83348       -0.00364      
1.83836       -0.00360      
1.84325       -0.00357      
1.84814       -0.00354      
1.85302       -0.00350      
1.85791       -0.00347      
1.86280       -0.00343      
1.86768       -0.00340      
1.87257       -0.00337      
1.87746       -0.00334      
1.88234       -0.00331      
1.88723       -0.00328      
1.89212       -0.00324      
1.89700       -0.00321      
1.90189       -0.00318      
1.90678       -0.00315      
1.91166       -0.00312      
1.91655       -0.00310      
1.92144       -0.00307      
1.92632       -0.00304      
1.93121       -0.00301      
1.93610       -0.00298      
1.94098       -0.00296      
1.94587       -0.00293      
1.95076       -0.00290      
1.95564       -0.00288      
1.96053       -0.00285      
1.96542       -0.00282      
1.97030       -0.00280      
1.97519       -0.00277      
1.98008       -0.00275      
1.98496       -0.00272      
1.98985       -0.00270      
1.99474       -0.00267      
1.99962       -0.00265      
2.00451       -0.00263      
2.00940       -0.00260      
2.01428       -0.00258      
2.01917       -0.00256      
2.02406       -0.00253      
2.02894       -0.00251      
2.03383       -0.00249      
2.03872       -0.00247      
2.04360       -0.00245      
2.04849       -0.00243      
2.05338       -0.00240      
2.05826       -0.00238      
2.06315       -0.00236      
2.06804       -0.00234      
2.07292       -0.00232      
2.07781       -0.00230      
2.08270       -0.00228      
2.08758       -0.00226      
2.09247       -0.00224      
2.09735       -0.00222      
2.10224       -0.00220      
2.10713       -0.00219      
2.11201       -0.00217      
2.11690       -0.00215      
2.12179       -0.00213      
2.12667       -0.00211      
2.13156       -0.00209      
2.13645       -0.00208      
2.14133       -0.00206      
2.14622       -0.00204      
2.15111       -0.00203      
2.15599       -0.00201      
2.16088       -0.00199      
2.16577       -0.00197      
2.17065       -0.00196      
2.17554       -0.00194      
2.18043       -0.00193      
2.18531       -0.00191      
2.19020       -0.00189      
2.19509       -0.00188      
2.19997       -0.00186      
2.20486       -0.00185      
2.20975       -0.00183      
2.21463       -0.00182      
2.21952       -0.00180      
2.22441       -0.00179      
2.22929       -0.00177      
2.23418       -0.00176      
2.23907       -0.00175      
2.24395       -0.00173      
2.24884       -0.00172      
2.25373       -0.00170      
2.25861       -0.00169      
2.26350       -0.00168      
2.26839       -0.00166      
2.27327       -0.00165      
2.27816       -0.00164      
2.28305       -0.00162      
2.28793       -0.00161      
2.29282       -0.00160      
2.29771       -0.00159      
2.30259       -0.00157      
2.30748       -0.00156      
2.31237       -0.00155      
2.31725       -0.00154      
2.32214       -0.00152      
2.32703       -0.00151      
2.33191       -0.00150      
2.33680       -0.00149      
2.34169       -0.00148      
2.34657       -0.00147      
2.35146       -0.00145      
2.35635       -0.00144      
2.36123       -0.00143      
2.36612       -0.00142      
2.37100       -0.00141      
2.37589       -0.00140      
2.38078       -0.00139      
2.38566       -0.00138      
2.39055       -0.00137      
2.39544       -0.00136      
2.40032       -0.00135      
2.40521       -0.00134      
2.41010       -0.00133      
2.41498       -0.00132      
2.41987       -0.00131      
2.42476       -0.00130      
2.42964       -0.00129      
2.43453       -0.00128      
2.43942       -0.00127      
2.44430       -0.00126      
2.44919       -0.00125      
2.45408       -0.00124      
2.45896       -0.00123      
2.46385       -0.00122      
2.46874       -0.00121      
2.47362       -0.00120      
2.47851       -0.00119      
2.48340       -0.00119      
2.48828       -0.00118      
2.49317       -0.00117      
2.49806       -0.00116      
2.50294       -0.00115      
2.50783       -0.00114      
2.51272       -0.00113      
2.51760       -0.00113      
2.52249       -0.00112      
2.52738       -0.00111      
2.53226       -0.00110      
2.53715       -0.00109      
2.54204       -0.00109      
2.54692       -0.00108      
2.55181       -0.00107      
2.55670       -0.00106      
2.56158       -0.00106      
2.56647       -0.00105      
2.57136       -0.00104      
2.57624       -0.00103      
2.58113       -0.00103      
2.58602       -0.00102      
2.59090       -0.00101      
2.59579       -0.00100      
2.60068       -0.00100      
2.60556       -0.00099      
2.61045       -0.00098      
2.61534       -0.00098      
2.62022       -0.00097      
2.62511       -0.00096      
2.63000       -0.00096      
2.63488       -0.00095      
2.63977       -0.00094      
2.64465       -0.00094      
2.64954       -0.00093      
2.65443       -0.00092      
2.65931       -0.00092      
2.66420       -0.00091      
2.66909       -0.00090      
2.67397       -0.00090      
2.67886       -0.00089      
2.68375       -0.00088      
2.68863       -0.00088      
2.69352       -0.00087      
2.69841       -0.00087      
2.70329       -0.00086      
2.70818       -0.00085      
2.71307       -0.00085      
2.71795       -0.00084      
2.72284       -0.00084      
2.72773       -0.00083      
2.73261       -0.00083      
2.73750       -0.00082      
2.74239       -0.00081      
2.74727       -0.00081      
2.75216       -0.00080      
2.75705       -0.00080      
2.76193       -0.00079      
2.76682       -0.00079      
2.77171       -0.00078      
2.77659       -0.00078      
2.78148       -0.00077      
2.78637       -0.00077      
2.79125       -0.00076      
2.79614       -0.00076      
2.80103       -0.00075      
2.80591       -0.00075      
2.81080       -0.00074      
2.81569       -0.00074      
2.82057       -0.00073      
2.82546       -0.00073      
2.83035       -0.00072      
2.83523       -0.00072      
2.84012       -0.00071      
2.84501       -0.00071      
2.84989       -0.00070      
2.85478       -0.00070      
2.85967       -0.00069      
2.86455       -0.00069      
2.86944       -0.00069      
2.87433       -0.00068      
2.87921       -0.00068      
2.88410       -0.00067      
2.88899       -0.00067      
2.89387       -0.00066      
2.89876       -0.00066      
2.90365       -0.00066      
2.90853       -0.00065      
2.91342       -0.00065      
2.91830       -0.00064      
2.92319       -0.00064      
2.92808       -0.00063      
2.93296       -0.00063      
2.93785       -0.00063      
2.94274       -0.00062      
2.94762       -0.00062      
2.95251       -0.00061      
2.95740       -0.00061      
2.96228       -0.00061      
2.96717       -0.00060      
2.97206       -0.00060      
2.97694       -0.00060      
2.98183       -0.00059      
2.98672       -0.00059      
2.99160       -0.00058      
2.99649       -0.00058      
3.00138       -0.00058      
3.00626       -0.00057      
3.01115       -0.00057      
3.01604       -0.00057      
3.02092       -0.00056      
3.02581       -0.00056      
3.03070       -0.00056      
3.03558       -0.00055      
3.04047       -0.00055      
3.04536       -0.00055      
3.05024       -0.00054      
3.05513       -0.00054      
3.06002       -0.00054      
3.06490       -0.00053      
3.06979       -0.00053      
3.07468       -0.00053      
3.07956       -0.00052      
3.08445       -0.00052      
3.08934       -0.00052      
3.09422       -0.00051      
3.09911       -0.00051      
3.10400       -0.00051      
3.10888       -0.00050      
3.11377       -0.00050      
3.11866       -0.00050      
3.12354       -0.00049      
3.12843       -0.00049      
3.13332       -0.00049      
3.13820       -0.00049      
3.14309       -0.00048      
3.14798       -0.00048      
3.15286       -0.00048      
3.15775       -0.00047      
3.16264       -0.00047      
3.16752       -0.00047      
3.17241       -0.00047      
3.17730       -0.00046      
3.18218       -0.00046      
3.18707       -0.00046      
3.19196       -0.00045      
3.19684       -0.00045      
3.20173       -0.00045      
3.20661       -0.00045      
3.21150       -0.00044      
3.21639       -0.00044      
3.22127       -0.00044      
3.22616       -0.00044      
3.23105       -0.00043      
3.23593       -0.00043      
3.24082       -0.00043      
3.24571       -0.00043      
3.25059       -0.00042      
3.25548       -0.00042      
3.26037       -0.00042      
3.26525       -0.00042      
3.27014       -0.00041      
3.27503       -0.00041      
3.27991       -0.00041      
3.28480       -0.00041      
3.28969       -0.00040      
3.29457       -0.00040      
3.29946       -0.00040      
3.30435       -0.00040      
3.30923       -0.00040      
3.31412       -0.00039      
3.31901       -0.00039      
3.32389       -0.00039      
3.32878       -0.00039      
3.33367       -0.00038      
3.33855       -0.00038      
3.34344       -0.00038      
3.34833       -0.00038      
3.35321       -0.00038      
3.35810       -0.00037      
3.36299       -0.00037      
3.36787       -0.00037      
3.37276       -0.00037      
3.37765       -0.00036      
3.38253       -0.00036      
3.38742       -0.00036      
3.39231       -0.00036      
3.39719       -0.00036      
3.40208       -0.00035      
3.40697       -0.00035      
3.41185       -0.00035      
3.41674       -0.00035      
3.42163       -0.00035      
3.42651       -0.00034      
3.43140       -0.00034      
3.43629       -0.00034      
3.44117       -0.00034      
3.44606       -0.00034      
3.45095       -0.00034      
3.45583       -0.00033      
3.46072       -0.00033      
3.46561       -0.00033      
3.47049       -0.00033      
3.47538       -0.00033      
3.48026       -0.00032      
3.48515       -0.00032      
3.49004       -0.00032      
3.49492       -0.00032      
3.49981       -0.00032      
3.50470       -0.00032      
3.50958       -0.00031      
3.51447       -0.00031      
3.51936       -0.00031      
3.52424       -0.00031      
3.52913       -0.00031      
3.53402       -0.00031      
3.53890       -0.00030      
3.54379       -0.00030      
3.54868       -0.00030      
3.55356       -0.00030      
3.55845       -0.00030      
3.56334       -0.00030      
3.56822       -0.00029      
3.57311       -0.00029      
3.57800       -0.00029      
3.58288       -0.00029      
3.58777       -0.00029      
3.59266       -0.00029      
3.59754       -0.00028      
3.60243       -0.00028      
3.60732       -0.00028      
3.61220       -0.00028      
3.61709       -0.00028      
3.62198       -0.00028      
3.62686       -0.00028      
3.63175       -0.00027      
3.63664       -0.00027      
3.64152       -0.00027      
3.64641       -0.00027      
3.65130       -0.00027      
3.65618       -0.00027      
3.66107       -0.00027      
3.66596       -0.00026      
3.67084       -0.00026      
3.67573       -0.00026      
3.68062       -0.00026      
3.68550       -0.00026      
3.69039       -0.00026      
3.69528       -0.00026      
3.70016       -0.00025      
3.70505       -0.00025      
3.70994       -0.00025      
3.71482       -0.00025      
3.71971       -0.00025      
3.72460       -0.00025      
3.72948       -0.00025      
3.73437       -0.00025      
3.73926       -0.00024      
3.74414       -0.00024      
3.74903       -0.00024      
3.75391       -0.00024      
3.75880       -0.00024      
3.76369       -0.00024      
3.76857       -0.00024      
3.77346       -0.00024      
3.77835       -0.00023      
3.78323       -0.00023      
3.78812       -0.00023      
3.79301       -0.00023      
3.79789       -0.00023      
3.80278       -0.00023      
3.80767       -0.00023      
3.81255       -0.00023      
3.81744       -0.00022      
3.82233       -0.00022      
3.82721       -0.00022      
3.83210       -0.00022      
3.83699       -0.00022      
3.84187       -0.00022      
3.84676       -0.00022      
3.85165       -0.00022      
3.85653       -0.00022      
3.86142       -0.00021      
3.86631       -0.00021      
3.87119       -0.00021      
3.87608       -0.00021      
3.88097       -0.00021      
3.88585       -0.00021      
3.89074       -0.00021      
3.89563       -0.00021      
3.90051       -0.00021      
3.90540       -0.00021      
3.91029       -0.00020      
3.91517       -0.00020      
3.92006       -0.00020      
3.92495       -0.00020      
3.92983       -0.00020      
3.93472       -0.00020      
3.93961       -0.00020      
3.94449       -0.00020      
3.94938       -0.00020      
3.95427       -0.00020      
3.95915       -0.00019      
3.96404       -0.00019      
3.96893       -0.00019      
3.97381       -0.00019      
3.97870       -0.00019      
3.98359       -0.00019      
3.98847       -0.00019      
3.99336       -0.00019      
3.99825       -0.00019      
4.00313       -0.00019      
4.00802       -0.00018      
4.01291       -0.00018      
4.01779       -0.00018      
4.02268       -0.00018      
4.02757       -0.00018      
4.03245       -0.00018      
4.03734       -0.00018      
4.04222       -0.00018      
4.04711       -0.00018      
4.05200       -0.00018      
4.05688       -0.00018      
4.06177       -0.00018      
4.06666       -0.00017      
4.07154       -0.00017      
4.07643       -0.00017      
4.08132       -0.00017      
4.08620       -0.00017      
4.09109       -0.00017      
4.09598       -0.00017      
4.10086       -0.00017      
4.10575       -0.00017      
4.11064       -0.00017      
4.11552       -0.00017      
4.12041       -0.00017      
4.12530       -0.00016      
4.13018       -0.00016      
4.13507       -0.00016      
4.13996       -0.00016      
4.14484       -0.00016      
4.14973       -0.00016      
4.15462       -0.00016      
4.15950       -0.00016      
4.16439       -0.00016      
4.16928       -0.00016      
4.17416       -0.00016      
4.17905       -0.00016      
4.18394       -0.00016      
4.18882       -0.00015      
4.19371       -0.00015      
4.19860       -0.00015      
4.20348       -0.00015      
4.20837       -0.00015      
4.21326       -0.00015      
4.21814       -0.00015      
4.22303       -0.00015      
4.22792       -0.00015      
4.23280       -0.00015      
4.23769       -0.00015      
4.24258       -0.00015      
4.24746       -0.00015      
4.25235       -0.00015      
4.25724       -0.00014      
4.26212       -0.00014      
4.26701       -0.00014      
4.27190       -0.00014      
4.27678       -0.00014      
4.28167       -0.00014      
4.28656       -0.00014      
4.29144       -0.00014      
4.29633       -0.00014      
4.30122       -0.00014      
4.30610       -0.00014      
4.31099       -0.00014      
4.31587       -0.00014      
4.32076       -0.00014      
4.32565       -0.00014      
4.33053       -0.00014      
4.33542       -0.00013      
4.34031       -0.00013      
4.34519       -0.00013      
4.35008       -0.00013      
4.35497       -0.00013      
4.35985       -0.00013      
4.36474       -0.00013      
4.36963       -0.00013      
4.37451       -0.00013      
4.37940       -0.00013      
4.38429       -0.00013      
4.38917       -0.00013      
4.39406       -0.00013      
4.39895       -0.00013      
4.40383       -0.00013      
4.40872       -0.00013      
4.41361       -0.00013      
4.41849       -0.00012      
4.42338       -0.00012      
4.42827       -0.00012      
4.43315       -0.00012      
4.43804       -0.00012      
4.44293       -0.00012      
4.44781       -0.00012      
4.45270       -0.00012      
4.45759       -0.00012      
4.46247       -0.00012      
4.46736       -0.00012      
4.47225       -0.00012      
4.47713       -0.00012      
4.48202       -0.00012      
4.48691       -0.00012      
4.49179       -0.00012      
4.49668       -0.00012      
4.50157       -0.00012      
4.50645       -0.00011      
4.51134       -0.00011      
4.51623       -0.00011      
4.52111       -0.00011      
4.52600       -0.00011      
4.53089       -0.00011      
4.53577       -0.00011      
4.54066       -0.00011      
4.54555       -0.00011      
4.55043       -0.00011      
4.55532       -0.00011      
4.56021       -0.00011      
4.56509       -0.00011      
4.56998       -0.00011      
4.57487       -0.00011      
4.57975       -0.00011      
4.58464       -0.00011      
4.58952       -0.00011      
4.59441       -0.00011      
4.59930       -0.00011      
4.60418       -0.00011      
4.60907       -0.00010      
4.61396       -0.00010      
4.61884       -0.00010      
4.62373       -0.00010      
4.62862       -0.00010      
4.63350       -0.00010      
4.63839       -0.00010      
4.64328       -0.00010      
4.64816       -0.00010      
4.65305       -0.00010      
4.65794       -0.00010      
4.66282       -0.00010      
4.66771       -0.00010      
4.67260       -0.00010      
4.67748       -0.00010      
4.68237       -0.00010      
4.68726       -0.00010      
4.69214       -0.00010      
4.69703       -0.00010      
4.70192       -0.00010      
4.70680       -0.00010      
4.71169       -0.00010      
4.71658       -0.00010      
4.72146       -0.00009      
4.72635       -0.00009      
4.73124       -0.00009      
4.73612       -0.00009      
4.74101       -0.00009      
4.74590       -0.00009      
4.75078       -0.00009      
4.75567       -0.00009      
4.76056       -0.00009      
4.76544       -0.00009      
4.77033       -0.00009      
4.77522       -0.00009      
4.78010       -0.00009      
4.78499       -0.00009      
4.78988       -0.00009      
4.79476       -0.00009      
4.79965       -0.00009      
4.80454       -0.00009      
4.80942       -0.00009      
4.81431       -0.00009      
4.81920       -0.00009      
4.82408       -0.00009      
4.82897       -0.00009      
4.83386       -0.00009      
4.83874       -0.00009      
4.84363       -0.00009      
4.84852       -0.00009      
4.85340       -0.00008      
4.85829       -0.00008      
4.86317       -0.00008      
4.86806       -0.00008      
4.87295       -0.00008      
4.87783       -0.00008      
4.88272       -0.00008      
4.88761       -0.00008      
4.89249       -0.00008      
4.89738       -0.00008      
4.90227       -0.00008      
4.90715       -0.00008      
4.91204       -0.00008      
4.91693       -0.00008      
4.92181       -0.00008      
4.92670       -0.00008      
4.93159       -0.00008      
4.93647       -0.00008      
4.94136       -0.00008      
4.94625       -0.00008      
4.95113       -0.00008      
4.95602       -0.00008      
4.96091       -0.00008      
4.96579       -0.00008      
4.97068       -0.00008      
4.97557       -0.00008      
4.98045       -0.00008      
4.98534       -0.00008      
4.99023       -0.00008      
4.99511       -0.00008      
5.00000       -0.00007      
