0.00100       999999999995992510300160.00000
0.00589       577588570142764.75000
0.01077       409124583265.81390
0.01566       4597878290.14652
0.02055       176670155.67332
0.02543       13652835.48764
0.03032       1657012.22920 
0.03521       275831.28546  
0.04009       58013.04290   
0.04498       14619.41032   
0.04987       4261.05867    
0.05475       1402.64270    
0.05964       513.51520     
0.06453       206.87269     
0.06941       90.68855      
0.07430       42.37971      
0.07919       20.34422      
0.08407       8.93264       
0.08896       2.45407       
0.09385       -1.52203      
0.09873       -4.62755      
0.10362       -6.07443      
0.10851       -7.19887      
0.11339       -8.47687      
0.11828       -9.38450      
0.12317       -9.85655      
0.12805       -10.39000     
0.13294       -10.97488     
0.13783       -11.18322     
0.14271       -11.28973     
0.14760       -11.53625     
0.15248       -11.57455     
0.15737       -11.61224     
0.16226       -11.60494     
0.16714       -11.89309     
0.17203       -12.04072     
0.17692       -12.21657     
0.18180       -12.57790     
0.18669       -12.76969     
0.19158       -12.92933     
0.19646       -13.36383     
0.20135       -13.67919     
0.20624       -13.74459     
0.21112       -14.26164     
0.21601       -14.57528     
0.22090       -14.92242     
0.22578       -15.32451     
0.23067       -15.48485     
0.23556       -15.63664     
0.24044       -15.92320     
0.24533       -16.22074     
0.25022       -16.58727     
0.25510       -16.96116     
0.25999       -17.21837     
0.26488       -17.32968     
0.26976       -17.43754     
0.27465       -17.52105     
0.27954       -17.23331     
0.28442       -17.12103     
0.28931       -16.97712     
0.29420       -16.65924     
0.29908       -16.45596     
0.30397       -16.12318     
0.30886       -15.71779     
0.31374       -15.63311     
0.31863       -15.10699     
0.32352       -14.67070     
0.32840       -14.46421     
0.33329       -14.10514     
0.33818       -13.73868     
0.34306       -13.56025     
0.34795       -13.54099     
0.35284       -13.48468     
0.35772       -13.55718     
0.36261       -13.74588     
0.36750       -13.87120     
0.37238       -13.97026     
0.37727       -14.09727     
0.38216       -14.13959     
0.38704       -14.01386     
0.39193       -14.00557     
0.39682       -14.03731     
0.40170       -13.97246     
0.40659       -13.79581     
0.41148       -13.64807     
0.41636       -13.38107     
0.42125       -13.28257     
0.42613       -12.84361     
0.43102       -12.59878     
0.43591       -12.34355     
0.44079       -12.11170     
0.44568       -11.84708     
0.45057       -11.63707     
0.45545       -11.55742     
0.46034       -11.41112     
0.46523       -11.26572     
0.47011       -11.09628     
0.47500       -10.89754     
0.47989       -10.82549     
0.48477       -10.67677     
0.48966       -10.45513     
0.49455       -10.41207     
0.49943       -10.37435     
0.50432       -10.21642     
0.50921       -10.08128     
0.51409       -10.08349     
0.51898       -10.04382     
0.52387       -9.84279      
0.52875       -9.68652      
0.53364       -9.82794      
0.53853       -9.68689      
0.54341       -9.47904      
0.54830       -9.55438      
0.55319       -9.44520      
0.55807       -9.22559      
0.56296       -9.26462      
0.56785       -9.15654      
0.57273       -9.05690      
0.57762       -9.01265      
0.58251       -8.91663      
0.58739       -8.78117      
0.59228       -8.70755      
0.59717       -8.66856      
0.60205       -8.58801      
0.60694       -8.49726      
0.61183       -8.40177      
0.61671       -8.34076      
0.62160       -8.32687      
0.62649       -8.24676      
0.63137       -8.12786      
0.63626       -8.05797      
0.64115       -8.04827      
0.64603       -7.99183      
0.65092       -7.78506      
0.65581       -7.67438      
0.66069       -7.65316      
0.66558       -7.55874      
0.67047       -7.43749      
0.67535       -7.30886      
0.68024       -7.26508      
0.68513       -7.24376      
0.69001       -7.13540      
0.69490       -7.00312      
0.69978       -6.85292      
0.70467       -6.93906      
0.70956       -6.91388      
0.71444       -6.60766      
0.71933       -6.74084      
0.72422       -6.72993      
0.72910       -6.58809      
0.73399       -6.57852      
0.73888       -6.54365      
0.74376       -6.47390      
0.74865       -6.44134      
0.75354       -6.39889      
0.75842       -6.28946      
0.76331       -6.17875      
0.76820       -6.24424      
0.77308       -6.25053      
0.77797       -6.08763      
0.78286       -6.00090      
0.78774       -6.03798      
0.79263       -6.03921      
0.79752       -5.88875      
0.80240       -5.79566      
0.80729       -5.86713      
0.81218       -5.86620      
0.81706       -5.72977      
0.82195       -5.71315      
0.82684       -5.75470      
0.83172       -5.66904      
0.83661       -5.56994      
0.84150       -5.54502      
0.84638       -5.54705      
0.85127       -5.52927      
0.85616       -5.46461      
0.86104       -5.37808      
0.86593       -5.35756      
0.87082       -5.39460      
0.87570       -5.25327      
0.88059       -5.18172      
0.88548       -5.22919      
0.89036       -5.18650      
0.89525       -5.08313      
0.90014       -5.06768      
0.90502       -5.04350      
0.90991       -5.00494      
0.91480       -4.92936      
0.91968       -4.90867      
0.92457       -5.01264      
0.92946       -4.96342      
0.93434       -4.77457      
0.93923       -4.74900      
0.94412       -4.79715      
0.94900       -4.71428      
0.95389       -4.56095      
0.95878       -4.54667      
0.96366       -4.63630      
0.96855       -4.52263      
0.97343       -4.43281      
0.97832       -4.46038      
0.98321       -4.41679      
0.98809       -4.45178      
0.99298       -4.43854      
0.99787       -4.29385      
1.00275       -4.28595      
1.00764       -4.31502      
1.01253       -4.26281      
1.01741       -4.24015      
1.02230       -4.24532      
1.02719       -4.25613      
1.03207       -4.25476      
1.03696       -4.20268      
1.04185       -4.08384      
1.04673       -4.12764      
1.05162       -4.09350      
1.05651       -3.98902      
1.06139       -4.02791      
1.06628       -3.99856      
1.07117       -3.93040      
1.07605       -3.86817      
1.08094       -3.91600      
1.08583       -3.95612      
1.09071       -3.82043      
1.09560       -3.76563      
1.10049       -3.80283      
1.10537       -3.71527      
1.11026       -3.66695      
1.11515       -3.72933      
1.12003       -3.62415      
1.12492       -3.53694      
1.12981       -3.61573      
1.13469       -3.63490      
1.13958       -3.50202      
1.14447       -3.44345      
1.14935       -3.46267      
1.15424       -3.43459      
1.15913       -3.40931      
1.16401       -3.44317      
1.16890       -3.37042      
1.17379       -3.32176      
1.17867       -3.32485      
1.18356       -3.31503      
1.18845       -3.30615      
1.19333       -3.29010      
1.19822       -3.23282      
1.20311       -3.17834      
1.20799       -3.17940      
1.21288       -3.18698      
1.21777       -3.10298      
1.22265       -3.03568      
1.22754       -3.07088      
1.23243       -3.10707      
1.23731       -3.06062      
1.24220       -3.04609      
1.24709       -3.03546      
1.25197       -2.95997      
1.25686       -2.93964      
1.26174       -2.94239      
1.26663       -2.91886      
1.27152       -2.92543      
1.27640       -2.90268      
1.28129       -2.84271      
1.28618       -2.80299      
1.29106       -2.80758      
1.29595       -2.79923      
1.30084       -2.75430      
1.30572       -2.73862      
1.31061       -2.73995      
1.31550       -2.67608      
1.32038       -2.65491      
1.32527       -2.72406      
1.33016       -2.73049      
1.33504       -2.64850      
1.33993       -2.63353      
1.34482       -2.63550      
1.34970       -2.58242      
1.35459       -2.54110      
1.35948       -2.48440      
1.36436       -2.49492      
1.36925       -2.52422      
1.37414       -2.50038      
1.37902       -2.50684      
1.38391       -2.35741      
1.38880       -2.44134      
1.39368       -2.45518      
1.39857       -2.37480      
1.40346       -2.37516      
1.40834       -2.38836      
1.41323       -2.36207      
1.41812       -2.24864      
1.42300       -2.28453      
1.42789       -2.33400      
1.43278       -2.22545      
1.43766       -2.24217      
1.44255       -2.28987      
1.44744       -2.22705      
1.45232       -2.21280      
1.45721       -2.21935      
1.46210       -2.19658      
1.46698       -2.16298      
1.47187       -2.13040      
1.47676       -2.13891      
1.48164       -2.15103      
1.48653       -2.09961      
1.49142       -2.10294      
1.49630       -2.13195      
1.50119       -2.08394      
1.50608       -2.06914      
1.51096       -2.05445      
1.51585       -2.03987      
1.52074       -2.02539      
1.52562       -2.01101      
1.53051       -1.99674      
1.53539       -1.98257      
1.54028       -1.96851      
1.54517       -1.95454      
1.55005       -1.94068      
1.55494       -1.92692      
1.55983       -1.91325      
1.56471       -1.89969      
1.56960       -1.88622      
1.57449       -1.87285      
1.57937       -1.85957      
1.58426       -1.84640      
1.58915       -1.83331      
1.59403       -1.82032      
1.59892       -1.80743      
1.60381       -1.79463      
1.60869       -1.78192      
1.61358       -1.76930      
1.61847       -1.75677      
1.62335       -1.74433      
1.62824       -1.73199      
1.63313       -1.71973      
1.63801       -1.70756      
1.64290       -1.69548      
1.64779       -1.68348      
1.65267       -1.67157      
1.65756       -1.65975      
1.66245       -1.64801      
1.66733       -1.63635      
1.67222       -1.62478      
1.67711       -1.61330      
1.68199       -1.60189      
1.68688       -1.59057      
1.69177       -1.57933      
1.69665       -1.56817      
1.70154       -1.55708      
1.70643       -1.54608      
1.71131       -1.53516      
1.71620       -1.52432      
1.72109       -1.51355      
1.72597       -1.50286      
1.73086       -1.49225      
1.73575       -1.48172      
1.74063       -1.47126      
1.74552       -1.46087      
1.75041       -1.45056      
1.75529       -1.44032      
1.76018       -1.43016      
1.76507       -1.42007      
1.76995       -1.41005      
1.77484       -1.40011      
1.77973       -1.39023      
1.78461       -1.38043      
1.78950       -1.37069      
1.79439       -1.36103      
1.79927       -1.35143      
1.80416       -1.34191      
1.80904       -1.33245      
1.81393       -1.32306      
1.81882       -1.31374      
1.82370       -1.30448      
1.82859       -1.29529      
1.83348       -1.28616      
1.83836       -1.27711      
1.84325       -1.26811      
1.84814       -1.25918      
1.85302       -1.25031      
1.85791       -1.24151      
1.86280       -1.23277      
1.86768       -1.22409      
1.87257       -1.21548      
1.87746       -1.20692      
1.88234       -1.19843      
1.88723       -1.19000      
1.89212       -1.18163      
1.89700       -1.17331      
1.90189       -1.16506      
1.90678       -1.15687      
1.91166       -1.14873      
1.91655       -1.14065      
1.92144       -1.13263      
1.92632       -1.12467      
1.93121       -1.11677      
1.93610       -1.10892      
1.94098       -1.10112      
1.94587       -1.09339      
1.95076       -1.08570      
1.95564       -1.07808      
1.96053       -1.07050      
1.96542       -1.06298      
1.97030       -1.05552      
1.97519       -1.04810      
1.98008       -1.04074      
1.98496       -1.03344      
1.98985       -1.02618      
1.99474       -1.01898      
1.99962       -1.01182      
2.00451       -1.00472      
2.00940       -0.99767      
2.01428       -0.99067      
2.01917       -0.98372      
2.02406       -0.97682      
2.02894       -0.96997      
2.03383       -0.96316      
2.03872       -0.95641      
2.04360       -0.94970      
2.04849       -0.94304      
2.05338       -0.93643      
2.05826       -0.92986      
2.06315       -0.92334      
2.06804       -0.91687      
2.07292       -0.91045      
2.07781       -0.90406      
2.08270       -0.89773      
2.08758       -0.89144      
2.09247       -0.88519      
2.09735       -0.87899      
2.10224       -0.87284      
2.10713       -0.86672      
2.11201       -0.86065      
2.11690       -0.85462      
2.12179       -0.84864      
2.12667       -0.84270      
2.13156       -0.83680      
2.13645       -0.83094      
2.14133       -0.82513      
2.14622       -0.81935      
2.15111       -0.81362      
2.15599       -0.80792      
2.16088       -0.80227      
2.16577       -0.79666      
2.17065       -0.79109      
2.17554       -0.78555      
2.18043       -0.78006      
2.18531       -0.77460      
2.19020       -0.76919      
2.19509       -0.76381      
2.19997       -0.75847      
2.20486       -0.75317      
2.20975       -0.74790      
2.21463       -0.74267      
2.21952       -0.73748      
2.22441       -0.73233      
2.22929       -0.72721      
2.23418       -0.72213      
2.23907       -0.71709      
2.24395       -0.71208      
2.24884       -0.70710      
2.25373       -0.70216      
2.25861       -0.69726      
2.26350       -0.69239      
2.26839       -0.68756      
2.27327       -0.68276      
2.27816       -0.67799      
2.28305       -0.67326      
2.28793       -0.66856      
2.29282       -0.66389      
2.29771       -0.65926      
2.30259       -0.65466      
2.30748       -0.65009      
2.31237       -0.64556      
2.31725       -0.64105      
2.32214       -0.63658      
2.32703       -0.63214      
2.33191       -0.62773      
2.33680       -0.62335      
2.34169       -0.61901      
2.34657       -0.61469      
2.35146       -0.61041      
2.35635       -0.60615      
2.36123       -0.60193      
2.36612       -0.59773      
2.37100       -0.59356      
2.37589       -0.58943      
2.38078       -0.58532      
2.38566       -0.58124      
2.39055       -0.57719      
2.39544       -0.57317      
2.40032       -0.56918      
2.40521       -0.56522      
2.41010       -0.56128      
2.41498       -0.55737      
2.41987       -0.55349      
2.42476       -0.54964      
2.42964       -0.54581      
2.43453       -0.54201      
2.43942       -0.53824      
2.44430       -0.53449      
2.44919       -0.53077      
2.45408       -0.52708      
2.45896       -0.52341      
2.46385       -0.51977      
2.46874       -0.51615      
2.47362       -0.51256      
2.47851       -0.50900      
2.48340       -0.50546      
2.48828       -0.50194      
2.49317       -0.49845      
2.49806       -0.49498      
2.50294       -0.49154      
2.50783       -0.48812      
2.51272       -0.48473      
2.51760       -0.48136      
2.52249       -0.47801      
2.52738       -0.47469      
2.53226       -0.47139      
2.53715       -0.46812      
2.54204       -0.46487      
2.54692       -0.46164      
2.55181       -0.45843      
2.55670       -0.45524      
2.56158       -0.45208      
2.56647       -0.44894      
2.57136       -0.44582      
2.57624       -0.44273      
2.58113       -0.43965      
2.58602       -0.43660      
2.59090       -0.43357      
2.59579       -0.43056      
2.60068       -0.42757      
2.60556       -0.42460      
2.61045       -0.42166      
2.61534       -0.41873      
2.62022       -0.41582      
2.62511       -0.41294      
2.63000       -0.41007      
2.63488       -0.40723      
2.63977       -0.40440      
2.64465       -0.40160      
2.64954       -0.39881      
2.65443       -0.39605      
2.65931       -0.39330      
2.66420       -0.39057      
2.66909       -0.38787      
2.67397       -0.38518      
2.67886       -0.38251      
2.68375       -0.37985      
2.68863       -0.37722      
2.69352       -0.37461      
2.69841       -0.37201      
2.70329       -0.36943      
2.70818       -0.36687      
2.71307       -0.36433      
2.71795       -0.36181      
2.72284       -0.35930      
2.72773       -0.35681      
2.73261       -0.35434      
2.73750       -0.35189      
2.74239       -0.34945      
2.74727       -0.34703      
2.75216       -0.34463      
2.75705       -0.34224      
2.76193       -0.33987      
2.76682       -0.33752      
2.77171       -0.33518      
2.77659       -0.33286      
2.78148       -0.33056      
2.78637       -0.32827      
2.79125       -0.32600      
2.79614       -0.32374      
2.80103       -0.32150      
2.80591       -0.31928      
2.81080       -0.31707      
2.81569       -0.31487      
2.82057       -0.31270      
2.82546       -0.31053      
2.83035       -0.30839      
2.83523       -0.30625      
2.84012       -0.30414      
2.84501       -0.30203      
2.84989       -0.29994      
2.85478       -0.29787      
2.85967       -0.29581      
2.86455       -0.29377      
2.86944       -0.29174      
2.87433       -0.28972      
2.87921       -0.28772      
2.88410       -0.28573      
2.88899       -0.28376      
2.89387       -0.28180      
2.89876       -0.27985      
2.90365       -0.27792      
2.90853       -0.27600      
2.91342       -0.27409      
2.91830       -0.27220      
2.92319       -0.27032      
2.92808       -0.26845      
2.93296       -0.26660      
2.93785       -0.26476      
2.94274       -0.26293      
2.94762       -0.26111      
2.95251       -0.25931      
2.95740       -0.25752      
2.96228       -0.25574      
2.96717       -0.25398      
2.97206       -0.25223      
2.97694       -0.25048      
2.98183       -0.24876      
2.98672       -0.24704      
2.99160       -0.24534      
2.99649       -0.24364      
3.00138       -0.24196      
3.00626       -0.24029      
3.01115       -0.23864      
3.01604       -0.23699      
3.02092       -0.23536      
3.02581       -0.23373      
3.03070       -0.23212      
3.03558       -0.23052      
3.04047       -0.22893      
3.04536       -0.22735      
3.05024       -0.22579      
3.05513       -0.22423      
3.06002       -0.22269      
3.06490       -0.22115      
3.06979       -0.21963      
3.07468       -0.21811      
3.07956       -0.21661      
3.08445       -0.21512      
3.08934       -0.21364      
3.09422       -0.21216      
3.09911       -0.21070      
3.10400       -0.20925      
3.10888       -0.20781      
3.11377       -0.20638      
3.11866       -0.20496      
3.12354       -0.20355      
3.12843       -0.20215      
3.13332       -0.20075      
3.13820       -0.19937      
3.14309       -0.19800      
3.14798       -0.19664      
3.15286       -0.19528      
3.15775       -0.19394      
3.16264       -0.19261      
3.16752       -0.19128      
3.17241       -0.18996      
3.17730       -0.18866      
3.18218       -0.18736      
3.18707       -0.18607      
3.19196       -0.18479      
3.19684       -0.18352      
3.20173       -0.18226      
3.20661       -0.18100      
3.21150       -0.17976      
3.21639       -0.17852      
3.22127       -0.17729      
3.22616       -0.17608      
3.23105       -0.17487      
3.23593       -0.17366      
3.24082       -0.17247      
3.24571       -0.17128      
3.25059       -0.17011      
3.25548       -0.16894      
3.26037       -0.16778      
3.26525       -0.16662      
3.27014       -0.16548      
3.27503       -0.16434      
3.27991       -0.16321      
3.28480       -0.16209      
3.28969       -0.16098      
3.29457       -0.15987      
3.29946       -0.15877      
3.30435       -0.15768      
3.30923       -0.15660      
3.31412       -0.15552      
3.31901       -0.15446      
3.32389       -0.15340      
3.32878       -0.15234      
3.33367       -0.15130      
3.33855       -0.15026      
3.34344       -0.14923      
3.34833       -0.14820      
3.35321       -0.14719      
3.35810       -0.14618      
3.36299       -0.14517      
3.36787       -0.14418      
3.37276       -0.14319      
3.37765       -0.14220      
3.38253       -0.14123      
3.38742       -0.14026      
3.39231       -0.13930      
3.39719       -0.13834      
3.40208       -0.13739      
3.40697       -0.13645      
3.41185       -0.13552      
3.41674       -0.13459      
3.42163       -0.13366      
3.42651       -0.13275      
3.43140       -0.13184      
3.43629       -0.13093      
3.44117       -0.13004      
3.44606       -0.12914      
3.45095       -0.12826      
3.45583       -0.12738      
3.46072       -0.12651      
3.46561       -0.12564      
3.47049       -0.12478      
3.47538       -0.12392      
3.48026       -0.12307      
3.48515       -0.12223      
3.49004       -0.12139      
3.49492       -0.12056      
3.49981       -0.11974      
3.50470       -0.11892      
3.50958       -0.11810      
3.51447       -0.11729      
3.51936       -0.11649      
3.52424       -0.11569      
3.52913       -0.11490      
3.53402       -0.11411      
3.53890       -0.11333      
3.54379       -0.11256      
3.54868       -0.11179      
3.55356       -0.11102      
3.55845       -0.11026      
3.56334       -0.10951      
3.56822       -0.10876      
3.57311       -0.10801      
3.57800       -0.10727      
3.58288       -0.10654      
3.58777       -0.10581      
3.59266       -0.10509      
3.59754       -0.10437      
3.60243       -0.10365      
3.60732       -0.10294      
3.61220       -0.10224      
3.61709       -0.10154      
3.62198       -0.10085      
3.62686       -0.10016      
3.63175       -0.09947      
3.63664       -0.09879      
3.64152       -0.09812      
3.64641       -0.09744      
3.65130       -0.09678      
3.65618       -0.09612      
3.66107       -0.09546      
3.66596       -0.09481      
3.67084       -0.09416      
3.67573       -0.09352      
3.68062       -0.09288      
3.68550       -0.09224      
3.69039       -0.09161      
3.69528       -0.09099      
3.70016       -0.09036      
3.70505       -0.08975      
3.70994       -0.08913      
3.71482       -0.08852      
3.71971       -0.08792      
3.72460       -0.08732      
3.72948       -0.08672      
3.73437       -0.08613      
3.73926       -0.08554      
3.74414       -0.08496      
3.74903       -0.08438      
3.75391       -0.08380      
3.75880       -0.08323      
3.76369       -0.08266      
3.76857       -0.08210      
3.77346       -0.08154      
3.77835       -0.08098      
3.78323       -0.08043      
3.78812       -0.07988      
3.79301       -0.07933      
3.79789       -0.07879      
3.80278       -0.07825      
3.80767       -0.07772      
3.81255       -0.07719      
3.81744       -0.07666      
3.82233       -0.07614      
3.82721       -0.07562      
3.83210       -0.07511      
3.83699       -0.07459      
3.84187       -0.07408      
3.84676       -0.07358      
3.85165       -0.07308      
3.85653       -0.07258      
3.86142       -0.07208      
3.86631       -0.07159      
3.87119       -0.07110      
3.87608       -0.07062      
3.88097       -0.07014      
3.88585       -0.06966      
3.89074       -0.06919      
3.89563       -0.06871      
3.90051       -0.06825      
3.90540       -0.06778      
3.91029       -0.06732      
3.91517       -0.06686      
3.92006       -0.06640      
3.92495       -0.06595      
3.92983       -0.06550      
3.93472       -0.06506      
3.93961       -0.06461      
3.94449       -0.06417      
3.94938       -0.06374      
3.95427       -0.06330      
3.95915       -0.06287      
3.96404       -0.06244      
3.96893       -0.06202      
3.97381       -0.06159      
3.97870       -0.06118      
3.98359       -0.06076      
3.98847       -0.06035      
3.99336       -0.05993      
3.99825       -0.05953      
4.00313       -0.05912      
4.00802       -0.05872      
4.01291       -0.05832      
4.01779       -0.05792      
4.02268       -0.05753      
4.02757       -0.05714      
4.03245       -0.05675      
4.03734       -0.05636      
4.04222       -0.05598      
4.04711       -0.05560      
4.05200       -0.05522      
4.05688       -0.05484      
4.06177       -0.05447      
4.06666       -0.05410      
4.07154       -0.05373      
4.07643       -0.05337      
4.08132       -0.05300      
4.08620       -0.05264      
4.09109       -0.05228      
4.09598       -0.05193      
4.10086       -0.05158      
4.10575       -0.05123      
4.11064       -0.05088      
4.11552       -0.05053      
4.12041       -0.05019      
4.12530       -0.04985      
4.13018       -0.04951      
4.13507       -0.04917      
4.13996       -0.04884      
4.14484       -0.04851      
4.14973       -0.04818      
4.15462       -0.04785      
4.15950       -0.04752      
4.16439       -0.04720      
4.16928       -0.04688      
4.17416       -0.04656      
4.17905       -0.04624      
4.18394       -0.04593      
4.18882       -0.04562      
4.19371       -0.04531      
4.19860       -0.04500      
4.20348       -0.04470      
4.20837       -0.04439      
4.21326       -0.04409      
4.21814       -0.04379      
4.22303       -0.04349      
4.22792       -0.04320      
4.23280       -0.04291      
4.23769       -0.04261      
4.24258       -0.04232      
4.24746       -0.04204      
4.25235       -0.04175      
4.25724       -0.04147      
4.26212       -0.04119      
4.26701       -0.04091      
4.27190       -0.04063      
4.27678       -0.04035      
4.28167       -0.04008      
4.28656       -0.03981      
4.29144       -0.03954      
4.29633       -0.03927      
4.30122       -0.03900      
4.30610       -0.03874      
4.31099       -0.03848      
4.31587       -0.03822      
4.32076       -0.03796      
4.32565       -0.03770      
4.33053       -0.03744      
4.33542       -0.03719      
4.34031       -0.03694      
4.34519       -0.03669      
4.35008       -0.03644      
4.35497       -0.03619      
4.35985       -0.03595      
4.36474       -0.03570      
4.36963       -0.03546      
4.37451       -0.03522      
4.37940       -0.03498      
4.38429       -0.03474      
4.38917       -0.03451      
4.39406       -0.03427      
4.39895       -0.03404      
4.40383       -0.03381      
4.40872       -0.03358      
4.41361       -0.03335      
4.41849       -0.03313      
4.42338       -0.03290      
4.42827       -0.03268      
4.43315       -0.03246      
4.43804       -0.03224      
4.44293       -0.03202      
4.44781       -0.03180      
4.45270       -0.03159      
4.45759       -0.03138      
4.46247       -0.03116      
4.46736       -0.03095      
4.47225       -0.03074      
4.47713       -0.03053      
4.48202       -0.03033      
4.48691       -0.03012      
4.49179       -0.02992      
4.49668       -0.02972      
4.50157       -0.02951      
4.50645       -0.02931      
4.51134       -0.02912      
4.51623       -0.02892      
4.52111       -0.02872      
4.52600       -0.02853      
4.53089       -0.02834      
4.53577       -0.02814      
4.54066       -0.02795      
4.54555       -0.02776      
4.55043       -0.02758      
4.55532       -0.02739      
4.56021       -0.02721      
4.56509       -0.02702      
4.56998       -0.02684      
4.57487       -0.02666      
4.57975       -0.02648      
4.58464       -0.02630      
4.58952       -0.02612      
4.59441       -0.02594      
4.59930       -0.02577      
4.60418       -0.02559      
4.60907       -0.02542      
4.61396       -0.02525      
4.61884       -0.02508      
4.62373       -0.02491      
4.62862       -0.02474      
4.63350       -0.02457      
4.63839       -0.02441      
4.64328       -0.02424      
4.64816       -0.02408      
4.65305       -0.02391      
4.65794       -0.02375      
4.66282       -0.02359      
4.66771       -0.02343      
4.67260       -0.02328      
4.67748       -0.02312      
4.68237       -0.02296      
4.68726       -0.02281      
4.69214       -0.02265      
4.69703       -0.02250      
4.70192       -0.02235      
4.70680       -0.02220      
4.71169       -0.02205      
4.71658       -0.02190      
4.72146       -0.02175      
4.72635       -0.02160      
4.73124       -0.02146      
4.73612       -0.02131      
4.74101       -0.02117      
4.74590       -0.02103      
4.75078       -0.02088      
4.75567       -0.02074      
4.76056       -0.02060      
4.76544       -0.02046      
4.77033       -0.02033      
4.77522       -0.02019      
4.78010       -0.02005      
4.78499       -0.01992      
4.78988       -0.01978      
4.79476       -0.01965      
4.79965       -0.01952      
4.80454       -0.01938      
4.80942       -0.01925      
4.81431       -0.01912      
4.81920       -0.01899      
4.82408       -0.01887      
4.82897       -0.01874      
4.83386       -0.01861      
4.83874       -0.01849      
4.84363       -0.01836      
4.84852       -0.01824      
4.85340       -0.01812      
4.85829       -0.01799      
4.86317       -0.01787      
4.86806       -0.01775      
4.87295       -0.01763      
4.87783       -0.01751      
4.88272       -0.01740      
4.88761       -0.01728      
4.89249       -0.01716      
4.89738       -0.01705      
4.90227       -0.01693      
4.90715       -0.01682      
4.91204       -0.01670      
4.91693       -0.01659      
4.92181       -0.01648      
4.92670       -0.01637      
4.93159       -0.01626      
4.93647       -0.01615      
4.94136       -0.01604      
4.94625       -0.01593      
4.95113       -0.01582      
4.95602       -0.01572      
4.96091       -0.01561      
4.96579       -0.01551      
4.97068       -0.01540      
4.97557       -0.01530      
4.98045       -0.01519      
4.98534       -0.01509      
4.99023       -0.01499      
4.99511       -0.01489      
5.00000       -0.01479      
