0.00100       999999999995992510300160.00000
0.00589       577588570142764.62500
0.01077       409124583265.78815
0.01566       4597878290.12138
0.02055       176670154.10385
0.02543       13652836.40256
0.03032       1657015.81764 
0.03521       275836.97485  
0.04009       58020.76124   
0.04498       14629.28343   
0.04987       4271.85002    
0.05475       1414.91400    
0.05964       526.64934     
0.06453       220.40700     
0.06941       104.30075     
0.07430       56.16907      
0.07919       33.63889      
0.08407       21.80192      
0.08896       14.97821      
0.09385       10.37673      
0.09873       6.79006       
0.10362       4.54820       
0.10851       2.88994       
0.11339       0.91699       
0.11828       -0.42702      
0.12317       -1.49165      
0.12805       -2.51373      
0.13294       -3.23071      
0.13783       -3.79300      
0.14271       -4.26768      
0.14760       -4.52590      
0.15248       -4.81028      
0.15737       -4.90980      
0.16226       -5.11681      
0.16714       -5.53408      
0.17203       -6.17268      
0.17692       -7.21247      
0.18180       -8.30965      
0.18669       -9.81388      
0.19158       -11.14973     
0.19646       -12.58083     
0.20135       -14.06919     
0.20624       -15.16683     
0.21112       -16.03818     
0.21601       -16.93530     
0.22090       -17.42513     
0.22578       -17.67328     
0.23067       -18.02552     
0.23556       -18.24392     
0.24044       -18.39040     
0.24533       -18.59228     
0.25022       -18.90361     
0.25510       -19.38431     
0.25999       -19.99489     
0.26488       -20.56302     
0.26976       -21.00824     
0.27465       -21.48609     
0.27954       -21.64243     
0.28442       -21.59160     
0.28931       -21.65313     
0.29420       -21.53064     
0.29908       -21.28686     
0.30397       -21.01922     
0.30886       -20.71789     
0.31374       -20.47738     
0.31863       -20.13110     
0.32352       -19.60727     
0.32840       -19.27957     
0.33329       -19.07176     
0.33818       -18.57134     
0.34306       -18.14529     
0.34795       -17.86087     
0.35284       -17.48788     
0.35772       -17.04336     
0.36261       -16.64564     
0.36750       -16.29164     
0.37238       -15.91291     
0.37727       -15.54051     
0.38216       -15.29547     
0.38704       -15.05706     
0.39193       -14.82565     
0.39682       -14.69119     
0.40170       -14.52262     
0.40659       -14.32535     
0.41148       -14.13298     
0.41636       -13.95495     
0.42125       -13.76555     
0.42613       -13.53996     
0.43102       -13.34532     
0.43591       -13.14553     
0.44079       -12.92754     
0.44568       -12.78744     
0.45057       -12.63736     
0.45545       -12.47724     
0.46034       -12.33518     
0.46523       -12.17402     
0.47011       -12.00064     
0.47500       -11.85014     
0.47989       -11.70334     
0.48477       -11.54951     
0.48966       -11.39222     
0.49455       -11.25537     
0.49943       -11.12568     
0.50432       -10.99275     
0.50921       -10.84026     
0.51409       -10.73165     
0.51898       -10.69213     
0.52387       -10.58874     
0.52875       -10.42922     
0.53364       -10.33978     
0.53853       -10.28668     
0.54341       -10.22549     
0.54830       -10.14191     
0.55319       -10.09319     
0.55807       -10.04944     
0.56296       -9.99312      
0.56785       -9.89183      
0.57273       -9.82551      
0.57762       -9.77316      
0.58251       -9.74110      
0.58739       -9.65032      
0.59228       -9.51190      
0.59717       -9.47862      
0.60205       -9.44893      
0.60694       -9.32884      
0.61183       -9.21753      
0.61671       -9.14030      
0.62160       -9.03250      
0.62649       -8.91878      
0.63137       -8.82157      
0.63626       -8.74520      
0.64115       -8.64986      
0.64603       -8.53236      
0.65092       -8.39791      
0.65581       -8.31108      
0.66069       -8.25440      
0.66558       -8.13946      
0.67047       -8.00611      
0.67535       -7.92487      
0.68024       -7.88353      
0.68513       -7.78795      
0.69001       -7.66064      
0.69490       -7.59345      
0.69978       -7.52271      
0.70467       -7.40420      
0.70956       -7.37979      
0.71444       -7.37042      
0.71933       -7.27106      
0.72422       -7.10859      
0.72910       -7.04704      
0.73399       -7.13082      
0.73888       -7.02637      
0.74376       -6.87672      
0.74865       -6.87857      
0.75354       -6.83920      
0.75842       -6.75003      
0.76331       -6.71476      
0.76820       -6.67740      
0.77308       -6.62143      
0.77797       -6.58885      
0.78286       -6.50396      
0.78774       -6.41445      
0.79263       -6.42023      
0.79752       -6.42744      
0.80240       -6.34742      
0.80729       -6.25723      
0.81218       -6.18786      
0.81706       -6.14913      
0.82195       -6.13422      
0.82684       -6.11010      
0.83172       -6.04133      
0.83661       -5.98339      
0.84150       -5.97572      
0.84638       -5.94815      
0.85127       -5.87081      
0.85616       -5.82914      
0.86104       -5.77330      
0.86593       -5.71935      
0.87082       -5.71986      
0.87570       -5.67606      
0.88059       -5.54644      
0.88548       -5.50384      
0.89036       -5.52787      
0.89525       -5.45377      
0.90014       -5.39466      
0.90502       -5.36438      
0.90991       -5.32437      
0.91480       -5.27113      
0.91968       -5.20712      
0.92457       -5.17280      
0.92946       -5.15642      
0.93434       -5.13892      
0.93923       -5.10148      
0.94412       -5.02883      
0.94900       -4.97144      
0.95389       -4.95864      
0.95878       -4.93959      
0.96366       -4.91141      
0.96855       -4.89984      
0.97343       -4.86867      
0.97832       -4.81637      
0.98321       -4.78294      
0.98809       -4.73461      
0.99298       -4.68198      
0.99787       -4.68155      
1.00275       -4.66615      
1.00764       -4.56632      
1.01253       -4.49999      
1.01741       -4.53430      
1.02230       -4.49458      
1.02719       -4.43833      
1.03207       -4.41377      
1.03696       -4.37164      
1.04185       -4.33451      
1.04673       -4.29432      
1.05162       -4.29344      
1.05651       -4.29874      
1.06139       -4.21576      
1.06628       -4.15520      
1.07117       -4.17069      
1.07605       -4.15173      
1.08094       -4.06587      
1.08583       -4.02353      
1.09071       -4.05042      
1.09560       -4.01755      
1.10049       -3.92168      
1.10537       -3.90751      
1.11026       -3.93687      
1.11515       -3.90234      
1.12003       -3.83907      
1.12492       -3.81162      
1.12981       -3.80651      
1.13469       -3.80897      
1.13958       -3.78322      
1.14447       -3.71653      
1.14935       -3.68589      
1.15424       -3.70094      
1.15913       -3.68669      
1.16401       -3.64094      
1.16890       -3.62782      
1.17379       -3.64854      
1.17867       -3.58726      
1.18356       -3.53279      
1.18845       -3.53347      
1.19333       -3.52343      
1.19822       -3.48503      
1.20311       -3.46074      
1.20799       -3.45980      
1.21288       -3.42260      
1.21777       -3.34321      
1.22265       -3.36085      
1.22754       -3.31996      
1.23243       -3.25080      
1.23731       -3.29854      
1.24220       -3.27534      
1.24709       -3.19609      
1.25197       -3.19267      
1.25686       -3.20424      
1.26174       -3.14859      
1.26663       -3.08609      
1.27152       -3.08937      
1.27640       -3.13097      
1.28129       -3.12744      
1.28618       -3.04985      
1.29106       -2.95390      
1.29595       -2.90386      
1.30084       -2.94364      
1.30572       -3.02231      
1.31061       -2.98197      
1.31550       -2.84686      
1.32038       -2.83062      
1.32527       -2.87739      
1.33016       -2.87081      
1.33504       -2.83914      
1.33993       -2.80446      
1.34482       -2.77563      
1.34970       -2.74873      
1.35459       -2.71822      
1.35948       -2.69026      
1.36436       -2.67761      
1.36925       -2.67895      
1.37414       -2.63080      
1.37902       -2.57573      
1.38391       -2.60764      
1.38880       -2.64437      
1.39368       -2.60180      
1.39857       -2.54921      
1.40346       -2.53764      
1.40834       -2.52417      
1.41323       -2.47586      
1.41812       -2.45570      
1.42300       -2.46756      
1.42789       -2.44385      
1.43278       -2.40602      
1.43766       -2.41722      
1.44255       -2.41117      
1.44744       -2.33854      
1.45232       -2.33930      
1.45721       -2.45060      
1.46210       -2.38655      
1.46698       -2.24126      
1.47187       -2.24938      
1.47676       -2.27304      
1.48164       -2.23304      
1.48653       -2.19064      
1.49142       -2.16252      
1.49630       -2.13044      
1.50119       -2.10191      
1.50608       -2.08690      
1.51096       -2.07200      
1.51585       -2.05722      
1.52074       -2.04254      
1.52562       -2.02796      
1.53051       -2.01350      
1.53539       -1.99914      
1.54028       -1.98489      
1.54517       -1.97074      
1.55005       -1.95669      
1.55494       -1.94275      
1.55983       -1.92890      
1.56471       -1.91516      
1.56960       -1.90152      
1.57449       -1.88798      
1.57937       -1.87454      
1.58426       -1.86120      
1.58915       -1.84795      
1.59403       -1.83480      
1.59892       -1.82175      
1.60381       -1.80879      
1.60869       -1.79592      
1.61358       -1.78315      
1.61847       -1.77048      
1.62335       -1.75789      
1.62824       -1.74540      
1.63313       -1.73299      
1.63801       -1.72068      
1.64290       -1.70846      
1.64779       -1.69632      
1.65267       -1.68428      
1.65756       -1.67232      
1.66245       -1.66045      
1.66733       -1.64866      
1.67222       -1.63696      
1.67711       -1.62535      
1.68199       -1.61382      
1.68688       -1.60237      
1.69177       -1.59100      
1.69665       -1.57972      
1.70154       -1.56852      
1.70643       -1.55740      
1.71131       -1.54636      
1.71620       -1.53541      
1.72109       -1.52453      
1.72597       -1.51373      
1.73086       -1.50300      
1.73575       -1.49236      
1.74063       -1.48179      
1.74552       -1.47130      
1.75041       -1.46088      
1.75529       -1.45054      
1.76018       -1.44028      
1.76507       -1.43009      
1.76995       -1.41997      
1.77484       -1.40992      
1.77973       -1.39995      
1.78461       -1.39005      
1.78950       -1.38022      
1.79439       -1.37046      
1.79927       -1.36077      
1.80416       -1.35116      
1.80904       -1.34161      
1.81393       -1.33213      
1.81882       -1.32272      
1.82370       -1.31337      
1.82859       -1.30410      
1.83348       -1.29489      
1.83836       -1.28574      
1.84325       -1.27667      
1.84814       -1.26765      
1.85302       -1.25871      
1.85791       -1.24982      
1.86280       -1.24100      
1.86768       -1.23225      
1.87257       -1.22356      
1.87746       -1.21492      
1.88234       -1.20636      
1.88723       -1.19785      
1.89212       -1.18940      
1.89700       -1.18102      
1.90189       -1.17269      
1.90678       -1.16443      
1.91166       -1.15622      
1.91655       -1.14808      
1.92144       -1.13999      
1.92632       -1.13196      
1.93121       -1.12398      
1.93610       -1.11607      
1.94098       -1.10821      
1.94587       -1.10041      
1.95076       -1.09266      
1.95564       -1.08497      
1.96053       -1.07733      
1.96542       -1.06975      
1.97030       -1.06222      
1.97519       -1.05475      
1.98008       -1.04733      
1.98496       -1.03996      
1.98985       -1.03265      
1.99474       -1.02539      
1.99962       -1.01818      
2.00451       -1.01102      
2.00940       -1.00391      
2.01428       -0.99686      
2.01917       -0.98985      
2.02406       -0.98289      
2.02894       -0.97599      
2.03383       -0.96913      
2.03872       -0.96232      
2.04360       -0.95557      
2.04849       -0.94885      
2.05338       -0.94219      
2.05826       -0.93558      
2.06315       -0.92901      
2.06804       -0.92249      
2.07292       -0.91601      
2.07781       -0.90958      
2.08270       -0.90320      
2.08758       -0.89686      
2.09247       -0.89057      
2.09735       -0.88432      
2.10224       -0.87812      
2.10713       -0.87196      
2.11201       -0.86585      
2.11690       -0.85978      
2.12179       -0.85375      
2.12667       -0.84777      
2.13156       -0.84182      
2.13645       -0.83592      
2.14133       -0.83007      
2.14622       -0.82425      
2.15111       -0.81847      
2.15599       -0.81274      
2.16088       -0.80705      
2.16577       -0.80140      
2.17065       -0.79578      
2.17554       -0.79021      
2.18043       -0.78468      
2.18531       -0.77918      
2.19020       -0.77373      
2.19509       -0.76831      
2.19997       -0.76294      
2.20486       -0.75760      
2.20975       -0.75230      
2.21463       -0.74703      
2.21952       -0.74181      
2.22441       -0.73662      
2.22929       -0.73147      
2.23418       -0.72635      
2.23907       -0.72127      
2.24395       -0.71623      
2.24884       -0.71122      
2.25373       -0.70625      
2.25861       -0.70132      
2.26350       -0.69641      
2.26839       -0.69155      
2.27327       -0.68671      
2.27816       -0.68192      
2.28305       -0.67715      
2.28793       -0.67242      
2.29282       -0.66773      
2.29771       -0.66306      
2.30259       -0.65843      
2.30748       -0.65384      
2.31237       -0.64927      
2.31725       -0.64474      
2.32214       -0.64024      
2.32703       -0.63577      
2.33191       -0.63133      
2.33680       -0.62693      
2.34169       -0.62255      
2.34657       -0.61821      
2.35146       -0.61390      
2.35635       -0.60961      
2.36123       -0.60536      
2.36612       -0.60114      
2.37100       -0.59695      
2.37589       -0.59279      
2.38078       -0.58865      
2.38566       -0.58455      
2.39055       -0.58047      
2.39544       -0.57643      
2.40032       -0.57241      
2.40521       -0.56842      
2.41010       -0.56446      
2.41498       -0.56053      
2.41987       -0.55662      
2.42476       -0.55275      
2.42964       -0.54890      
2.43453       -0.54507      
2.43942       -0.54128      
2.44430       -0.53751      
2.44919       -0.53377      
2.45408       -0.53005      
2.45896       -0.52636      
2.46385       -0.52270      
2.46874       -0.51906      
2.47362       -0.51545      
2.47851       -0.51186      
2.48340       -0.50830      
2.48828       -0.50476      
2.49317       -0.50125      
2.49806       -0.49777      
2.50294       -0.49430      
2.50783       -0.49087      
2.51272       -0.48745      
2.51760       -0.48406      
2.52249       -0.48070      
2.52738       -0.47736      
2.53226       -0.47404      
2.53715       -0.47074      
2.54204       -0.46747      
2.54692       -0.46422      
2.55181       -0.46100      
2.55670       -0.45779      
2.56158       -0.45461      
2.56647       -0.45146      
2.57136       -0.44832      
2.57624       -0.44521      
2.58113       -0.44211      
2.58602       -0.43904      
2.59090       -0.43599      
2.59579       -0.43297      
2.60068       -0.42996      
2.60556       -0.42698      
2.61045       -0.42401      
2.61534       -0.42107      
2.62022       -0.41815      
2.62511       -0.41525      
2.63000       -0.41237      
2.63488       -0.40950      
2.63977       -0.40666      
2.64465       -0.40384      
2.64954       -0.40104      
2.65443       -0.39826      
2.65931       -0.39550      
2.66420       -0.39276      
2.66909       -0.39003      
2.67397       -0.38733      
2.67886       -0.38464      
2.68375       -0.38198      
2.68863       -0.37933      
2.69352       -0.37670      
2.69841       -0.37409      
2.70329       -0.37150      
2.70818       -0.36892      
2.71307       -0.36637      
2.71795       -0.36383      
2.72284       -0.36131      
2.72773       -0.35881      
2.73261       -0.35632      
2.73750       -0.35385      
2.74239       -0.35140      
2.74727       -0.34897      
2.75216       -0.34655      
2.75705       -0.34416      
2.76193       -0.34177      
2.76682       -0.33941      
2.77171       -0.33706      
2.77659       -0.33473      
2.78148       -0.33241      
2.78637       -0.33011      
2.79125       -0.32783      
2.79614       -0.32556      
2.80103       -0.32331      
2.80591       -0.32107      
2.81080       -0.31885      
2.81569       -0.31664      
2.82057       -0.31445      
2.82546       -0.31228      
2.83035       -0.31012      
2.83523       -0.30798      
2.84012       -0.30585      
2.84501       -0.30373      
2.84989       -0.30163      
2.85478       -0.29955      
2.85967       -0.29748      
2.86455       -0.29542      
2.86944       -0.29338      
2.87433       -0.29136      
2.87921       -0.28934      
2.88410       -0.28734      
2.88899       -0.28536      
2.89387       -0.28339      
2.89876       -0.28143      
2.90365       -0.27949      
2.90853       -0.27756      
2.91342       -0.27564      
2.91830       -0.27374      
2.92319       -0.27185      
2.92808       -0.26997      
2.93296       -0.26811      
2.93785       -0.26626      
2.94274       -0.26442      
2.94762       -0.26260      
2.95251       -0.26079      
2.95740       -0.25899      
2.96228       -0.25720      
2.96717       -0.25543      
2.97206       -0.25366      
2.97694       -0.25191      
2.98183       -0.25018      
2.98672       -0.24845      
2.99160       -0.24674      
2.99649       -0.24504      
3.00138       -0.24335      
3.00626       -0.24167      
3.01115       -0.24000      
3.01604       -0.23835      
3.02092       -0.23671      
3.02581       -0.23508      
3.03070       -0.23346      
3.03558       -0.23185      
3.04047       -0.23025      
3.04536       -0.22866      
3.05024       -0.22709      
3.05513       -0.22552      
3.06002       -0.22397      
3.06490       -0.22243      
3.06979       -0.22090      
3.07468       -0.21938      
3.07956       -0.21786      
3.08445       -0.21636      
3.08934       -0.21488      
3.09422       -0.21340      
3.09911       -0.21193      
3.10400       -0.21047      
3.10888       -0.20902      
3.11377       -0.20758      
3.11866       -0.20615      
3.12354       -0.20473      
3.12843       -0.20333      
3.13332       -0.20193      
3.13820       -0.20054      
3.14309       -0.19916      
3.14798       -0.19779      
3.15286       -0.19643      
3.15775       -0.19508      
3.16264       -0.19374      
3.16752       -0.19240      
3.17241       -0.19108      
3.17730       -0.18977      
3.18218       -0.18846      
3.18707       -0.18717      
3.19196       -0.18588      
3.19684       -0.18460      
3.20173       -0.18334      
3.20661       -0.18208      
3.21150       -0.18082      
3.21639       -0.17958      
3.22127       -0.17835      
3.22616       -0.17712      
3.23105       -0.17591      
3.23593       -0.17470      
3.24082       -0.17350      
3.24571       -0.17231      
3.25059       -0.17112      
3.25548       -0.16995      
3.26037       -0.16878      
3.26525       -0.16762      
3.27014       -0.16647      
3.27503       -0.16533      
3.27991       -0.16419      
3.28480       -0.16307      
3.28969       -0.16195      
3.29457       -0.16084      
3.29946       -0.15973      
3.30435       -0.15864      
3.30923       -0.15755      
3.31412       -0.15647      
3.31901       -0.15539      
3.32389       -0.15433      
3.32878       -0.15327      
3.33367       -0.15222      
3.33855       -0.15118      
3.34344       -0.15014      
3.34833       -0.14911      
3.35321       -0.14809      
3.35810       -0.14707      
3.36299       -0.14606      
3.36787       -0.14506      
3.37276       -0.14407      
3.37765       -0.14308      
3.38253       -0.14210      
3.38742       -0.14113      
3.39231       -0.14016      
3.39719       -0.13920      
3.40208       -0.13824      
3.40697       -0.13730      
3.41185       -0.13636      
3.41674       -0.13542      
3.42163       -0.13450      
3.42651       -0.13357      
3.43140       -0.13266      
3.43629       -0.13175      
3.44117       -0.13085      
3.44606       -0.12995      
3.45095       -0.12906      
3.45583       -0.12818      
3.46072       -0.12730      
3.46561       -0.12643      
3.47049       -0.12557      
3.47538       -0.12471      
3.48026       -0.12385      
3.48515       -0.12301      
3.49004       -0.12216      
3.49492       -0.12133      
3.49981       -0.12050      
3.50470       -0.11967      
3.50958       -0.11885      
3.51447       -0.11804      
3.51936       -0.11723      
3.52424       -0.11643      
3.52913       -0.11564      
3.53402       -0.11485      
3.53890       -0.11406      
3.54379       -0.11328      
3.54868       -0.11251      
3.55356       -0.11174      
3.55845       -0.11097      
3.56334       -0.11021      
3.56822       -0.10946      
3.57311       -0.10871      
3.57800       -0.10797      
3.58288       -0.10723      
3.58777       -0.10650      
3.59266       -0.10577      
3.59754       -0.10505      
3.60243       -0.10433      
3.60732       -0.10362      
3.61220       -0.10291      
3.61709       -0.10221      
3.62198       -0.10151      
3.62686       -0.10082      
3.63175       -0.10013      
3.63664       -0.09945      
3.64152       -0.09877      
3.64641       -0.09809      
3.65130       -0.09742      
3.65618       -0.09676      
3.66107       -0.09610      
3.66596       -0.09544      
3.67084       -0.09479      
3.67573       -0.09414      
3.68062       -0.09350      
3.68550       -0.09286      
3.69039       -0.09223      
3.69528       -0.09160      
3.70016       -0.09098      
3.70505       -0.09035      
3.70994       -0.08974      
3.71482       -0.08913      
3.71971       -0.08852      
3.72460       -0.08791      
3.72948       -0.08732      
3.73437       -0.08672      
3.73926       -0.08613      
3.74414       -0.08554      
3.74903       -0.08496      
3.75391       -0.08438      
3.75880       -0.08380      
3.76369       -0.08323      
3.76857       -0.08267      
3.77346       -0.08210      
3.77835       -0.08154      
3.78323       -0.08099      
3.78812       -0.08044      
3.79301       -0.07989      
3.79789       -0.07934      
3.80278       -0.07880      
3.80767       -0.07827      
3.81255       -0.07773      
3.81744       -0.07720      
3.82233       -0.07668      
3.82721       -0.07616      
3.83210       -0.07564      
3.83699       -0.07512      
3.84187       -0.07461      
3.84676       -0.07410      
3.85165       -0.07360      
3.85653       -0.07310      
3.86142       -0.07260      
3.86631       -0.07211      
3.87119       -0.07162      
3.87608       -0.07113      
3.88097       -0.07064      
3.88585       -0.07016      
3.89074       -0.06969      
3.89563       -0.06921      
3.90051       -0.06874      
3.90540       -0.06827      
3.91029       -0.06781      
3.91517       -0.06735      
3.92006       -0.06689      
3.92495       -0.06643      
3.92983       -0.06598      
3.93472       -0.06553      
3.93961       -0.06509      
3.94449       -0.06465      
3.94938       -0.06421      
3.95427       -0.06377      
3.95915       -0.06334      
3.96404       -0.06291      
3.96893       -0.06248      
3.97381       -0.06205      
3.97870       -0.06163      
3.98359       -0.06121      
3.98847       -0.06080      
3.99336       -0.06039      
3.99825       -0.05997      
4.00313       -0.05957      
4.00802       -0.05916      
4.01291       -0.05876      
4.01779       -0.05836      
4.02268       -0.05797      
4.02757       -0.05757      
4.03245       -0.05718      
4.03734       -0.05679      
4.04222       -0.05641      
4.04711       -0.05602      
4.05200       -0.05564      
4.05688       -0.05527      
4.06177       -0.05489      
4.06666       -0.05452      
4.07154       -0.05415      
4.07643       -0.05378      
4.08132       -0.05342      
4.08620       -0.05305      
4.09109       -0.05269      
4.09598       -0.05234      
4.10086       -0.05198      
4.10575       -0.05163      
4.11064       -0.05128      
4.11552       -0.05093      
4.12041       -0.05059      
4.12530       -0.05024      
4.13018       -0.04990      
4.13507       -0.04956      
4.13996       -0.04923      
4.14484       -0.04889      
4.14973       -0.04856      
4.15462       -0.04823      
4.15950       -0.04791      
4.16439       -0.04758      
4.16928       -0.04726      
4.17416       -0.04694      
4.17905       -0.04662      
4.18394       -0.04630      
4.18882       -0.04599      
4.19371       -0.04568      
4.19860       -0.04537      
4.20348       -0.04506      
4.20837       -0.04476      
4.21326       -0.04445      
4.21814       -0.04415      
4.22303       -0.04385      
4.22792       -0.04356      
4.23280       -0.04326      
4.23769       -0.04297      
4.24258       -0.04268      
4.24746       -0.04239      
4.25235       -0.04210      
4.25724       -0.04182      
4.26212       -0.04153      
4.26701       -0.04125      
4.27190       -0.04097      
4.27678       -0.04070      
4.28167       -0.04042      
4.28656       -0.04015      
4.29144       -0.03988      
4.29633       -0.03961      
4.30122       -0.03934      
4.30610       -0.03907      
4.31099       -0.03881      
4.31587       -0.03854      
4.32076       -0.03828      
4.32565       -0.03802      
4.33053       -0.03777      
4.33542       -0.03751      
4.34031       -0.03726      
4.34519       -0.03701      
4.35008       -0.03676      
4.35497       -0.03651      
4.35985       -0.03626      
4.36474       -0.03602      
4.36963       -0.03577      
4.37451       -0.03553      
4.37940       -0.03529      
4.38429       -0.03505      
4.38917       -0.03482      
4.39406       -0.03458      
4.39895       -0.03435      
4.40383       -0.03411      
4.40872       -0.03388      
4.41361       -0.03366      
4.41849       -0.03343      
4.42338       -0.03320      
4.42827       -0.03298      
4.43315       -0.03276      
4.43804       -0.03253      
4.44293       -0.03231      
4.44781       -0.03210      
4.45270       -0.03188      
4.45759       -0.03166      
4.46247       -0.03145      
4.46736       -0.03124      
4.47225       -0.03103      
4.47713       -0.03082      
4.48202       -0.03061      
4.48691       -0.03040      
4.49179       -0.03020      
4.49668       -0.02999      
4.50157       -0.02979      
4.50645       -0.02959      
4.51134       -0.02939      
4.51623       -0.02919      
4.52111       -0.02900      
4.52600       -0.02880      
4.53089       -0.02861      
4.53577       -0.02841      
4.54066       -0.02822      
4.54555       -0.02803      
4.55043       -0.02784      
4.55532       -0.02765      
4.56021       -0.02747      
4.56509       -0.02728      
4.56998       -0.02710      
4.57487       -0.02692      
4.57975       -0.02673      
4.58464       -0.02655      
4.58952       -0.02638      
4.59441       -0.02620      
4.59930       -0.02602      
4.60418       -0.02585      
4.60907       -0.02567      
4.61396       -0.02550      
4.61884       -0.02533      
4.62373       -0.02516      
4.62862       -0.02499      
4.63350       -0.02482      
4.63839       -0.02465      
4.64328       -0.02449      
4.64816       -0.02432      
4.65305       -0.02416      
4.65794       -0.02399      
4.66282       -0.02383      
4.66771       -0.02367      
4.67260       -0.02351      
4.67748       -0.02335      
4.68237       -0.02320      
4.68726       -0.02304      
4.69214       -0.02289      
4.69703       -0.02273      
4.70192       -0.02258      
4.70680       -0.02243      
4.71169       -0.02228      
4.71658       -0.02213      
4.72146       -0.02198      
4.72635       -0.02183      
4.73124       -0.02168      
4.73612       -0.02154      
4.74101       -0.02139      
4.74590       -0.02125      
4.75078       -0.02111      
4.75567       -0.02096      
4.76056       -0.02082      
4.76544       -0.02068      
4.77033       -0.02054      
4.77522       -0.02041      
4.78010       -0.02027      
4.78499       -0.02013      
4.78988       -0.02000      
4.79476       -0.01986      
4.79965       -0.01973      
4.80454       -0.01960      
4.80942       -0.01946      
4.81431       -0.01933      
4.81920       -0.01920      
4.82408       -0.01908      
4.82897       -0.01895      
4.83386       -0.01882      
4.83874       -0.01869      
4.84363       -0.01857      
4.84852       -0.01844      
4.85340       -0.01832      
4.85829       -0.01820      
4.86317       -0.01807      
4.86806       -0.01795      
4.87295       -0.01783      
4.87783       -0.01771      
4.88272       -0.01759      
4.88761       -0.01748      
4.89249       -0.01736      
4.89738       -0.01724      
4.90227       -0.01713      
4.90715       -0.01701      
4.91204       -0.01690      
4.91693       -0.01678      
4.92181       -0.01667      
4.92670       -0.01656      
4.93159       -0.01645      
4.93647       -0.01634      
4.94136       -0.01623      
4.94625       -0.01612      
4.95113       -0.01601      
4.95602       -0.01590      
4.96091       -0.01580      
4.96579       -0.01569      
4.97068       -0.01559      
4.97557       -0.01548      
4.98045       -0.01538      
4.98534       -0.01527      
4.99023       -0.01517      
4.99511       -0.01507      
5.00000       -0.01497      
