0.00100       999999999995992510300160.00000
0.00589       577588570142785.25000
0.01077       409124583286.24725
0.01566       4597878310.43944
0.02055       176670176.86820
0.02543       13652859.45854
0.03032       1657039.54083 
0.03521       275861.73434  
0.04009       58046.97922   
0.04498       14656.97213   
0.04987       4301.27909    
0.05475       1445.88655    
0.05964       560.07056     
0.06453       256.04373     
0.06941       142.26763     
0.07430       96.54875      
0.07919       76.54458      
0.08407       67.05036      
0.08896       62.01715      
0.09385       59.51108      
0.09873       57.32161      
0.10362       56.07601      
0.10851       54.50768      
0.11339       52.66606      
0.11828       50.45783      
0.12317       48.33185      
0.12805       45.90595      
0.13294       43.97391      
0.13783       42.05235      
0.14271       39.81527      
0.14760       37.23480      
0.15248       33.66917      
0.15737       28.84143      
0.16226       23.62836      
0.16714       18.63810      
0.17203       14.12068      
0.17692       10.23968      
0.18180       6.77089       
0.18669       3.75170       
0.19158       1.04372       
0.19646       -1.36341      
0.20135       -3.42086      
0.20624       -5.24082      
0.21112       -6.64492      
0.21601       -7.94111      
0.22090       -8.91553      
0.22578       -9.55235      
0.23067       -10.22285     
0.23556       -10.51517     
0.24044       -10.60006     
0.24533       -10.69577     
0.25022       -10.51545     
0.25510       -10.28934     
0.25999       -10.17694     
0.26488       -9.64023      
0.26976       -9.28153      
0.27465       -8.93208      
0.27954       -8.48097      
0.28442       -8.02033      
0.28931       -7.67487      
0.29420       -7.44473      
0.29908       -7.18566      
0.30397       -6.87731      
0.30886       -6.69458      
0.31374       -6.49805      
0.31863       -6.16534      
0.32352       -5.82570      
0.32840       -5.54689      
0.33329       -5.27871      
0.33818       -4.86083      
0.34306       -4.66704      
0.34795       -4.35612      
0.35284       -4.02925      
0.35772       -3.83470      
0.36261       -3.54987      
0.36750       -3.21258      
0.37238       -3.08509      
0.37727       -2.97119      
0.38216       -2.73145      
0.38704       -2.52651      
0.39193       -2.36206      
0.39682       -2.25810      
0.40170       -2.03123      
0.40659       -1.88564      
0.41148       -1.55441      
0.41636       -1.34307      
0.42125       -1.02129      
0.42613       -0.90652      
0.43102       -0.69789      
0.43591       -0.52144      
0.44079       -0.49285      
0.44568       -0.49272      
0.45057       -0.44846      
0.45545       -0.46767      
0.46034       -0.47571      
0.46523       -0.44493      
0.47011       -0.53689      
0.47500       -0.46600      
0.47989       -0.39284      
0.48477       -0.54657      
0.48966       -0.56242      
0.49455       -0.45693      
0.49943       -0.48020      
0.50432       -0.46063      
0.50921       -0.47884      
0.51409       -0.42418      
0.51898       -0.40414      
0.52387       -0.52317      
0.52875       -0.45311      
0.53364       -0.41995      
0.53853       -0.53985      
0.54341       -0.51401      
0.54830       -0.45888      
0.55319       -0.55147      
0.55807       -0.53398      
0.56296       -0.56319      
0.56785       -0.64338      
0.57273       -0.61006      
0.57762       -0.65452      
0.58251       -0.71074      
0.58739       -0.64582      
0.59228       -0.68805      
0.59717       -0.70389      
0.60205       -0.60136      
0.60694       -0.64562      
0.61183       -0.62464      
0.61671       -0.62786      
0.62160       -0.63154      
0.62649       -0.61400      
0.63137       -0.61800      
0.63626       -0.52916      
0.64115       -0.48998      
0.64603       -0.58196      
0.65092       -0.59948      
0.65581       -0.49913      
0.66069       -0.43599      
0.66558       -0.43462      
0.67047       -0.47336      
0.67535       -0.39770      
0.68024       -0.34642      
0.68513       -0.45248      
0.69001       -0.33376      
0.69490       -0.22545      
0.69978       -0.33752      
0.70467       -0.40107      
0.70956       -0.29747      
0.71444       -0.18110      
0.71933       -0.21107      
0.72422       -0.28250      
0.72910       -0.20520      
0.73399       -0.17181      
0.73888       -0.19038      
0.74376       -0.20885      
0.74865       -0.28751      
0.75354       -0.15194      
0.75842       -0.17386      
0.76331       -0.21024      
0.76820       -0.25023      
0.77308       -0.22231      
0.77797       -0.20005      
0.78286       -0.19217      
0.78774       -0.21051      
0.79263       -0.18766      
0.79752       -0.16118      
0.80240       -0.20881      
0.80729       -0.22533      
0.81218       -0.16862      
0.81706       -0.14502      
0.82195       -0.20294      
0.82684       -0.22729      
0.83172       -0.17786      
0.83661       -0.15505      
0.84150       -0.17427      
0.84638       -0.18266      
0.85127       -0.18247      
0.85616       -0.18159      
0.86104       -0.15355      
0.86593       -0.18773      
0.87082       -0.16541      
0.87570       -0.19828      
0.88059       -0.21171      
0.88548       -0.16615      
0.89036       -0.15422      
0.89525       -0.20601      
0.90014       -0.17652      
0.90502       -0.22335      
0.90991       -0.30679      
0.91480       -0.11411      
0.91968       -0.22277      
0.92457       -0.27955      
0.92946       -0.22745      
0.93434       -0.23646      
0.93923       -0.23987      
0.94412       -0.15963      
0.94900       -0.16140      
0.95389       -0.23790      
0.95878       -0.22989      
0.96366       -0.15454      
0.96855       -0.10682      
0.97343       -0.14602      
0.97832       -0.19450      
0.98321       -0.23165      
0.98809       -0.16091      
0.99298       -0.11791      
0.99787       -0.21463      
1.00275       -0.20219      
1.00764       -0.17767      
1.01253       -0.17341      
1.01741       -0.12565      
1.02230       -0.18625      
1.02719       -0.20339      
1.03207       -0.15261      
1.03696       -0.11394      
1.04185       -0.19926      
1.04673       -0.15484      
1.05162       -0.07121      
1.05651       -0.11927      
1.06139       -0.17462      
1.06628       -0.08609      
1.07117       -0.05085      
1.07605       -0.12968      
1.08094       -0.09414      
1.08583       -0.04201      
1.09071       -0.00759      
1.09560       -0.18758      
1.10049       -0.01414      
1.10537       0.04784       
1.11026       -0.00585      
1.11515       -0.00185      
1.12003       -0.01231      
1.12492       -0.07866      
1.12981       0.04892       
1.13469       0.05919       
1.13958       -0.10523      
1.14447       -0.00131      
1.14935       0.07498       
1.15424       -0.04498      
1.15913       -0.04229      
1.16401       0.04609       
1.16890       -0.00032      
1.17379       -0.06633      
1.17867       -0.02437      
1.18356       -0.02174      
1.18845       -0.00819      
1.19333       0.00371       
1.19822       -0.04606      
1.20311       -0.08692      
1.20799       -0.03845      
1.21288       -0.09134      
1.21777       -0.03221      
1.22265       -0.02597      
1.22754       -0.07692      
1.23243       -0.04263      
1.23731       -0.03061      
1.24220       -0.06903      
1.24709       -0.00840      
1.25197       -0.07789      
1.25686       -0.07160      
1.26174       0.02678       
1.26663       -0.02275      
1.27152       -0.01544      
1.27640       -0.10365      
1.28129       -0.07230      
1.28618       0.04763       
1.29106       -0.12124      
1.29595       -0.17575      
1.30084       0.01330       
1.30572       0.00011       
1.31061       -0.09684      
1.31550       -0.08321      
1.32038       -0.02369      
1.32527       -0.08233      
1.33016       -0.14299      
1.33504       -0.12742      
1.33993       -0.06364      
1.34482       -0.02823      
1.34970       -0.09346      
1.35459       -0.13956      
1.35948       -0.08770      
1.36436       -0.04418      
1.36925       -0.06935      
1.37414       -0.03104      
1.37902       -0.05628      
1.38391       -0.02712      
1.38880       -0.06007      
1.39368       -0.05285      
1.39857       -0.02524      
1.40346       -0.09037      
1.40834       -0.10197      
1.41323       -0.05571      
1.41812       -0.03729      
1.42300       -0.05020      
1.42789       -0.07560      
1.43278       -0.08110      
1.43766       -0.05483      
1.44255       -0.08904      
1.44744       -0.04014      
1.45232       -0.06160      
1.45721       -0.04646      
1.46210       -0.03077      
1.46698       -0.05455      
1.47187       -0.06569      
1.47676       -0.06497      
1.48164       -0.00741      
1.48653       0.02084       
1.49142       -0.03942      
1.49630       -0.08251      
1.50119       -0.02704      
1.50608       -0.02672      
1.51096       -0.02641      
1.51585       -0.02611      
1.52074       -0.02581      
1.52562       -0.02551      
1.53051       -0.02522      
1.53539       -0.02493      
1.54028       -0.02464      
1.54517       -0.02436      
1.55005       -0.02409      
1.55494       -0.02381      
1.55983       -0.02355      
1.56471       -0.02328      
1.56960       -0.02302      
1.57449       -0.02276      
1.57937       -0.02251      
1.58426       -0.02226      
1.58915       -0.02201      
1.59403       -0.02177      
1.59892       -0.02153      
1.60381       -0.02129      
1.60869       -0.02106      
1.61358       -0.02083      
1.61847       -0.02060      
1.62335       -0.02038      
1.62824       -0.02016      
1.63313       -0.01994      
1.63801       -0.01973      
1.64290       -0.01951      
1.64779       -0.01931      
1.65267       -0.01910      
1.65756       -0.01890      
1.66245       -0.01870      
1.66733       -0.01850      
1.67222       -0.01830      
1.67711       -0.01811      
1.68199       -0.01792      
1.68688       -0.01773      
1.69177       -0.01755      
1.69665       -0.01736      
1.70154       -0.01718      
1.70643       -0.01701      
1.71131       -0.01683      
1.71620       -0.01666      
1.72109       -0.01649      
1.72597       -0.01632      
1.73086       -0.01615      
1.73575       -0.01599      
1.74063       -0.01582      
1.74552       -0.01566      
1.75041       -0.01550      
1.75529       -0.01535      
1.76018       -0.01519      
1.76507       -0.01504      
1.76995       -0.01489      
1.77484       -0.01474      
1.77973       -0.01459      
1.78461       -0.01445      
1.78950       -0.01431      
1.79439       -0.01416      
1.79927       -0.01402      
1.80416       -0.01389      
1.80904       -0.01375      
1.81393       -0.01362      
1.81882       -0.01348      
1.82370       -0.01335      
1.82859       -0.01322      
1.83348       -0.01309      
1.83836       -0.01297      
1.84325       -0.01284      
1.84814       -0.01272      
1.85302       -0.01260      
1.85791       -0.01248      
1.86280       -0.01236      
1.86768       -0.01224      
1.87257       -0.01212      
1.87746       -0.01201      
1.88234       -0.01189      
1.88723       -0.01178      
1.89212       -0.01167      
1.89700       -0.01156      
1.90189       -0.01145      
1.90678       -0.01135      
1.91166       -0.01124      
1.91655       -0.01114      
1.92144       -0.01103      
1.92632       -0.01093      
1.93121       -0.01083      
1.93610       -0.01073      
1.94098       -0.01063      
1.94587       -0.01053      
1.95076       -0.01044      
1.95564       -0.01034      
1.96053       -0.01025      
1.96542       -0.01015      
1.97030       -0.01006      
1.97519       -0.00997      
1.98008       -0.00988      
1.98496       -0.00979      
1.98985       -0.00970      
1.99474       -0.00962      
1.99962       -0.00953      
2.00451       -0.00945      
2.00940       -0.00936      
2.01428       -0.00928      
2.01917       -0.00920      
2.02406       -0.00911      
2.02894       -0.00903      
2.03383       -0.00895      
2.03872       -0.00888      
2.04360       -0.00880      
2.04849       -0.00872      
2.05338       -0.00864      
2.05826       -0.00857      
2.06315       -0.00849      
2.06804       -0.00842      
2.07292       -0.00835      
2.07781       -0.00828      
2.08270       -0.00820      
2.08758       -0.00813      
2.09247       -0.00806      
2.09735       -0.00799      
2.10224       -0.00793      
2.10713       -0.00786      
2.11201       -0.00779      
2.11690       -0.00772      
2.12179       -0.00766      
2.12667       -0.00759      
2.13156       -0.00753      
2.13645       -0.00747      
2.14133       -0.00740      
2.14622       -0.00734      
2.15111       -0.00728      
2.15599       -0.00722      
2.16088       -0.00716      
2.16577       -0.00710      
2.17065       -0.00704      
2.17554       -0.00698      
2.18043       -0.00692      
2.18531       -0.00687      
2.19020       -0.00681      
2.19509       -0.00675      
2.19997       -0.00670      
2.20486       -0.00664      
2.20975       -0.00659      
2.21463       -0.00654      
2.21952       -0.00648      
2.22441       -0.00643      
2.22929       -0.00638      
2.23418       -0.00633      
2.23907       -0.00627      
2.24395       -0.00622      
2.24884       -0.00617      
2.25373       -0.00612      
2.25861       -0.00608      
2.26350       -0.00603      
2.26839       -0.00598      
2.27327       -0.00593      
2.27816       -0.00588      
2.28305       -0.00584      
2.28793       -0.00579      
2.29282       -0.00574      
2.29771       -0.00570      
2.30259       -0.00565      
2.30748       -0.00561      
2.31237       -0.00557      
2.31725       -0.00552      
2.32214       -0.00548      
2.32703       -0.00544      
2.33191       -0.00539      
2.33680       -0.00535      
2.34169       -0.00531      
2.34657       -0.00527      
2.35146       -0.00523      
2.35635       -0.00519      
2.36123       -0.00515      
2.36612       -0.00511      
2.37100       -0.00507      
2.37589       -0.00503      
2.38078       -0.00499      
2.38566       -0.00495      
2.39055       -0.00492      
2.39544       -0.00488      
2.40032       -0.00484      
2.40521       -0.00480      
2.41010       -0.00477      
2.41498       -0.00473      
2.41987       -0.00470      
2.42476       -0.00466      
2.42964       -0.00463      
2.43453       -0.00459      
2.43942       -0.00456      
2.44430       -0.00452      
2.44919       -0.00449      
2.45408       -0.00446      
2.45896       -0.00442      
2.46385       -0.00439      
2.46874       -0.00436      
2.47362       -0.00432      
2.47851       -0.00429      
2.48340       -0.00426      
2.48828       -0.00423      
2.49317       -0.00420      
2.49806       -0.00417      
2.50294       -0.00414      
2.50783       -0.00411      
2.51272       -0.00408      
2.51760       -0.00405      
2.52249       -0.00402      
2.52738       -0.00399      
2.53226       -0.00396      
2.53715       -0.00393      
2.54204       -0.00390      
2.54692       -0.00387      
2.55181       -0.00385      
2.55670       -0.00382      
2.56158       -0.00379      
2.56647       -0.00376      
2.57136       -0.00374      
2.57624       -0.00371      
2.58113       -0.00368      
2.58602       -0.00366      
2.59090       -0.00363      
2.59579       -0.00361      
2.60068       -0.00358      
2.60556       -0.00355      
2.61045       -0.00353      
2.61534       -0.00350      
2.62022       -0.00348      
2.62511       -0.00346      
2.63000       -0.00343      
2.63488       -0.00341      
2.63977       -0.00338      
2.64465       -0.00336      
2.64954       -0.00334      
2.65443       -0.00331      
2.65931       -0.00329      
2.66420       -0.00327      
2.66909       -0.00324      
2.67397       -0.00322      
2.67886       -0.00320      
2.68375       -0.00318      
2.68863       -0.00316      
2.69352       -0.00313      
2.69841       -0.00311      
2.70329       -0.00309      
2.70818       -0.00307      
2.71307       -0.00305      
2.71795       -0.00303      
2.72284       -0.00301      
2.72773       -0.00299      
2.73261       -0.00297      
2.73750       -0.00295      
2.74239       -0.00293      
2.74727       -0.00291      
2.75216       -0.00289      
2.75705       -0.00287      
2.76193       -0.00285      
2.76682       -0.00283      
2.77171       -0.00281      
2.77659       -0.00279      
2.78148       -0.00277      
2.78637       -0.00276      
2.79125       -0.00274      
2.79614       -0.00272      
2.80103       -0.00270      
2.80591       -0.00268      
2.81080       -0.00266      
2.81569       -0.00265      
2.82057       -0.00263      
2.82546       -0.00261      
2.83035       -0.00260      
2.83523       -0.00258      
2.84012       -0.00256      
2.84501       -0.00254      
2.84989       -0.00253      
2.85478       -0.00251      
2.85967       -0.00249      
2.86455       -0.00248      
2.86944       -0.00246      
2.87433       -0.00245      
2.87921       -0.00243      
2.88410       -0.00242      
2.88899       -0.00240      
2.89387       -0.00238      
2.89876       -0.00237      
2.90365       -0.00235      
2.90853       -0.00234      
2.91342       -0.00232      
2.91830       -0.00231      
2.92319       -0.00229      
2.92808       -0.00228      
2.93296       -0.00226      
2.93785       -0.00225      
2.94274       -0.00224      
2.94762       -0.00222      
2.95251       -0.00221      
2.95740       -0.00219      
2.96228       -0.00218      
2.96717       -0.00217      
2.97206       -0.00215      
2.97694       -0.00214      
2.98183       -0.00212      
2.98672       -0.00211      
2.99160       -0.00210      
2.99649       -0.00209      
3.00138       -0.00207      
3.00626       -0.00206      
3.01115       -0.00205      
3.01604       -0.00203      
3.02092       -0.00202      
3.02581       -0.00201      
3.03070       -0.00200      
3.03558       -0.00198      
3.04047       -0.00197      
3.04536       -0.00196      
3.05024       -0.00195      
3.05513       -0.00193      
3.06002       -0.00192      
3.06490       -0.00191      
3.06979       -0.00190      
3.07468       -0.00189      
3.07956       -0.00188      
3.08445       -0.00186      
3.08934       -0.00185      
3.09422       -0.00184      
3.09911       -0.00183      
3.10400       -0.00182      
3.10888       -0.00181      
3.11377       -0.00180      
3.11866       -0.00179      
3.12354       -0.00178      
3.12843       -0.00177      
3.13332       -0.00175      
3.13820       -0.00174      
3.14309       -0.00173      
3.14798       -0.00172      
3.15286       -0.00171      
3.15775       -0.00170      
3.16264       -0.00169      
3.16752       -0.00168      
3.17241       -0.00167      
3.17730       -0.00166      
3.18218       -0.00165      
3.18707       -0.00164      
3.19196       -0.00163      
3.19684       -0.00162      
3.20173       -0.00161      
3.20661       -0.00160      
3.21150       -0.00159      
3.21639       -0.00159      
3.22127       -0.00158      
3.22616       -0.00157      
3.23105       -0.00156      
3.23593       -0.00155      
3.24082       -0.00154      
3.24571       -0.00153      
3.25059       -0.00152      
3.25548       -0.00151      
3.26037       -0.00150      
3.26525       -0.00149      
3.27014       -0.00149      
3.27503       -0.00148      
3.27991       -0.00147      
3.28480       -0.00146      
3.28969       -0.00145      
3.29457       -0.00144      
3.29946       -0.00144      
3.30435       -0.00143      
3.30923       -0.00142      
3.31412       -0.00141      
3.31901       -0.00140      
3.32389       -0.00139      
3.32878       -0.00139      
3.33367       -0.00138      
3.33855       -0.00137      
3.34344       -0.00136      
3.34833       -0.00136      
3.35321       -0.00135      
3.35810       -0.00134      
3.36299       -0.00133      
3.36787       -0.00132      
3.37276       -0.00132      
3.37765       -0.00131      
3.38253       -0.00130      
3.38742       -0.00129      
3.39231       -0.00129      
3.39719       -0.00128      
3.40208       -0.00127      
3.40697       -0.00127      
3.41185       -0.00126      
3.41674       -0.00125      
3.42163       -0.00124      
3.42651       -0.00124      
3.43140       -0.00123      
3.43629       -0.00122      
3.44117       -0.00122      
3.44606       -0.00121      
3.45095       -0.00120      
3.45583       -0.00120      
3.46072       -0.00119      
3.46561       -0.00118      
3.47049       -0.00118      
3.47538       -0.00117      
3.48026       -0.00116      
3.48515       -0.00116      
3.49004       -0.00115      
3.49492       -0.00115      
3.49981       -0.00114      
3.50470       -0.00113      
3.50958       -0.00113      
3.51447       -0.00112      
3.51936       -0.00111      
3.52424       -0.00111      
3.52913       -0.00110      
3.53402       -0.00110      
3.53890       -0.00109      
3.54379       -0.00108      
3.54868       -0.00108      
3.55356       -0.00107      
3.55845       -0.00107      
3.56334       -0.00106      
3.56822       -0.00106      
3.57311       -0.00105      
3.57800       -0.00104      
3.58288       -0.00104      
3.58777       -0.00103      
3.59266       -0.00103      
3.59754       -0.00102      
3.60243       -0.00102      
3.60732       -0.00101      
3.61220       -0.00101      
3.61709       -0.00100      
3.62198       -0.00099      
3.62686       -0.00099      
3.63175       -0.00098      
3.63664       -0.00098      
3.64152       -0.00097      
3.64641       -0.00097      
3.65130       -0.00096      
3.65618       -0.00096      
3.66107       -0.00095      
3.66596       -0.00095      
3.67084       -0.00094      
3.67573       -0.00094      
3.68062       -0.00093      
3.68550       -0.00093      
3.69039       -0.00092      
3.69528       -0.00092      
3.70016       -0.00091      
3.70505       -0.00091      
3.70994       -0.00090      
3.71482       -0.00090      
3.71971       -0.00089      
3.72460       -0.00089      
3.72948       -0.00089      
3.73437       -0.00088      
3.73926       -0.00088      
3.74414       -0.00087      
3.74903       -0.00087      
3.75391       -0.00086      
3.75880       -0.00086      
3.76369       -0.00085      
3.76857       -0.00085      
3.77346       -0.00085      
3.77835       -0.00084      
3.78323       -0.00084      
3.78812       -0.00083      
3.79301       -0.00083      
3.79789       -0.00082      
3.80278       -0.00082      
3.80767       -0.00082      
3.81255       -0.00081      
3.81744       -0.00081      
3.82233       -0.00080      
3.82721       -0.00080      
3.83210       -0.00079      
3.83699       -0.00079      
3.84187       -0.00079      
3.84676       -0.00078      
3.85165       -0.00078      
3.85653       -0.00077      
3.86142       -0.00077      
3.86631       -0.00077      
3.87119       -0.00076      
3.87608       -0.00076      
3.88097       -0.00076      
3.88585       -0.00075      
3.89074       -0.00075      
3.89563       -0.00074      
3.90051       -0.00074      
3.90540       -0.00074      
3.91029       -0.00073      
3.91517       -0.00073      
3.92006       -0.00073      
3.92495       -0.00072      
3.92983       -0.00072      
3.93472       -0.00072      
3.93961       -0.00071      
3.94449       -0.00071      
3.94938       -0.00070      
3.95427       -0.00070      
3.95915       -0.00070      
3.96404       -0.00069      
3.96893       -0.00069      
3.97381       -0.00069      
3.97870       -0.00068      
3.98359       -0.00068      
3.98847       -0.00068      
3.99336       -0.00067      
3.99825       -0.00067      
4.00313       -0.00067      
4.00802       -0.00066      
4.01291       -0.00066      
4.01779       -0.00066      
4.02268       -0.00065      
4.02757       -0.00065      
4.03245       -0.00065      
4.03734       -0.00064      
4.04222       -0.00064      
4.04711       -0.00064      
4.05200       -0.00064      
4.05688       -0.00063      
4.06177       -0.00063      
4.06666       -0.00063      
4.07154       -0.00062      
4.07643       -0.00062      
4.08132       -0.00062      
4.08620       -0.00061      
4.09109       -0.00061      
4.09598       -0.00061      
4.10086       -0.00061      
4.10575       -0.00060      
4.11064       -0.00060      
4.11552       -0.00060      
4.12041       -0.00059      
4.12530       -0.00059      
4.13018       -0.00059      
4.13507       -0.00059      
4.13996       -0.00058      
4.14484       -0.00058      
4.14973       -0.00058      
4.15462       -0.00057      
4.15950       -0.00057      
4.16439       -0.00057      
4.16928       -0.00057      
4.17416       -0.00056      
4.17905       -0.00056      
4.18394       -0.00056      
4.18882       -0.00056      
4.19371       -0.00055      
4.19860       -0.00055      
4.20348       -0.00055      
4.20837       -0.00055      
4.21326       -0.00054      
4.21814       -0.00054      
4.22303       -0.00054      
4.22792       -0.00054      
4.23280       -0.00053      
4.23769       -0.00053      
4.24258       -0.00053      
4.24746       -0.00053      
4.25235       -0.00052      
4.25724       -0.00052      
4.26212       -0.00052      
4.26701       -0.00052      
4.27190       -0.00051      
4.27678       -0.00051      
4.28167       -0.00051      
4.28656       -0.00051      
4.29144       -0.00050      
4.29633       -0.00050      
4.30122       -0.00050      
4.30610       -0.00050      
4.31099       -0.00049      
4.31587       -0.00049      
4.32076       -0.00049      
4.32565       -0.00049      
4.33053       -0.00049      
4.33542       -0.00048      
4.34031       -0.00048      
4.34519       -0.00048      
4.35008       -0.00048      
4.35497       -0.00047      
4.35985       -0.00047      
4.36474       -0.00047      
4.36963       -0.00047      
4.37451       -0.00047      
4.37940       -0.00046      
4.38429       -0.00046      
4.38917       -0.00046      
4.39406       -0.00046      
4.39895       -0.00046      
4.40383       -0.00045      
4.40872       -0.00045      
4.41361       -0.00045      
4.41849       -0.00045      
4.42338       -0.00045      
4.42827       -0.00044      
4.43315       -0.00044      
4.43804       -0.00044      
4.44293       -0.00044      
4.44781       -0.00044      
4.45270       -0.00043      
4.45759       -0.00043      
4.46247       -0.00043      
4.46736       -0.00043      
4.47225       -0.00043      
4.47713       -0.00042      
4.48202       -0.00042      
4.48691       -0.00042      
4.49179       -0.00042      
4.49668       -0.00042      
4.50157       -0.00041      
4.50645       -0.00041      
4.51134       -0.00041      
4.51623       -0.00041      
4.52111       -0.00041      
4.52600       -0.00041      
4.53089       -0.00040      
4.53577       -0.00040      
4.54066       -0.00040      
4.54555       -0.00040      
4.55043       -0.00040      
4.55532       -0.00039      
4.56021       -0.00039      
4.56509       -0.00039      
4.56998       -0.00039      
4.57487       -0.00039      
4.57975       -0.00039      
4.58464       -0.00038      
4.58952       -0.00038      
4.59441       -0.00038      
4.59930       -0.00038      
4.60418       -0.00038      
4.60907       -0.00038      
4.61396       -0.00037      
4.61884       -0.00037      
4.62373       -0.00037      
4.62862       -0.00037      
4.63350       -0.00037      
4.63839       -0.00037      
4.64328       -0.00036      
4.64816       -0.00036      
4.65305       -0.00036      
4.65794       -0.00036      
4.66282       -0.00036      
4.66771       -0.00036      
4.67260       -0.00036      
4.67748       -0.00035      
4.68237       -0.00035      
4.68726       -0.00035      
4.69214       -0.00035      
4.69703       -0.00035      
4.70192       -0.00035      
4.70680       -0.00035      
4.71169       -0.00034      
4.71658       -0.00034      
4.72146       -0.00034      
4.72635       -0.00034      
4.73124       -0.00034      
4.73612       -0.00034      
4.74101       -0.00033      
4.74590       -0.00033      
4.75078       -0.00033      
4.75567       -0.00033      
4.76056       -0.00033      
4.76544       -0.00033      
4.77033       -0.00033      
4.77522       -0.00033      
4.78010       -0.00032      
4.78499       -0.00032      
4.78988       -0.00032      
4.79476       -0.00032      
4.79965       -0.00032      
4.80454       -0.00032      
4.80942       -0.00032      
4.81431       -0.00031      
4.81920       -0.00031      
4.82408       -0.00031      
4.82897       -0.00031      
4.83386       -0.00031      
4.83874       -0.00031      
4.84363       -0.00031      
4.84852       -0.00031      
4.85340       -0.00030      
4.85829       -0.00030      
4.86317       -0.00030      
4.86806       -0.00030      
4.87295       -0.00030      
4.87783       -0.00030      
4.88272       -0.00030      
4.88761       -0.00030      
4.89249       -0.00029      
4.89738       -0.00029      
4.90227       -0.00029      
4.90715       -0.00029      
4.91204       -0.00029      
4.91693       -0.00029      
4.92181       -0.00029      
4.92670       -0.00029      
4.93159       -0.00028      
4.93647       -0.00028      
4.94136       -0.00028      
4.94625       -0.00028      
4.95113       -0.00028      
4.95602       -0.00028      
4.96091       -0.00028      
4.96579       -0.00028      
4.97068       -0.00028      
4.97557       -0.00027      
4.98045       -0.00027      
4.98534       -0.00027      
4.99023       -0.00027      
4.99511       -0.00027      
5.00000       -0.00027      
