0.00100       999999999995992510300160.00000
0.00589       577588570142765.50000
0.01077       409124583266.55908
0.01566       4597878290.89227
0.02055       176670157.46091
0.02543       13652846.42044
0.03032       1657031.87618 
0.03521       275858.69639  
0.04009       58048.29498   
0.04498       14661.89429   
0.04987       4303.60205    
0.05475       1445.98275    
0.05964       557.67550     
0.06453       251.39284     
0.06941       136.03109     
0.07430       87.77677      
0.07919       65.75195      
0.08407       54.96878      
0.08896       48.69285      
0.09385       44.94911      
0.09873       42.45923      
0.10362       40.63907      
0.10851       39.46087      
0.11339       37.71154      
0.11828       36.15004      
0.12317       35.12190      
0.12805       33.53229      
0.13294       32.53507      
0.13783       31.12749      
0.14271       30.02617      
0.14760       28.30180      
0.15248       25.36797      
0.15737       21.67016      
0.16226       16.95239      
0.16714       12.50011      
0.17203       7.63943       
0.17692       3.24991       
0.18180       -0.41282      
0.18669       -3.69386      
0.19158       -6.51559      
0.19646       -9.04055      
0.20135       -11.16621     
0.20624       -13.04309     
0.21112       -14.49899     
0.21601       -15.73562     
0.22090       -16.79368     
0.22578       -17.51915     
0.23067       -18.19282     
0.23556       -18.81592     
0.24044       -19.33501     
0.24533       -19.78009     
0.25022       -20.38662     
0.25510       -20.61394     
0.25999       -20.99112     
0.26488       -21.21689     
0.26976       -21.25148     
0.27465       -21.39987     
0.27954       -21.34729     
0.28442       -21.30872     
0.28931       -21.13902     
0.29420       -20.98398     
0.29908       -20.82131     
0.30397       -20.41131     
0.30886       -20.04613     
0.31374       -19.72637     
0.31863       -19.34096     
0.32352       -18.92765     
0.32840       -18.53958     
0.33329       -18.19337     
0.33818       -17.71908     
0.34306       -17.32530     
0.34795       -16.92406     
0.35284       -16.55280     
0.35772       -16.12629     
0.36261       -15.76266     
0.36750       -15.53041     
0.37238       -15.18080     
0.37727       -14.92026     
0.38216       -14.68028     
0.38704       -14.56671     
0.39193       -14.27036     
0.39682       -14.14163     
0.40170       -14.20993     
0.40659       -14.04624     
0.41148       -14.13044     
0.41636       -14.21491     
0.42125       -14.21953     
0.42613       -14.15214     
0.43102       -14.08450     
0.43591       -13.99597     
0.44079       -13.80124     
0.44568       -13.65965     
0.45057       -13.43852     
0.45545       -13.10162     
0.46034       -12.89387     
0.46523       -12.60300     
0.47011       -12.25434     
0.47500       -12.06469     
0.47989       -11.89772     
0.48477       -11.58526     
0.48966       -11.31631     
0.49455       -11.26032     
0.49943       -11.03016     
0.50432       -10.75091     
0.50921       -10.70396     
0.51409       -10.59535     
0.51898       -10.42313     
0.52387       -10.26093     
0.52875       -10.15868     
0.53364       -10.01902     
0.53853       -9.93417      
0.54341       -9.85676      
0.54830       -9.77105      
0.55319       -9.67675      
0.55807       -9.60787      
0.56296       -9.56486      
0.56785       -9.44221      
0.57273       -9.40038      
0.57762       -9.32268      
0.58251       -9.13601      
0.58739       -9.12174      
0.59228       -9.10844      
0.59717       -8.99973      
0.60205       -8.90478      
0.60694       -8.88485      
0.61183       -8.79275      
0.61671       -8.69284      
0.62160       -8.60937      
0.62649       -8.62395      
0.63137       -8.58095      
0.63626       -8.44476      
0.64115       -8.35478      
0.64603       -8.30975      
0.65092       -8.22638      
0.65581       -8.15446      
0.66069       -8.03911      
0.66558       -7.93264      
0.67047       -7.84661      
0.67535       -7.84569      
0.68024       -7.77915      
0.68513       -7.62393      
0.69001       -7.60594      
0.69490       -7.41952      
0.69978       -7.42136      
0.70467       -7.40934      
0.70956       -7.30543      
0.71444       -7.12322      
0.71933       -7.04108      
0.72422       -7.09797      
0.72910       -7.02004      
0.73399       -6.74123      
0.73888       -6.80319      
0.74376       -6.80302      
0.74865       -6.63534      
0.75354       -6.55094      
0.75842       -6.60518      
0.76331       -6.56737      
0.76820       -6.46728      
0.77308       -6.38223      
0.77797       -6.39020      
0.78286       -6.34961      
0.78774       -6.29027      
0.79263       -6.29076      
0.79752       -6.22196      
0.80240       -6.09440      
0.80729       -6.05723      
0.81218       -6.07835      
0.81706       -6.04204      
0.82195       -5.96102      
0.82684       -5.89916      
0.83172       -5.93207      
0.83661       -5.83774      
0.84150       -5.71663      
0.84638       -5.79935      
0.85127       -5.77691      
0.85616       -5.67009      
0.86104       -5.63485      
0.86593       -5.58364      
0.87082       -5.56115      
0.87570       -5.53947      
0.88059       -5.45744      
0.88548       -5.36665      
0.89036       -5.34853      
0.89525       -5.35910      
0.90014       -5.32111      
0.90502       -5.19042      
0.90991       -5.14638      
0.91480       -5.20991      
0.91968       -5.14841      
0.92457       -5.03346      
0.92946       -5.06490      
0.93434       -5.09746      
0.93923       -4.97578      
0.94412       -4.88672      
0.94900       -4.95086      
0.95389       -4.93126      
0.95878       -4.81057      
0.96366       -4.79124      
0.96855       -4.80711      
0.97343       -4.74001      
0.97832       -4.63674      
0.98321       -4.66996      
0.98809       -4.68056      
0.99298       -4.55507      
0.99787       -4.51121      
1.00275       -4.58140      
1.00764       -4.54563      
1.01253       -4.42297      
1.01741       -4.37812      
1.02230       -4.44574      
1.02719       -4.39562      
1.03207       -4.27887      
1.03696       -4.24427      
1.04185       -4.23230      
1.04673       -4.11754      
1.05162       -4.06958      
1.05651       -4.11918      
1.06139       -4.09840      
1.06628       -4.03215      
1.07117       -3.98843      
1.07605       -3.99112      
1.08094       -4.03277      
1.08583       -3.93919      
1.09071       -3.84415      
1.09560       -3.87779      
1.10049       -3.84217      
1.10537       -3.78332      
1.11026       -3.75913      
1.11515       -3.73628      
1.12003       -3.73931      
1.12492       -3.69963      
1.12981       -3.62342      
1.13469       -3.67806      
1.13958       -3.65871      
1.14447       -3.55487      
1.14935       -3.57212      
1.15424       -3.56690      
1.15913       -3.49201      
1.16401       -3.45482      
1.16890       -3.45097      
1.17379       -3.38297      
1.17867       -3.34931      
1.18356       -3.35418      
1.18845       -3.33326      
1.19333       -3.31460      
1.19822       -3.27729      
1.20311       -3.22286      
1.20799       -3.26087      
1.21288       -3.28645      
1.21777       -3.18603      
1.22265       -3.11565      
1.22754       -3.14915      
1.23243       -3.13223      
1.23731       -3.06157      
1.24220       -3.08906      
1.24709       -3.08994      
1.25197       -2.98664      
1.25686       -2.93689      
1.26174       -2.96276      
1.26663       -2.93376      
1.27152       -2.81511      
1.27640       -2.76758      
1.28129       -2.84852      
1.28618       -2.75467      
1.29106       -2.64187      
1.29595       -2.74609      
1.30084       -2.77523      
1.30572       -2.62366      
1.31061       -2.57377      
1.31550       -2.64354      
1.32038       -2.67031      
1.32527       -2.61539      
1.33016       -2.55991      
1.33504       -2.63371      
1.33993       -2.65850      
1.34482       -2.63637      
1.34970       -2.59005      
1.35459       -2.55428      
1.35948       -2.50414      
1.36436       -2.51914      
1.36925       -2.49893      
1.37414       -2.44200      
1.37902       -2.41217      
1.38391       -2.41899      
1.38880       -2.41110      
1.39368       -2.41584      
1.39857       -2.40103      
1.40346       -2.29128      
1.40834       -2.26541      
1.41323       -2.37011      
1.41812       -2.35996      
1.42300       -2.26794      
1.42789       -2.27819      
1.43278       -2.30971      
1.43766       -2.28422      
1.44255       -2.26550      
1.44744       -2.29283      
1.45232       -2.18477      
1.45721       -2.18356      
1.46210       -2.22641      
1.46698       -2.18718      
1.47187       -2.13576      
1.47676       -2.10876      
1.48164       -2.03492      
1.48653       -2.06872      
1.49142       -2.09955      
1.49630       -2.03802      
1.50119       -2.10105      
1.50608       -2.08605      
1.51096       -2.07117      
1.51585       -2.05639      
1.52074       -2.04172      
1.52562       -2.02715      
1.53051       -2.01270      
1.53539       -1.99835      
1.54028       -1.98410      
1.54517       -1.96996      
1.55005       -1.95592      
1.55494       -1.94199      
1.55983       -1.92815      
1.56471       -1.91442      
1.56960       -1.90079      
1.57449       -1.88726      
1.57937       -1.87382      
1.58426       -1.86049      
1.58915       -1.84725      
1.59403       -1.83410      
1.59892       -1.82106      
1.60381       -1.80811      
1.60869       -1.79525      
1.61358       -1.78249      
1.61847       -1.76982      
1.62335       -1.75724      
1.62824       -1.74475      
1.63313       -1.73235      
1.63801       -1.72005      
1.64290       -1.70783      
1.64779       -1.69570      
1.65267       -1.68366      
1.65756       -1.67171      
1.66245       -1.65985      
1.66733       -1.64807      
1.67222       -1.63637      
1.67711       -1.62476      
1.68199       -1.61324      
1.68688       -1.60180      
1.69177       -1.59044      
1.69665       -1.57916      
1.70154       -1.56797      
1.70643       -1.55685      
1.71131       -1.54582      
1.71620       -1.53487      
1.72109       -1.52399      
1.72597       -1.51320      
1.73086       -1.50248      
1.73575       -1.49184      
1.74063       -1.48128      
1.74552       -1.47079      
1.75041       -1.46038      
1.75529       -1.45005      
1.76018       -1.43978      
1.76507       -1.42960      
1.76995       -1.41948      
1.77484       -1.40944      
1.77973       -1.39948      
1.78461       -1.38958      
1.78950       -1.37976      
1.79439       -1.37000      
1.79927       -1.36032      
1.80416       -1.35071      
1.80904       -1.34116      
1.81393       -1.33169      
1.81882       -1.32228      
1.82370       -1.31294      
1.82859       -1.30367      
1.83348       -1.29446      
1.83836       -1.28532      
1.84325       -1.27625      
1.84814       -1.26724      
1.85302       -1.25830      
1.85791       -1.24942      
1.86280       -1.24060      
1.86768       -1.23185      
1.87257       -1.22316      
1.87746       -1.21453      
1.88234       -1.20597      
1.88723       -1.19746      
1.89212       -1.18902      
1.89700       -1.18064      
1.90189       -1.17232      
1.90678       -1.16406      
1.91166       -1.15586      
1.91655       -1.14771      
1.92144       -1.13963      
1.92632       -1.13160      
1.93121       -1.12363      
1.93610       -1.11572      
1.94098       -1.10786      
1.94587       -1.10006      
1.95076       -1.09232      
1.95564       -1.08463      
1.96053       -1.07700      
1.96542       -1.06942      
1.97030       -1.06189      
1.97519       -1.05442      
1.98008       -1.04701      
1.98496       -1.03964      
1.98985       -1.03233      
1.99474       -1.02507      
1.99962       -1.01786      
2.00451       -1.01071      
2.00940       -1.00361      
2.01428       -0.99655      
2.01917       -0.98955      
2.02406       -0.98260      
2.02894       -0.97569      
2.03383       -0.96884      
2.03872       -0.96203      
2.04360       -0.95528      
2.04849       -0.94857      
2.05338       -0.94191      
2.05826       -0.93529      
2.06315       -0.92873      
2.06804       -0.92221      
2.07292       -0.91574      
2.07781       -0.90931      
2.08270       -0.90293      
2.08758       -0.89660      
2.09247       -0.89031      
2.09735       -0.88406      
2.10224       -0.87786      
2.10713       -0.87170      
2.11201       -0.86559      
2.11690       -0.85952      
2.12179       -0.85350      
2.12667       -0.84751      
2.13156       -0.84157      
2.13645       -0.83568      
2.14133       -0.82982      
2.14622       -0.82401      
2.15111       -0.81823      
2.15599       -0.81250      
2.16088       -0.80681      
2.16577       -0.80116      
2.17065       -0.79555      
2.17554       -0.78998      
2.18043       -0.78445      
2.18531       -0.77896      
2.19020       -0.77350      
2.19509       -0.76809      
2.19997       -0.76272      
2.20486       -0.75738      
2.20975       -0.75208      
2.21463       -0.74682      
2.21952       -0.74159      
2.22441       -0.73641      
2.22929       -0.73126      
2.23418       -0.72614      
2.23907       -0.72107      
2.24395       -0.71602      
2.24884       -0.71102      
2.25373       -0.70605      
2.25861       -0.70111      
2.26350       -0.69621      
2.26839       -0.69135      
2.27327       -0.68652      
2.27816       -0.68172      
2.28305       -0.67696      
2.28793       -0.67223      
2.29282       -0.66754      
2.29771       -0.66287      
2.30259       -0.65825      
2.30748       -0.65365      
2.31237       -0.64909      
2.31725       -0.64455      
2.32214       -0.64006      
2.32703       -0.63559      
2.33191       -0.63115      
2.33680       -0.62675      
2.34169       -0.62238      
2.34657       -0.61803      
2.35146       -0.61372      
2.35635       -0.60944      
2.36123       -0.60519      
2.36612       -0.60097      
2.37100       -0.59678      
2.37589       -0.59262      
2.38078       -0.58849      
2.38566       -0.58438      
2.39055       -0.58031      
2.39544       -0.57627      
2.40032       -0.57225      
2.40521       -0.56826      
2.41010       -0.56430      
2.41498       -0.56037      
2.41987       -0.55647      
2.42476       -0.55259      
2.42964       -0.54874      
2.43453       -0.54492      
2.43942       -0.54113      
2.44430       -0.53736      
2.44919       -0.53362      
2.45408       -0.52990      
2.45896       -0.52621      
2.46385       -0.52255      
2.46874       -0.51892      
2.47362       -0.51530      
2.47851       -0.51172      
2.48340       -0.50816      
2.48828       -0.50462      
2.49317       -0.50111      
2.49806       -0.49763      
2.50294       -0.49417      
2.50783       -0.49073      
2.51272       -0.48732      
2.51760       -0.48393      
2.52249       -0.48056      
2.52738       -0.47722      
2.53226       -0.47391      
2.53715       -0.47061      
2.54204       -0.46734      
2.54692       -0.46409      
2.55181       -0.46087      
2.55670       -0.45767      
2.56158       -0.45449      
2.56647       -0.45133      
2.57136       -0.44819      
2.57624       -0.44508      
2.58113       -0.44199      
2.58602       -0.43892      
2.59090       -0.43587      
2.59579       -0.43285      
2.60068       -0.42984      
2.60556       -0.42686      
2.61045       -0.42390      
2.61534       -0.42095      
2.62022       -0.41803      
2.62511       -0.41513      
2.63000       -0.41225      
2.63488       -0.40939      
2.63977       -0.40655      
2.64465       -0.40373      
2.64954       -0.40093      
2.65443       -0.39815      
2.65931       -0.39539      
2.66420       -0.39265      
2.66909       -0.38992      
2.67397       -0.38722      
2.67886       -0.38454      
2.68375       -0.38187      
2.68863       -0.37922      
2.69352       -0.37660      
2.69841       -0.37399      
2.70329       -0.37139      
2.70818       -0.36882      
2.71307       -0.36627      
2.71795       -0.36373      
2.72284       -0.36121      
2.72773       -0.35871      
2.73261       -0.35622      
2.73750       -0.35376      
2.74239       -0.35131      
2.74727       -0.34887      
2.75216       -0.34646      
2.75705       -0.34406      
2.76193       -0.34168      
2.76682       -0.33931      
2.77171       -0.33696      
2.77659       -0.33463      
2.78148       -0.33232      
2.78637       -0.33002      
2.79125       -0.32773      
2.79614       -0.32547      
2.80103       -0.32321      
2.80591       -0.32098      
2.81080       -0.31876      
2.81569       -0.31655      
2.82057       -0.31437      
2.82546       -0.31219      
2.83035       -0.31003      
2.83523       -0.30789      
2.84012       -0.30576      
2.84501       -0.30365      
2.84989       -0.30155      
2.85478       -0.29947      
2.85967       -0.29740      
2.86455       -0.29534      
2.86944       -0.29330      
2.87433       -0.29127      
2.87921       -0.28926      
2.88410       -0.28726      
2.88899       -0.28528      
2.89387       -0.28331      
2.89876       -0.28135      
2.90365       -0.27941      
2.90853       -0.27748      
2.91342       -0.27556      
2.91830       -0.27366      
2.92319       -0.27177      
2.92808       -0.26990      
2.93296       -0.26803      
2.93785       -0.26618      
2.94274       -0.26435      
2.94762       -0.26252      
2.95251       -0.26071      
2.95740       -0.25891      
2.96228       -0.25713      
2.96717       -0.25535      
2.97206       -0.25359      
2.97694       -0.25184      
2.98183       -0.25010      
2.98672       -0.24838      
2.99160       -0.24667      
2.99649       -0.24497      
3.00138       -0.24328      
3.00626       -0.24160      
3.01115       -0.23994      
3.01604       -0.23828      
3.02092       -0.23664      
3.02581       -0.23501      
3.03070       -0.23339      
3.03558       -0.23178      
3.04047       -0.23018      
3.04536       -0.22860      
3.05024       -0.22702      
3.05513       -0.22546      
3.06002       -0.22391      
3.06490       -0.22236      
3.06979       -0.22083      
3.07468       -0.21931      
3.07956       -0.21780      
3.08445       -0.21630      
3.08934       -0.21481      
3.09422       -0.21333      
3.09911       -0.21187      
3.10400       -0.21041      
3.10888       -0.20896      
3.11377       -0.20752      
3.11866       -0.20609      
3.12354       -0.20467      
3.12843       -0.20327      
3.13332       -0.20187      
3.13820       -0.20048      
3.14309       -0.19910      
3.14798       -0.19773      
3.15286       -0.19637      
3.15775       -0.19502      
3.16264       -0.19368      
3.16752       -0.19235      
3.17241       -0.19103      
3.17730       -0.18971      
3.18218       -0.18841      
3.18707       -0.18711      
3.19196       -0.18583      
3.19684       -0.18455      
3.20173       -0.18328      
3.20661       -0.18202      
3.21150       -0.18077      
3.21639       -0.17953      
3.22127       -0.17829      
3.22616       -0.17707      
3.23105       -0.17585      
3.23593       -0.17465      
3.24082       -0.17345      
3.24571       -0.17225      
3.25059       -0.17107      
3.25548       -0.16990      
3.26037       -0.16873      
3.26525       -0.16757      
3.27014       -0.16642      
3.27503       -0.16528      
3.27991       -0.16414      
3.28480       -0.16302      
3.28969       -0.16190      
3.29457       -0.16079      
3.29946       -0.15968      
3.30435       -0.15859      
3.30923       -0.15750      
3.31412       -0.15642      
3.31901       -0.15535      
3.32389       -0.15428      
3.32878       -0.15322      
3.33367       -0.15217      
3.33855       -0.15113      
3.34344       -0.15009      
3.34833       -0.14906      
3.35321       -0.14804      
3.35810       -0.14703      
3.36299       -0.14602      
3.36787       -0.14502      
3.37276       -0.14402      
3.37765       -0.14304      
3.38253       -0.14206      
3.38742       -0.14108      
3.39231       -0.14012      
3.39719       -0.13916      
3.40208       -0.13820      
3.40697       -0.13725      
3.41185       -0.13631      
3.41674       -0.13538      
3.42163       -0.13445      
3.42651       -0.13353      
3.43140       -0.13262      
3.43629       -0.13171      
3.44117       -0.13081      
3.44606       -0.12991      
3.45095       -0.12902      
3.45583       -0.12814      
3.46072       -0.12726      
3.46561       -0.12639      
3.47049       -0.12553      
3.47538       -0.12467      
3.48026       -0.12381      
3.48515       -0.12297      
3.49004       -0.12212      
3.49492       -0.12129      
3.49981       -0.12046      
3.50470       -0.11964      
3.50958       -0.11882      
3.51447       -0.11800      
3.51936       -0.11720      
3.52424       -0.11640      
3.52913       -0.11560      
3.53402       -0.11481      
3.53890       -0.11402      
3.54379       -0.11324      
3.54868       -0.11247      
3.55356       -0.11170      
3.55845       -0.11094      
3.56334       -0.11018      
3.56822       -0.10943      
3.57311       -0.10868      
3.57800       -0.10794      
3.58288       -0.10720      
3.58777       -0.10647      
3.59266       -0.10574      
3.59754       -0.10502      
3.60243       -0.10430      
3.60732       -0.10359      
3.61220       -0.10288      
3.61709       -0.10218      
3.62198       -0.10148      
3.62686       -0.10078      
3.63175       -0.10010      
3.63664       -0.09941      
3.64152       -0.09873      
3.64641       -0.09806      
3.65130       -0.09739      
3.65618       -0.09673      
3.66107       -0.09607      
3.66596       -0.09541      
3.67084       -0.09476      
3.67573       -0.09411      
3.68062       -0.09347      
3.68550       -0.09283      
3.69039       -0.09220      
3.69528       -0.09157      
3.70016       -0.09094      
3.70505       -0.09032      
3.70994       -0.08971      
3.71482       -0.08910      
3.71971       -0.08849      
3.72460       -0.08788      
3.72948       -0.08729      
3.73437       -0.08669      
3.73926       -0.08610      
3.74414       -0.08551      
3.74903       -0.08493      
3.75391       -0.08435      
3.75880       -0.08378      
3.76369       -0.08320      
3.76857       -0.08264      
3.77346       -0.08207      
3.77835       -0.08151      
3.78323       -0.08096      
3.78812       -0.08041      
3.79301       -0.07986      
3.79789       -0.07932      
3.80278       -0.07878      
3.80767       -0.07824      
3.81255       -0.07771      
3.81744       -0.07718      
3.82233       -0.07665      
3.82721       -0.07613      
3.83210       -0.07561      
3.83699       -0.07510      
3.84187       -0.07458      
3.84676       -0.07408      
3.85165       -0.07357      
3.85653       -0.07307      
3.86142       -0.07257      
3.86631       -0.07208      
3.87119       -0.07159      
3.87608       -0.07110      
3.88097       -0.07062      
3.88585       -0.07014      
3.89074       -0.06966      
3.89563       -0.06919      
3.90051       -0.06872      
3.90540       -0.06825      
3.91029       -0.06778      
3.91517       -0.06732      
3.92006       -0.06687      
3.92495       -0.06641      
3.92983       -0.06596      
3.93472       -0.06551      
3.93961       -0.06506      
3.94449       -0.06462      
3.94938       -0.06418      
3.95427       -0.06375      
3.95915       -0.06331      
3.96404       -0.06288      
3.96893       -0.06246      
3.97381       -0.06203      
3.97870       -0.06161      
3.98359       -0.06119      
3.98847       -0.06078      
3.99336       -0.06036      
3.99825       -0.05995      
4.00313       -0.05954      
4.00802       -0.05914      
4.01291       -0.05874      
4.01779       -0.05834      
4.02268       -0.05794      
4.02757       -0.05755      
4.03245       -0.05716      
4.03734       -0.05677      
4.04222       -0.05639      
4.04711       -0.05600      
4.05200       -0.05562      
4.05688       -0.05524      
4.06177       -0.05487      
4.06666       -0.05450      
4.07154       -0.05413      
4.07643       -0.05376      
4.08132       -0.05340      
4.08620       -0.05303      
4.09109       -0.05267      
4.09598       -0.05232      
4.10086       -0.05196      
4.10575       -0.05161      
4.11064       -0.05126      
4.11552       -0.05091      
4.12041       -0.05056      
4.12530       -0.05022      
4.13018       -0.04988      
4.13507       -0.04954      
4.13996       -0.04921      
4.14484       -0.04887      
4.14973       -0.04854      
4.15462       -0.04821      
4.15950       -0.04789      
4.16439       -0.04756      
4.16928       -0.04724      
4.17416       -0.04692      
4.17905       -0.04660      
4.18394       -0.04629      
4.18882       -0.04597      
4.19371       -0.04566      
4.19860       -0.04535      
4.20348       -0.04504      
4.20837       -0.04474      
4.21326       -0.04444      
4.21814       -0.04413      
4.22303       -0.04384      
4.22792       -0.04354      
4.23280       -0.04324      
4.23769       -0.04295      
4.24258       -0.04266      
4.24746       -0.04237      
4.25235       -0.04208      
4.25724       -0.04180      
4.26212       -0.04152      
4.26701       -0.04123      
4.27190       -0.04096      
4.27678       -0.04068      
4.28167       -0.04040      
4.28656       -0.04013      
4.29144       -0.03986      
4.29633       -0.03959      
4.30122       -0.03932      
4.30610       -0.03905      
4.31099       -0.03879      
4.31587       -0.03853      
4.32076       -0.03827      
4.32565       -0.03801      
4.33053       -0.03775      
4.33542       -0.03750      
4.34031       -0.03724      
4.34519       -0.03699      
4.35008       -0.03674      
4.35497       -0.03649      
4.35985       -0.03625      
4.36474       -0.03600      
4.36963       -0.03576      
4.37451       -0.03552      
4.37940       -0.03528      
4.38429       -0.03504      
4.38917       -0.03480      
4.39406       -0.03456      
4.39895       -0.03433      
4.40383       -0.03410      
4.40872       -0.03387      
4.41361       -0.03364      
4.41849       -0.03341      
4.42338       -0.03319      
4.42827       -0.03296      
4.43315       -0.03274      
4.43804       -0.03252      
4.44293       -0.03230      
4.44781       -0.03208      
4.45270       -0.03186      
4.45759       -0.03165      
4.46247       -0.03144      
4.46736       -0.03122      
4.47225       -0.03101      
4.47713       -0.03080      
4.48202       -0.03060      
4.48691       -0.03039      
4.49179       -0.03018      
4.49668       -0.02998      
4.50157       -0.02978      
4.50645       -0.02958      
4.51134       -0.02938      
4.51623       -0.02918      
4.52111       -0.02898      
4.52600       -0.02879      
4.53089       -0.02859      
4.53577       -0.02840      
4.54066       -0.02821      
4.54555       -0.02802      
4.55043       -0.02783      
4.55532       -0.02764      
4.56021       -0.02745      
4.56509       -0.02727      
4.56998       -0.02709      
4.57487       -0.02690      
4.57975       -0.02672      
4.58464       -0.02654      
4.58952       -0.02636      
4.59441       -0.02618      
4.59930       -0.02601      
4.60418       -0.02583      
4.60907       -0.02566      
4.61396       -0.02549      
4.61884       -0.02531      
4.62373       -0.02514      
4.62862       -0.02497      
4.63350       -0.02481      
4.63839       -0.02464      
4.64328       -0.02447      
4.64816       -0.02431      
4.65305       -0.02414      
4.65794       -0.02398      
4.66282       -0.02382      
4.66771       -0.02366      
4.67260       -0.02350      
4.67748       -0.02334      
4.68237       -0.02319      
4.68726       -0.02303      
4.69214       -0.02287      
4.69703       -0.02272      
4.70192       -0.02257      
4.70680       -0.02242      
4.71169       -0.02226      
4.71658       -0.02211      
4.72146       -0.02197      
4.72635       -0.02182      
4.73124       -0.02167      
4.73612       -0.02153      
4.74101       -0.02138      
4.74590       -0.02124      
4.75078       -0.02109      
4.75567       -0.02095      
4.76056       -0.02081      
4.76544       -0.02067      
4.77033       -0.02053      
4.77522       -0.02039      
4.78010       -0.02026      
4.78499       -0.02012      
4.78988       -0.01999      
4.79476       -0.01985      
4.79965       -0.01972      
4.80454       -0.01959      
4.80942       -0.01945      
4.81431       -0.01932      
4.81920       -0.01919      
4.82408       -0.01906      
4.82897       -0.01894      
4.83386       -0.01881      
4.83874       -0.01868      
4.84363       -0.01856      
4.84852       -0.01843      
4.85340       -0.01831      
4.85829       -0.01819      
4.86317       -0.01806      
4.86806       -0.01794      
4.87295       -0.01782      
4.87783       -0.01770      
4.88272       -0.01758      
4.88761       -0.01747      
4.89249       -0.01735      
4.89738       -0.01723      
4.90227       -0.01712      
4.90715       -0.01700      
4.91204       -0.01689      
4.91693       -0.01677      
4.92181       -0.01666      
4.92670       -0.01655      
4.93159       -0.01644      
4.93647       -0.01633      
4.94136       -0.01622      
4.94625       -0.01611      
4.95113       -0.01600      
4.95602       -0.01589      
4.96091       -0.01579      
4.96579       -0.01568      
4.97068       -0.01558      
4.97557       -0.01547      
4.98045       -0.01537      
4.98534       -0.01527      
4.99023       -0.01516      
4.99511       -0.01506      
5.00000       -0.01496      
