0.00100       999999999995992510300160.00000
0.00589       577588570142701.25000
0.01077       409124583199.84808
0.01566       4597878222.34877
0.02055       176670087.47197
0.02543       13652774.89176
0.03032       1656958.90406 
0.03521       275784.65234  
0.04009       57973.29398   
0.04498       14585.88784   
0.04987       4232.93406    
0.05475       1380.05737    
0.05964       495.68047     
0.06453       193.34350     
0.06941       80.74929      
0.07430       35.95316      
0.07919       16.86516      
0.08407       7.99860       
0.08896       4.04537       
0.09385       2.06148       
0.09873       1.05883       
0.10362       0.96330       
0.10851       0.88613       
0.11339       1.08317       
0.11828       1.45636       
0.12317       1.71944       
0.12805       2.09475       
0.13294       2.42046       
0.13783       2.64751       
0.14271       2.75421       
0.14760       2.70491       
0.15248       2.43359       
0.15737       2.01738       
0.16226       1.58788       
0.16714       1.15727       
0.17203       0.67311       
0.17692       0.19211       
0.18180       -0.16238      
0.18669       -0.39325      
0.19158       -0.66896      
0.19646       -0.89662      
0.20135       -0.83681      
0.20624       -0.75637      
0.21112       -0.89139      
0.21601       -0.68592      
0.22090       -0.48781      
0.22578       -0.41637      
0.23067       -0.25171      
0.23556       -0.00196      
0.24044       0.31447       
0.24533       0.60506       
0.25022       0.77045       
0.25510       0.86545       
0.25999       1.05358       
0.26488       1.40881       
0.26976       1.66238       
0.27465       1.62380       
0.27954       1.64700       
0.28442       1.89945       
0.28931       2.08832       
0.29420       2.13066       
0.29908       2.22197       
0.30397       2.41655       
0.30886       2.51486       
0.31374       2.49123       
0.31863       2.55611       
0.32352       2.73409       
0.32840       2.83735       
0.33329       2.82538       
0.33818       2.78358       
0.34306       2.77457       
0.34795       2.81570       
0.35284       2.82975       
0.35772       2.77036       
0.36261       2.67467       
0.36750       2.56034       
0.37238       2.44888       
0.37727       2.34701       
0.38216       2.25733       
0.38704       2.15115       
0.39193       2.03284       
0.39682       1.89829       
0.40170       1.76003       
0.40659       1.63080       
0.41148       1.51203       
0.41636       1.40517       
0.42125       1.30378       
0.42613       1.19493       
0.43102       1.08562       
0.43591       0.96988       
0.44079       0.86426       
0.44568       0.77681       
0.45057       0.70904       
0.45545       0.65170       
0.46034       0.57849       
0.46523       0.46591       
0.47011       0.32006       
0.47500       0.20421       
0.47989       0.16959       
0.48477       0.22129       
0.48966       0.27129       
0.49455       0.19253       
0.49943       0.01177       
0.50432       -0.08103      
0.50921       -0.05094      
0.51409       -0.01922      
0.51898       -0.03206      
0.52387       -0.05848      
0.52875       -0.07188      
0.53364       -0.09524      
0.53853       -0.10670      
0.54341       -0.11053      
0.54830       -0.12510      
0.55319       -0.15835      
0.55807       -0.17192      
0.56296       -0.15619      
0.56785       -0.12187      
0.57273       -0.11206      
0.57762       -0.13494      
0.58251       -0.14736      
0.58739       -0.13294      
0.59228       -0.11305      
0.59717       -0.10962      
0.60205       -0.12656      
0.60694       -0.12540      
0.61183       -0.07324      
0.61671       0.00192       
0.62160       0.04909       
0.62649       0.04868       
0.63137       0.02253       
0.63626       -0.00516      
0.64115       -0.00288      
0.64603       0.03092       
0.65092       0.08188       
0.65581       0.11502       
0.66069       0.10783       
0.66558       0.08305       
0.67047       0.08064       
0.67535       0.13551       
0.68024       0.21481       
0.68513       0.23980       
0.69001       0.19509       
0.69490       0.12227       
0.69978       0.12948       
0.70467       0.20686       
0.70956       0.24618       
0.71444       0.20716       
0.71933       0.13338       
0.72422       0.10906       
0.72910       0.13659       
0.73399       0.15700       
0.73888       0.14376       
0.74376       0.13490       
0.74865       0.14805       
0.75354       0.10233       
0.75842       -0.02280      
0.76331       -0.03837      
0.76820       0.07380       
0.77308       0.09467       
0.77797       -0.02744      
0.78286       -0.15603      
0.78774       -0.12037      
0.79263       -0.01857      
0.79752       -0.00705      
0.80240       -0.07469      
0.80729       -0.12724      
0.81218       -0.15014      
0.81706       -0.15845      
0.82195       -0.16241      
0.82684       -0.17216      
0.83172       -0.18668      
0.83661       -0.19484      
0.84150       -0.19389      
0.84638       -0.18829      
0.85127       -0.19210      
0.85616       -0.22085      
0.86104       -0.26243      
0.86593       -0.27345      
0.87082       -0.25246      
0.87570       -0.24911      
0.88059       -0.26023      
0.88548       -0.25680      
0.89036       -0.23517      
0.89525       -0.21380      
0.90014       -0.20432      
0.90502       -0.20339      
0.90991       -0.21931      
0.91480       -0.25724      
0.91968       -0.26696      
0.92457       -0.19673      
0.92946       -0.09656      
0.93434       -0.07304      
0.93923       -0.13564      
0.94412       -0.19552      
0.94900       -0.18085      
0.95389       -0.11948      
0.95878       -0.09806      
0.96366       -0.13143      
0.96855       -0.16041      
0.97343       -0.15758      
0.97832       -0.13485      
0.98321       -0.11299      
0.98809       -0.10011      
0.99298       -0.09230      
0.99787       -0.09516      
1.00275       -0.11646      
1.00764       -0.14590      
1.01253       -0.15578      
1.01741       -0.14289      
1.02230       -0.11952      
1.02719       -0.09094      
1.03207       -0.09306      
1.03696       -0.12678      
1.04185       -0.15374      
1.04673       -0.16040      
1.05162       -0.17312      
1.05651       -0.19089      
1.06139       -0.16973      
1.06628       -0.11066      
1.07117       -0.06870      
1.07605       -0.09859      
1.08094       -0.20412      
1.08583       -0.24918      
1.09071       -0.17204      
1.09560       -0.11944      
1.10049       -0.11092      
1.10537       -0.13140      
1.11026       -0.18716      
1.11515       -0.23332      
1.12003       -0.22738      
1.12492       -0.18489      
1.12981       -0.14633      
1.13469       -0.14317      
1.13958       -0.17357      
1.14447       -0.20546      
1.14935       -0.21704      
1.15424       -0.19494      
1.15913       -0.16629      
1.16401       -0.14542      
1.16890       -0.15533      
1.17379       -0.17725      
1.17867       -0.19888      
1.18356       -0.20784      
1.18845       -0.19630      
1.19333       -0.15898      
1.19822       -0.12342      
1.20311       -0.12080      
1.20799       -0.14145      
1.21288       -0.16599      
1.21777       -0.17943      
1.22265       -0.19325      
1.22754       -0.22124      
1.23243       -0.22916      
1.23731       -0.21105      
1.24220       -0.20574      
1.24709       -0.19469      
1.25197       -0.19974      
1.25686       -0.20380      
1.26174       -0.13926      
1.26663       -0.16965      
1.27152       -0.20716      
1.27640       -0.21874      
1.28129       -0.20640      
1.28618       -0.16894      
1.29106       -0.15052      
1.29595       -0.16532      
1.30084       -0.18621      
1.30572       -0.17511      
1.31061       -0.14182      
1.31550       -0.13685      
1.32038       -0.14692      
1.32527       -0.13615      
1.33016       -0.16767      
1.33504       -0.23551      
1.33993       -0.21956      
1.34482       -0.14476      
1.34970       -0.12879      
1.35459       -0.16691      
1.35948       -0.19396      
1.36436       -0.18702      
1.36925       -0.15305      
1.37414       -0.12691      
1.37902       -0.11699      
1.38391       -0.14533      
1.38880       -0.17495      
1.39368       -0.13486      
1.39857       -0.06191      
1.40346       -0.07050      
1.40834       -0.14322      
1.41323       -0.13904      
1.41812       -0.10705      
1.42300       -0.09713      
1.42789       -0.09684      
1.43278       -0.10894      
1.43766       -0.08617      
1.44255       -0.04531      
1.44744       -0.03890      
1.45232       -0.04743      
1.45721       -0.07538      
1.46210       -0.10857      
1.46698       -0.10516      
1.47187       -0.06554      
1.47676       -0.03911      
1.48164       -0.04365      
1.48653       -0.04195      
1.49142       -0.02290      
1.49630       0.00130       
1.50119       -0.00302      
1.50608       -0.00299      
1.51096       -0.00295      
1.51585       -0.00292      
1.52074       -0.00289      
1.52562       -0.00285      
1.53051       -0.00282      
1.53539       -0.00279      
1.54028       -0.00276      
1.54517       -0.00273      
1.55005       -0.00270      
1.55494       -0.00267      
1.55983       -0.00264      
1.56471       -0.00261      
1.56960       -0.00258      
1.57449       -0.00255      
1.57937       -0.00252      
1.58426       -0.00249      
1.58915       -0.00247      
1.59403       -0.00244      
1.59892       -0.00241      
1.60381       -0.00239      
1.60869       -0.00236      
1.61358       -0.00234      
1.61847       -0.00231      
1.62335       -0.00229      
1.62824       -0.00226      
1.63313       -0.00224      
1.63801       -0.00221      
1.64290       -0.00219      
1.64779       -0.00217      
1.65267       -0.00214      
1.65756       -0.00212      
1.66245       -0.00210      
1.66733       -0.00208      
1.67222       -0.00206      
1.67711       -0.00203      
1.68199       -0.00201      
1.68688       -0.00199      
1.69177       -0.00197      
1.69665       -0.00195      
1.70154       -0.00193      
1.70643       -0.00191      
1.71131       -0.00189      
1.71620       -0.00187      
1.72109       -0.00185      
1.72597       -0.00184      
1.73086       -0.00182      
1.73575       -0.00180      
1.74063       -0.00178      
1.74552       -0.00176      
1.75041       -0.00174      
1.75529       -0.00173      
1.76018       -0.00171      
1.76507       -0.00169      
1.76995       -0.00168      
1.77484       -0.00166      
1.77973       -0.00164      
1.78461       -0.00163      
1.78950       -0.00161      
1.79439       -0.00160      
1.79927       -0.00158      
1.80416       -0.00156      
1.80904       -0.00155      
1.81393       -0.00153      
1.81882       -0.00152      
1.82370       -0.00150      
1.82859       -0.00149      
1.83348       -0.00148      
1.83836       -0.00146      
1.84325       -0.00145      
1.84814       -0.00143      
1.85302       -0.00142      
1.85791       -0.00141      
1.86280       -0.00139      
1.86768       -0.00138      
1.87257       -0.00137      
1.87746       -0.00135      
1.88234       -0.00134      
1.88723       -0.00133      
1.89212       -0.00132      
1.89700       -0.00130      
1.90189       -0.00129      
1.90678       -0.00128      
1.91166       -0.00127      
1.91655       -0.00126      
1.92144       -0.00125      
1.92632       -0.00123      
1.93121       -0.00122      
1.93610       -0.00121      
1.94098       -0.00120      
1.94587       -0.00119      
1.95076       -0.00118      
1.95564       -0.00117      
1.96053       -0.00116      
1.96542       -0.00115      
1.97030       -0.00114      
1.97519       -0.00113      
1.98008       -0.00112      
1.98496       -0.00111      
1.98985       -0.00110      
1.99474       -0.00109      
1.99962       -0.00108      
2.00451       -0.00107      
2.00940       -0.00106      
2.01428       -0.00105      
2.01917       -0.00104      
2.02406       -0.00103      
2.02894       -0.00102      
2.03383       -0.00101      
2.03872       -0.00100      
2.04360       -0.00099      
2.04849       -0.00099      
2.05338       -0.00098      
2.05826       -0.00097      
2.06315       -0.00096      
2.06804       -0.00095      
2.07292       -0.00094      
2.07781       -0.00094      
2.08270       -0.00093      
2.08758       -0.00092      
2.09247       -0.00091      
2.09735       -0.00090      
2.10224       -0.00090      
2.10713       -0.00089      
2.11201       -0.00088      
2.11690       -0.00087      
2.12179       -0.00087      
2.12667       -0.00086      
2.13156       -0.00085      
2.13645       -0.00085      
2.14133       -0.00084      
2.14622       -0.00083      
2.15111       -0.00082      
2.15599       -0.00082      
2.16088       -0.00081      
2.16577       -0.00080      
2.17065       -0.00080      
2.17554       -0.00079      
2.18043       -0.00078      
2.18531       -0.00078      
2.19020       -0.00077      
2.19509       -0.00077      
2.19997       -0.00076      
2.20486       -0.00075      
2.20975       -0.00075      
2.21463       -0.00074      
2.21952       -0.00073      
2.22441       -0.00073      
2.22929       -0.00072      
2.23418       -0.00072      
2.23907       -0.00071      
2.24395       -0.00071      
2.24884       -0.00070      
2.25373       -0.00069      
2.25861       -0.00069      
2.26350       -0.00068      
2.26839       -0.00068      
2.27327       -0.00067      
2.27816       -0.00067      
2.28305       -0.00066      
2.28793       -0.00066      
2.29282       -0.00065      
2.29771       -0.00065      
2.30259       -0.00064      
2.30748       -0.00064      
2.31237       -0.00063      
2.31725       -0.00063      
2.32214       -0.00062      
2.32703       -0.00062      
2.33191       -0.00061      
2.33680       -0.00061      
2.34169       -0.00060      
2.34657       -0.00060      
2.35146       -0.00059      
2.35635       -0.00059      
2.36123       -0.00058      
2.36612       -0.00058      
2.37100       -0.00058      
2.37589       -0.00057      
2.38078       -0.00057      
2.38566       -0.00056      
2.39055       -0.00056      
2.39544       -0.00055      
2.40032       -0.00055      
2.40521       -0.00055      
2.41010       -0.00054      
2.41498       -0.00054      
2.41987       -0.00053      
2.42476       -0.00053      
2.42964       -0.00053      
2.43453       -0.00052      
2.43942       -0.00052      
2.44430       -0.00051      
2.44919       -0.00051      
2.45408       -0.00051      
2.45896       -0.00050      
2.46385       -0.00050      
2.46874       -0.00049      
2.47362       -0.00049      
2.47851       -0.00049      
2.48340       -0.00048      
2.48828       -0.00048      
2.49317       -0.00048      
2.49806       -0.00047      
2.50294       -0.00047      
2.50783       -0.00047      
2.51272       -0.00046      
2.51760       -0.00046      
2.52249       -0.00046      
2.52738       -0.00045      
2.53226       -0.00045      
2.53715       -0.00045      
2.54204       -0.00044      
2.54692       -0.00044      
2.55181       -0.00044      
2.55670       -0.00043      
2.56158       -0.00043      
2.56647       -0.00043      
2.57136       -0.00042      
2.57624       -0.00042      
2.58113       -0.00042      
2.58602       -0.00042      
2.59090       -0.00041      
2.59579       -0.00041      
2.60068       -0.00041      
2.60556       -0.00040      
2.61045       -0.00040      
2.61534       -0.00040      
2.62022       -0.00040      
2.62511       -0.00039      
2.63000       -0.00039      
2.63488       -0.00039      
2.63977       -0.00038      
2.64465       -0.00038      
2.64954       -0.00038      
2.65443       -0.00038      
2.65931       -0.00037      
2.66420       -0.00037      
2.66909       -0.00037      
2.67397       -0.00037      
2.67886       -0.00036      
2.68375       -0.00036      
2.68863       -0.00036      
2.69352       -0.00036      
2.69841       -0.00035      
2.70329       -0.00035      
2.70818       -0.00035      
2.71307       -0.00035      
2.71795       -0.00034      
2.72284       -0.00034      
2.72773       -0.00034      
2.73261       -0.00034      
2.73750       -0.00034      
2.74239       -0.00033      
2.74727       -0.00033      
2.75216       -0.00033      
2.75705       -0.00033      
2.76193       -0.00032      
2.76682       -0.00032      
2.77171       -0.00032      
2.77659       -0.00032      
2.78148       -0.00032      
2.78637       -0.00031      
2.79125       -0.00031      
2.79614       -0.00031      
2.80103       -0.00031      
2.80591       -0.00031      
2.81080       -0.00030      
2.81569       -0.00030      
2.82057       -0.00030      
2.82546       -0.00030      
2.83035       -0.00030      
2.83523       -0.00029      
2.84012       -0.00029      
2.84501       -0.00029      
2.84989       -0.00029      
2.85478       -0.00029      
2.85967       -0.00028      
2.86455       -0.00028      
2.86944       -0.00028      
2.87433       -0.00028      
2.87921       -0.00028      
2.88410       -0.00027      
2.88899       -0.00027      
2.89387       -0.00027      
2.89876       -0.00027      
2.90365       -0.00027      
2.90853       -0.00027      
2.91342       -0.00026      
2.91830       -0.00026      
2.92319       -0.00026      
2.92808       -0.00026      
2.93296       -0.00026      
2.93785       -0.00026      
2.94274       -0.00025      
2.94762       -0.00025      
2.95251       -0.00025      
2.95740       -0.00025      
2.96228       -0.00025      
2.96717       -0.00025      
2.97206       -0.00025      
2.97694       -0.00024      
2.98183       -0.00024      
2.98672       -0.00024      
2.99160       -0.00024      
2.99649       -0.00024      
3.00138       -0.00024      
3.00626       -0.00023      
3.01115       -0.00023      
3.01604       -0.00023      
3.02092       -0.00023      
3.02581       -0.00023      
3.03070       -0.00023      
3.03558       -0.00023      
3.04047       -0.00022      
3.04536       -0.00022      
3.05024       -0.00022      
3.05513       -0.00022      
3.06002       -0.00022      
3.06490       -0.00022      
3.06979       -0.00022      
3.07468       -0.00022      
3.07956       -0.00021      
3.08445       -0.00021      
3.08934       -0.00021      
3.09422       -0.00021      
3.09911       -0.00021      
3.10400       -0.00021      
3.10888       -0.00021      
3.11377       -0.00020      
3.11866       -0.00020      
3.12354       -0.00020      
3.12843       -0.00020      
3.13332       -0.00020      
3.13820       -0.00020      
3.14309       -0.00020      
3.14798       -0.00020      
3.15286       -0.00020      
3.15775       -0.00019      
3.16264       -0.00019      
3.16752       -0.00019      
3.17241       -0.00019      
3.17730       -0.00019      
3.18218       -0.00019      
3.18707       -0.00019      
3.19196       -0.00019      
3.19684       -0.00018      
3.20173       -0.00018      
3.20661       -0.00018      
3.21150       -0.00018      
3.21639       -0.00018      
3.22127       -0.00018      
3.22616       -0.00018      
3.23105       -0.00018      
3.23593       -0.00018      
3.24082       -0.00018      
3.24571       -0.00017      
3.25059       -0.00017      
3.25548       -0.00017      
3.26037       -0.00017      
3.26525       -0.00017      
3.27014       -0.00017      
3.27503       -0.00017      
3.27991       -0.00017      
3.28480       -0.00017      
3.28969       -0.00017      
3.29457       -0.00016      
3.29946       -0.00016      
3.30435       -0.00016      
3.30923       -0.00016      
3.31412       -0.00016      
3.31901       -0.00016      
3.32389       -0.00016      
3.32878       -0.00016      
3.33367       -0.00016      
3.33855       -0.00016      
3.34344       -0.00016      
3.34833       -0.00015      
3.35321       -0.00015      
3.35810       -0.00015      
3.36299       -0.00015      
3.36787       -0.00015      
3.37276       -0.00015      
3.37765       -0.00015      
3.38253       -0.00015      
3.38742       -0.00015      
3.39231       -0.00015      
3.39719       -0.00015      
3.40208       -0.00015      
3.40697       -0.00014      
3.41185       -0.00014      
3.41674       -0.00014      
3.42163       -0.00014      
3.42651       -0.00014      
3.43140       -0.00014      
3.43629       -0.00014      
3.44117       -0.00014      
3.44606       -0.00014      
3.45095       -0.00014      
3.45583       -0.00014      
3.46072       -0.00014      
3.46561       -0.00014      
3.47049       -0.00013      
3.47538       -0.00013      
3.48026       -0.00013      
3.48515       -0.00013      
3.49004       -0.00013      
3.49492       -0.00013      
3.49981       -0.00013      
3.50470       -0.00013      
3.50958       -0.00013      
3.51447       -0.00013      
3.51936       -0.00013      
3.52424       -0.00013      
3.52913       -0.00013      
3.53402       -0.00013      
3.53890       -0.00012      
3.54379       -0.00012      
3.54868       -0.00012      
3.55356       -0.00012      
3.55845       -0.00012      
3.56334       -0.00012      
3.56822       -0.00012      
3.57311       -0.00012      
3.57800       -0.00012      
3.58288       -0.00012      
3.58777       -0.00012      
3.59266       -0.00012      
3.59754       -0.00012      
3.60243       -0.00012      
3.60732       -0.00012      
3.61220       -0.00011      
3.61709       -0.00011      
3.62198       -0.00011      
3.62686       -0.00011      
3.63175       -0.00011      
3.63664       -0.00011      
3.64152       -0.00011      
3.64641       -0.00011      
3.65130       -0.00011      
3.65618       -0.00011      
3.66107       -0.00011      
3.66596       -0.00011      
3.67084       -0.00011      
3.67573       -0.00011      
3.68062       -0.00011      
3.68550       -0.00011      
3.69039       -0.00011      
3.69528       -0.00010      
3.70016       -0.00010      
3.70505       -0.00010      
3.70994       -0.00010      
3.71482       -0.00010      
3.71971       -0.00010      
3.72460       -0.00010      
3.72948       -0.00010      
3.73437       -0.00010      
3.73926       -0.00010      
3.74414       -0.00010      
3.74903       -0.00010      
3.75391       -0.00010      
3.75880       -0.00010      
3.76369       -0.00010      
3.76857       -0.00010      
3.77346       -0.00010      
3.77835       -0.00010      
3.78323       -0.00010      
3.78812       -0.00010      
3.79301       -0.00009      
3.79789       -0.00009      
3.80278       -0.00009      
3.80767       -0.00009      
3.81255       -0.00009      
3.81744       -0.00009      
3.82233       -0.00009      
3.82721       -0.00009      
3.83210       -0.00009      
3.83699       -0.00009      
3.84187       -0.00009      
3.84676       -0.00009      
3.85165       -0.00009      
3.85653       -0.00009      
3.86142       -0.00009      
3.86631       -0.00009      
3.87119       -0.00009      
3.87608       -0.00009      
3.88097       -0.00009      
3.88585       -0.00009      
3.89074       -0.00009      
3.89563       -0.00008      
3.90051       -0.00008      
3.90540       -0.00008      
3.91029       -0.00008      
3.91517       -0.00008      
3.92006       -0.00008      
3.92495       -0.00008      
3.92983       -0.00008      
3.93472       -0.00008      
3.93961       -0.00008      
3.94449       -0.00008      
3.94938       -0.00008      
3.95427       -0.00008      
3.95915       -0.00008      
3.96404       -0.00008      
3.96893       -0.00008      
3.97381       -0.00008      
3.97870       -0.00008      
3.98359       -0.00008      
3.98847       -0.00008      
3.99336       -0.00008      
3.99825       -0.00008      
4.00313       -0.00008      
4.00802       -0.00008      
4.01291       -0.00008      
4.01779       -0.00008      
4.02268       -0.00007      
4.02757       -0.00007      
4.03245       -0.00007      
4.03734       -0.00007      
4.04222       -0.00007      
4.04711       -0.00007      
4.05200       -0.00007      
4.05688       -0.00007      
4.06177       -0.00007      
4.06666       -0.00007      
4.07154       -0.00007      
4.07643       -0.00007      
4.08132       -0.00007      
4.08620       -0.00007      
4.09109       -0.00007      
4.09598       -0.00007      
4.10086       -0.00007      
4.10575       -0.00007      
4.11064       -0.00007      
4.11552       -0.00007      
4.12041       -0.00007      
4.12530       -0.00007      
4.13018       -0.00007      
4.13507       -0.00007      
4.13996       -0.00007      
4.14484       -0.00007      
4.14973       -0.00007      
4.15462       -0.00007      
4.15950       -0.00007      
4.16439       -0.00006      
4.16928       -0.00006      
4.17416       -0.00006      
4.17905       -0.00006      
4.18394       -0.00006      
4.18882       -0.00006      
4.19371       -0.00006      
4.19860       -0.00006      
4.20348       -0.00006      
4.20837       -0.00006      
4.21326       -0.00006      
4.21814       -0.00006      
4.22303       -0.00006      
4.22792       -0.00006      
4.23280       -0.00006      
4.23769       -0.00006      
4.24258       -0.00006      
4.24746       -0.00006      
4.25235       -0.00006      
4.25724       -0.00006      
4.26212       -0.00006      
4.26701       -0.00006      
4.27190       -0.00006      
4.27678       -0.00006      
4.28167       -0.00006      
4.28656       -0.00006      
4.29144       -0.00006      
4.29633       -0.00006      
4.30122       -0.00006      
4.30610       -0.00006      
4.31099       -0.00006      
4.31587       -0.00006      
4.32076       -0.00006      
4.32565       -0.00006      
4.33053       -0.00006      
4.33542       -0.00006      
4.34031       -0.00005      
4.34519       -0.00005      
4.35008       -0.00005      
4.35497       -0.00005      
4.35985       -0.00005      
4.36474       -0.00005      
4.36963       -0.00005      
4.37451       -0.00005      
4.37940       -0.00005      
4.38429       -0.00005      
4.38917       -0.00005      
4.39406       -0.00005      
4.39895       -0.00005      
4.40383       -0.00005      
4.40872       -0.00005      
4.41361       -0.00005      
4.41849       -0.00005      
4.42338       -0.00005      
4.42827       -0.00005      
4.43315       -0.00005      
4.43804       -0.00005      
4.44293       -0.00005      
4.44781       -0.00005      
4.45270       -0.00005      
4.45759       -0.00005      
4.46247       -0.00005      
4.46736       -0.00005      
4.47225       -0.00005      
4.47713       -0.00005      
4.48202       -0.00005      
4.48691       -0.00005      
4.49179       -0.00005      
4.49668       -0.00005      
4.50157       -0.00005      
4.50645       -0.00005      
4.51134       -0.00005      
4.51623       -0.00005      
4.52111       -0.00005      
4.52600       -0.00005      
4.53089       -0.00005      
4.53577       -0.00005      
4.54066       -0.00005      
4.54555       -0.00005      
4.55043       -0.00005      
4.55532       -0.00005      
4.56021       -0.00004      
4.56509       -0.00004      
4.56998       -0.00004      
4.57487       -0.00004      
4.57975       -0.00004      
4.58464       -0.00004      
4.58952       -0.00004      
4.59441       -0.00004      
4.59930       -0.00004      
4.60418       -0.00004      
4.60907       -0.00004      
4.61396       -0.00004      
4.61884       -0.00004      
4.62373       -0.00004      
4.62862       -0.00004      
4.63350       -0.00004      
4.63839       -0.00004      
4.64328       -0.00004      
4.64816       -0.00004      
4.65305       -0.00004      
4.65794       -0.00004      
4.66282       -0.00004      
4.66771       -0.00004      
4.67260       -0.00004      
4.67748       -0.00004      
4.68237       -0.00004      
4.68726       -0.00004      
4.69214       -0.00004      
4.69703       -0.00004      
4.70192       -0.00004      
4.70680       -0.00004      
4.71169       -0.00004      
4.71658       -0.00004      
4.72146       -0.00004      
4.72635       -0.00004      
4.73124       -0.00004      
4.73612       -0.00004      
4.74101       -0.00004      
4.74590       -0.00004      
4.75078       -0.00004      
4.75567       -0.00004      
4.76056       -0.00004      
4.76544       -0.00004      
4.77033       -0.00004      
4.77522       -0.00004      
4.78010       -0.00004      
4.78499       -0.00004      
4.78988       -0.00004      
4.79476       -0.00004      
4.79965       -0.00004      
4.80454       -0.00004      
4.80942       -0.00004      
4.81431       -0.00004      
4.81920       -0.00004      
4.82408       -0.00004      
4.82897       -0.00004      
4.83386       -0.00004      
4.83874       -0.00004      
4.84363       -0.00004      
4.84852       -0.00003      
4.85340       -0.00003      
4.85829       -0.00003      
4.86317       -0.00003      
4.86806       -0.00003      
4.87295       -0.00003      
4.87783       -0.00003      
4.88272       -0.00003      
4.88761       -0.00003      
4.89249       -0.00003      
4.89738       -0.00003      
4.90227       -0.00003      
4.90715       -0.00003      
4.91204       -0.00003      
4.91693       -0.00003      
4.92181       -0.00003      
4.92670       -0.00003      
4.93159       -0.00003      
4.93647       -0.00003      
4.94136       -0.00003      
4.94625       -0.00003      
4.95113       -0.00003      
4.95602       -0.00003      
4.96091       -0.00003      
4.96579       -0.00003      
4.97068       -0.00003      
4.97557       -0.00003      
4.98045       -0.00003      
4.98534       -0.00003      
4.99023       -0.00003      
4.99511       -0.00003      
5.00000       -0.00003      
