0.00100       999999999995992510300160.00000
0.00589       577588570142785.00000
0.01077       409124583286.06055
0.01566       4597878310.25262
0.02055       176670176.68119
0.02543       13652865.50172
0.03032       1657050.81950 
0.03521       275871.54316  
0.04009       58055.58401   
0.04498       14663.90998   
0.04987       4307.68663    
0.05475       1451.31380    
0.05964       563.94444     
0.06453       259.08214     
0.06941       144.41534     
0.07430       97.96535      
0.07919       76.87841      
0.08407       66.76811      
0.08896       61.98064      
0.09385       58.46753      
0.09873       56.81751      
0.10362       55.82615      
0.10851       54.71736      
0.11339       52.93577      
0.11828       50.65530      
0.12317       47.10767      
0.12805       43.69644      
0.13294       40.06956      
0.13783       36.71172      
0.14271       33.33759      
0.14760       29.28618      
0.15248       25.44229      
0.15737       21.77680      
0.16226       18.64855      
0.16714       15.72502      
0.17203       12.91066      
0.17692       10.20453      
0.18180       7.42376       
0.18669       4.42397       
0.19158       1.61179       
0.19646       -1.39600      
0.20135       -3.40287      
0.20624       -5.43669      
0.21112       -6.97374      
0.21601       -7.99439      
0.22090       -8.99425      
0.22578       -9.71834      
0.23067       -10.20498     
0.23556       -10.40042     
0.24044       -10.68746     
0.24533       -10.47178     
0.25022       -10.42220     
0.25510       -10.18840     
0.25999       -9.81282      
0.26488       -9.48975      
0.26976       -8.99381      
0.27465       -8.73913      
0.27954       -8.49592      
0.28442       -8.23211      
0.28931       -8.11722      
0.29420       -8.24164      
0.29908       -8.62132      
0.30397       -9.08627      
0.30886       -9.41244      
0.31374       -9.71137      
0.31863       -9.68136      
0.32352       -9.55936      
0.32840       -9.38349      
0.33329       -9.00351      
0.33818       -8.55612      
0.34306       -8.13065      
0.34795       -7.54404      
0.35284       -6.88386      
0.35772       -6.31751      
0.36261       -5.80206      
0.36750       -5.26264      
0.37238       -4.76223      
0.37727       -4.29817      
0.38216       -3.95282      
0.38704       -3.46222      
0.39193       -3.12915      
0.39682       -2.79514      
0.40170       -2.39991      
0.40659       -2.16182      
0.41148       -1.90606      
0.41636       -1.58390      
0.42125       -1.36674      
0.42613       -1.23006      
0.43102       -0.96878      
0.43591       -0.83954      
0.44079       -0.79285      
0.44568       -0.54171      
0.45057       -0.51712      
0.45545       -0.44126      
0.46034       -0.50417      
0.46523       -0.44738      
0.47011       -0.47629      
0.47500       -0.52670      
0.47989       -0.62289      
0.48477       -0.63835      
0.48966       -0.68662      
0.49455       -0.66520      
0.49943       -0.65825      
0.50432       -0.81145      
0.50921       -0.68523      
0.51409       -0.74419      
0.51898       -0.74469      
0.52387       -0.82865      
0.52875       -0.79553      
0.53364       -0.82132      
0.53853       -0.91153      
0.54341       -0.79383      
0.54830       -0.77648      
0.55319       -0.83394      
0.55807       -0.78973      
0.56296       -0.76061      
0.56785       -0.75915      
0.57273       -0.74052      
0.57762       -0.72529      
0.58251       -0.74824      
0.58739       -0.75144      
0.59228       -0.74189      
0.59717       -0.68788      
0.60205       -0.70113      
0.60694       -0.74041      
0.61183       -0.66269      
0.61671       -0.67343      
0.62160       -0.80786      
0.62649       -0.70434      
0.63137       -0.60965      
0.63626       -0.72158      
0.64115       -0.58900      
0.64603       -0.59738      
0.65092       -0.60549      
0.65581       -0.48285      
0.66069       -0.47304      
0.66558       -0.46496      
0.67047       -0.49951      
0.67535       -0.48426      
0.68024       -0.43087      
0.68513       -0.35019      
0.69001       -0.35939      
0.69490       -0.39795      
0.69978       -0.39234      
0.70467       -0.32470      
0.70956       -0.29717      
0.71444       -0.33297      
0.71933       -0.34629      
0.72422       -0.27301      
0.72910       -0.22853      
0.73399       -0.17243      
0.73888       -0.22482      
0.74376       -0.31499      
0.74865       -0.16077      
0.75354       -0.10564      
0.75842       -0.25926      
0.76331       -0.22916      
0.76820       -0.19571      
0.77308       -0.23747      
0.77797       -0.16178      
0.78286       -0.14293      
0.78774       -0.15029      
0.79263       -0.13586      
0.79752       -0.13708      
0.80240       -0.16254      
0.80729       -0.18286      
0.81218       -0.16886      
0.81706       -0.10508      
0.82195       -0.11047      
0.82684       -0.18369      
0.83172       -0.12411      
0.83661       -0.10797      
0.84150       -0.11497      
0.84638       -0.08918      
0.85127       -0.15677      
0.85616       -0.19571      
0.86104       -0.11074      
0.86593       -0.12029      
0.87082       -0.20193      
0.87570       -0.18438      
0.88059       -0.10747      
0.88548       -0.09603      
0.89036       -0.19919      
0.89525       -0.19460      
0.90014       -0.13411      
0.90502       -0.16664      
0.90991       -0.20978      
0.91480       -0.19007      
0.91968       -0.15847      
0.92457       -0.18722      
0.92946       -0.18811      
0.93434       -0.17282      
0.93923       -0.22023      
0.94412       -0.19764      
0.94900       -0.16348      
0.95389       -0.18001      
0.95878       -0.27771      
0.96366       -0.25244      
0.96855       -0.15889      
0.97343       -0.20670      
0.97832       -0.20633      
0.98321       -0.18970      
0.98809       -0.19937      
0.99298       -0.17645      
0.99787       -0.20709      
1.00275       -0.18294      
1.00764       -0.16423      
1.01253       -0.26242      
1.01741       -0.24725      
1.02230       -0.13974      
1.02719       -0.14667      
1.03207       -0.22389      
1.03696       -0.17563      
1.04185       -0.10580      
1.04673       -0.20163      
1.05162       -0.20277      
1.05651       -0.10285      
1.06139       -0.06550      
1.06628       -0.15131      
1.07117       -0.20154      
1.07605       -0.07591      
1.08094       -0.18355      
1.08583       -0.06948      
1.09071       -0.15031      
1.09560       -0.09226      
1.10049       0.01892       
1.10537       -0.04772      
1.11026       -0.04159      
1.11515       -0.00648      
1.12003       -0.01604      
1.12492       -0.07667      
1.12981       -0.08234      
1.13469       -0.05168      
1.13958       -0.11299      
1.14447       -0.01057      
1.14935       -0.03602      
1.15424       -0.11123      
1.15913       -0.04902      
1.16401       -0.02415      
1.16890       -0.06010      
1.17379       -0.10148      
1.17867       -0.06983      
1.18356       -0.01208      
1.18845       -0.03772      
1.19333       -0.06338      
1.19822       -0.07468      
1.20311       -0.01365      
1.20799       -0.02193      
1.21288       -0.08597      
1.21777       0.05220       
1.22265       -0.02403      
1.22754       -0.17310      
1.23243       -0.04116      
1.23731       0.00300       
1.24220       -0.01373      
1.24709       -0.04082      
1.25197       -0.00628      
1.25686       0.02652       
1.26174       0.00064       
1.26663       -0.04092      
1.27152       -0.00948      
1.27640       0.01880       
1.28129       -0.01386      
1.28618       -0.07480      
1.29106       -0.11052      
1.29595       -0.05305      
1.30084       -0.00964      
1.30572       -0.07161      
1.31061       -0.10405      
1.31550       -0.00664      
1.32038       -0.05726      
1.32527       -0.14009      
1.33016       -0.05669      
1.33504       -0.06680      
1.33993       -0.15764      
1.34482       -0.12619      
1.34970       -0.09022      
1.35459       -0.11342      
1.35948       -0.10221      
1.36436       -0.03483      
1.36925       -0.08266      
1.37414       -0.13519      
1.37902       -0.06385      
1.38391       -0.00517      
1.38880       -0.02028      
1.39368       -0.08396      
1.39857       -0.04190      
1.40346       -0.02574      
1.40834       -0.00581      
1.41323       -0.03588      
1.41812       0.00074       
1.42300       -0.03744      
1.42789       -0.10765      
1.43278       -0.05374      
1.43766       0.00240       
1.44255       -0.04272      
1.44744       -0.14012      
1.45232       -0.10785      
1.45721       -0.01981      
1.46210       0.04450       
1.46698       -0.06793      
1.47187       -0.17537      
1.47676       -0.06981      
1.48164       -0.01121      
1.48653       -0.10058      
1.49142       -0.13832      
1.49630       -0.08785      
1.50119       -0.02145      
1.50608       -0.02120      
1.51096       -0.02095      
1.51585       -0.02071      
1.52074       -0.02047      
1.52562       -0.02024      
1.53051       -0.02001      
1.53539       -0.01978      
1.54028       -0.01955      
1.54517       -0.01933      
1.55005       -0.01911      
1.55494       -0.01890      
1.55983       -0.01868      
1.56471       -0.01847      
1.56960       -0.01827      
1.57449       -0.01806      
1.57937       -0.01786      
1.58426       -0.01766      
1.58915       -0.01747      
1.59403       -0.01728      
1.59892       -0.01709      
1.60381       -0.01690      
1.60869       -0.01671      
1.61358       -0.01653      
1.61847       -0.01635      
1.62335       -0.01617      
1.62824       -0.01600      
1.63313       -0.01583      
1.63801       -0.01566      
1.64290       -0.01549      
1.64779       -0.01532      
1.65267       -0.01516      
1.65756       -0.01500      
1.66245       -0.01484      
1.66733       -0.01468      
1.67222       -0.01453      
1.67711       -0.01438      
1.68199       -0.01422      
1.68688       -0.01408      
1.69177       -0.01393      
1.69665       -0.01378      
1.70154       -0.01364      
1.70643       -0.01350      
1.71131       -0.01336      
1.71620       -0.01322      
1.72109       -0.01309      
1.72597       -0.01295      
1.73086       -0.01282      
1.73575       -0.01269      
1.74063       -0.01256      
1.74552       -0.01243      
1.75041       -0.01231      
1.75529       -0.01219      
1.76018       -0.01206      
1.76507       -0.01194      
1.76995       -0.01182      
1.77484       -0.01170      
1.77973       -0.01159      
1.78461       -0.01147      
1.78950       -0.01136      
1.79439       -0.01125      
1.79927       -0.01114      
1.80416       -0.01103      
1.80904       -0.01092      
1.81393       -0.01081      
1.81882       -0.01071      
1.82370       -0.01060      
1.82859       -0.01050      
1.83348       -0.01040      
1.83836       -0.01030      
1.84325       -0.01020      
1.84814       -0.01010      
1.85302       -0.01000      
1.85791       -0.00991      
1.86280       -0.00981      
1.86768       -0.00972      
1.87257       -0.00963      
1.87746       -0.00954      
1.88234       -0.00945      
1.88723       -0.00936      
1.89212       -0.00927      
1.89700       -0.00918      
1.90189       -0.00910      
1.90678       -0.00901      
1.91166       -0.00893      
1.91655       -0.00884      
1.92144       -0.00876      
1.92632       -0.00868      
1.93121       -0.00860      
1.93610       -0.00852      
1.94098       -0.00844      
1.94587       -0.00837      
1.95076       -0.00829      
1.95564       -0.00821      
1.96053       -0.00814      
1.96542       -0.00807      
1.97030       -0.00799      
1.97519       -0.00792      
1.98008       -0.00785      
1.98496       -0.00778      
1.98985       -0.00771      
1.99474       -0.00764      
1.99962       -0.00757      
2.00451       -0.00750      
2.00940       -0.00744      
2.01428       -0.00737      
2.01917       -0.00731      
2.02406       -0.00724      
2.02894       -0.00718      
2.03383       -0.00711      
2.03872       -0.00705      
2.04360       -0.00699      
2.04849       -0.00693      
2.05338       -0.00687      
2.05826       -0.00681      
2.06315       -0.00675      
2.06804       -0.00669      
2.07292       -0.00663      
2.07781       -0.00657      
2.08270       -0.00652      
2.08758       -0.00646      
2.09247       -0.00641      
2.09735       -0.00635      
2.10224       -0.00630      
2.10713       -0.00624      
2.11201       -0.00619      
2.11690       -0.00614      
2.12179       -0.00609      
2.12667       -0.00603      
2.13156       -0.00598      
2.13645       -0.00593      
2.14133       -0.00588      
2.14622       -0.00583      
2.15111       -0.00578      
2.15599       -0.00574      
2.16088       -0.00569      
2.16577       -0.00564      
2.17065       -0.00559      
2.17554       -0.00555      
2.18043       -0.00550      
2.18531       -0.00546      
2.19020       -0.00541      
2.19509       -0.00537      
2.19997       -0.00532      
2.20486       -0.00528      
2.20975       -0.00524      
2.21463       -0.00519      
2.21952       -0.00515      
2.22441       -0.00511      
2.22929       -0.00507      
2.23418       -0.00503      
2.23907       -0.00499      
2.24395       -0.00495      
2.24884       -0.00491      
2.25373       -0.00487      
2.25861       -0.00483      
2.26350       -0.00479      
2.26839       -0.00475      
2.27327       -0.00471      
2.27816       -0.00468      
2.28305       -0.00464      
2.28793       -0.00460      
2.29282       -0.00457      
2.29771       -0.00453      
2.30259       -0.00449      
2.30748       -0.00446      
2.31237       -0.00442      
2.31725       -0.00439      
2.32214       -0.00435      
2.32703       -0.00432      
2.33191       -0.00429      
2.33680       -0.00425      
2.34169       -0.00422      
2.34657       -0.00419      
2.35146       -0.00416      
2.35635       -0.00412      
2.36123       -0.00409      
2.36612       -0.00406      
2.37100       -0.00403      
2.37589       -0.00400      
2.38078       -0.00397      
2.38566       -0.00394      
2.39055       -0.00391      
2.39544       -0.00388      
2.40032       -0.00385      
2.40521       -0.00382      
2.41010       -0.00379      
2.41498       -0.00376      
2.41987       -0.00373      
2.42476       -0.00370      
2.42964       -0.00368      
2.43453       -0.00365      
2.43942       -0.00362      
2.44430       -0.00359      
2.44919       -0.00357      
2.45408       -0.00354      
2.45896       -0.00351      
2.46385       -0.00349      
2.46874       -0.00346      
2.47362       -0.00344      
2.47851       -0.00341      
2.48340       -0.00339      
2.48828       -0.00336      
2.49317       -0.00334      
2.49806       -0.00331      
2.50294       -0.00329      
2.50783       -0.00326      
2.51272       -0.00324      
2.51760       -0.00322      
2.52249       -0.00319      
2.52738       -0.00317      
2.53226       -0.00315      
2.53715       -0.00312      
2.54204       -0.00310      
2.54692       -0.00308      
2.55181       -0.00306      
2.55670       -0.00304      
2.56158       -0.00301      
2.56647       -0.00299      
2.57136       -0.00297      
2.57624       -0.00295      
2.58113       -0.00293      
2.58602       -0.00291      
2.59090       -0.00289      
2.59579       -0.00287      
2.60068       -0.00285      
2.60556       -0.00283      
2.61045       -0.00281      
2.61534       -0.00279      
2.62022       -0.00277      
2.62511       -0.00275      
2.63000       -0.00273      
2.63488       -0.00271      
2.63977       -0.00269      
2.64465       -0.00267      
2.64954       -0.00265      
2.65443       -0.00263      
2.65931       -0.00262      
2.66420       -0.00260      
2.66909       -0.00258      
2.67397       -0.00256      
2.67886       -0.00254      
2.68375       -0.00253      
2.68863       -0.00251      
2.69352       -0.00249      
2.69841       -0.00248      
2.70329       -0.00246      
2.70818       -0.00244      
2.71307       -0.00242      
2.71795       -0.00241      
2.72284       -0.00239      
2.72773       -0.00238      
2.73261       -0.00236      
2.73750       -0.00234      
2.74239       -0.00233      
2.74727       -0.00231      
2.75216       -0.00230      
2.75705       -0.00228      
2.76193       -0.00227      
2.76682       -0.00225      
2.77171       -0.00224      
2.77659       -0.00222      
2.78148       -0.00221      
2.78637       -0.00219      
2.79125       -0.00218      
2.79614       -0.00216      
2.80103       -0.00215      
2.80591       -0.00213      
2.81080       -0.00212      
2.81569       -0.00210      
2.82057       -0.00209      
2.82546       -0.00208      
2.83035       -0.00206      
2.83523       -0.00205      
2.84012       -0.00204      
2.84501       -0.00202      
2.84989       -0.00201      
2.85478       -0.00200      
2.85967       -0.00198      
2.86455       -0.00197      
2.86944       -0.00196      
2.87433       -0.00195      
2.87921       -0.00193      
2.88410       -0.00192      
2.88899       -0.00191      
2.89387       -0.00190      
2.89876       -0.00188      
2.90365       -0.00187      
2.90853       -0.00186      
2.91342       -0.00185      
2.91830       -0.00184      
2.92319       -0.00182      
2.92808       -0.00181      
2.93296       -0.00180      
2.93785       -0.00179      
2.94274       -0.00178      
2.94762       -0.00177      
2.95251       -0.00176      
2.95740       -0.00174      
2.96228       -0.00173      
2.96717       -0.00172      
2.97206       -0.00171      
2.97694       -0.00170      
2.98183       -0.00169      
2.98672       -0.00168      
2.99160       -0.00167      
2.99649       -0.00166      
3.00138       -0.00165      
3.00626       -0.00164      
3.01115       -0.00163      
3.01604       -0.00162      
3.02092       -0.00161      
3.02581       -0.00160      
3.03070       -0.00159      
3.03558       -0.00158      
3.04047       -0.00157      
3.04536       -0.00156      
3.05024       -0.00155      
3.05513       -0.00154      
3.06002       -0.00153      
3.06490       -0.00152      
3.06979       -0.00151      
3.07468       -0.00150      
3.07956       -0.00149      
3.08445       -0.00148      
3.08934       -0.00147      
3.09422       -0.00146      
3.09911       -0.00146      
3.10400       -0.00145      
3.10888       -0.00144      
3.11377       -0.00143      
3.11866       -0.00142      
3.12354       -0.00141      
3.12843       -0.00140      
3.13332       -0.00140      
3.13820       -0.00139      
3.14309       -0.00138      
3.14798       -0.00137      
3.15286       -0.00136      
3.15775       -0.00135      
3.16264       -0.00135      
3.16752       -0.00134      
3.17241       -0.00133      
3.17730       -0.00132      
3.18218       -0.00131      
3.18707       -0.00131      
3.19196       -0.00130      
3.19684       -0.00129      
3.20173       -0.00128      
3.20661       -0.00128      
3.21150       -0.00127      
3.21639       -0.00126      
3.22127       -0.00125      
3.22616       -0.00125      
3.23105       -0.00124      
3.23593       -0.00123      
3.24082       -0.00122      
3.24571       -0.00122      
3.25059       -0.00121      
3.25548       -0.00120      
3.26037       -0.00120      
3.26525       -0.00119      
3.27014       -0.00118      
3.27503       -0.00118      
3.27991       -0.00117      
3.28480       -0.00116      
3.28969       -0.00115      
3.29457       -0.00115      
3.29946       -0.00114      
3.30435       -0.00113      
3.30923       -0.00113      
3.31412       -0.00112      
3.31901       -0.00112      
3.32389       -0.00111      
3.32878       -0.00110      
3.33367       -0.00110      
3.33855       -0.00109      
3.34344       -0.00108      
3.34833       -0.00108      
3.35321       -0.00107      
3.35810       -0.00107      
3.36299       -0.00106      
3.36787       -0.00105      
3.37276       -0.00105      
3.37765       -0.00104      
3.38253       -0.00104      
3.38742       -0.00103      
3.39231       -0.00102      
3.39719       -0.00102      
3.40208       -0.00101      
3.40697       -0.00101      
3.41185       -0.00100      
3.41674       -0.00100      
3.42163       -0.00099      
3.42651       -0.00098      
3.43140       -0.00098      
3.43629       -0.00097      
3.44117       -0.00097      
3.44606       -0.00096      
3.45095       -0.00096      
3.45583       -0.00095      
3.46072       -0.00095      
3.46561       -0.00094      
3.47049       -0.00094      
3.47538       -0.00093      
3.48026       -0.00093      
3.48515       -0.00092      
3.49004       -0.00092      
3.49492       -0.00091      
3.49981       -0.00091      
3.50470       -0.00090      
3.50958       -0.00090      
3.51447       -0.00089      
3.51936       -0.00089      
3.52424       -0.00088      
3.52913       -0.00088      
3.53402       -0.00087      
3.53890       -0.00087      
3.54379       -0.00086      
3.54868       -0.00086      
3.55356       -0.00085      
3.55845       -0.00085      
3.56334       -0.00084      
3.56822       -0.00084      
3.57311       -0.00083      
3.57800       -0.00083      
3.58288       -0.00083      
3.58777       -0.00082      
3.59266       -0.00082      
3.59754       -0.00081      
3.60243       -0.00081      
3.60732       -0.00080      
3.61220       -0.00080      
3.61709       -0.00080      
3.62198       -0.00079      
3.62686       -0.00079      
3.63175       -0.00078      
3.63664       -0.00078      
3.64152       -0.00077      
3.64641       -0.00077      
3.65130       -0.00077      
3.65618       -0.00076      
3.66107       -0.00076      
3.66596       -0.00075      
3.67084       -0.00075      
3.67573       -0.00075      
3.68062       -0.00074      
3.68550       -0.00074      
3.69039       -0.00073      
3.69528       -0.00073      
3.70016       -0.00073      
3.70505       -0.00072      
3.70994       -0.00072      
3.71482       -0.00072      
3.71971       -0.00071      
3.72460       -0.00071      
3.72948       -0.00070      
3.73437       -0.00070      
3.73926       -0.00070      
3.74414       -0.00069      
3.74903       -0.00069      
3.75391       -0.00069      
3.75880       -0.00068      
3.76369       -0.00068      
3.76857       -0.00068      
3.77346       -0.00067      
3.77835       -0.00067      
3.78323       -0.00067      
3.78812       -0.00066      
3.79301       -0.00066      
3.79789       -0.00066      
3.80278       -0.00065      
3.80767       -0.00065      
3.81255       -0.00065      
3.81744       -0.00064      
3.82233       -0.00064      
3.82721       -0.00064      
3.83210       -0.00063      
3.83699       -0.00063      
3.84187       -0.00063      
3.84676       -0.00062      
3.85165       -0.00062      
3.85653       -0.00062      
3.86142       -0.00061      
3.86631       -0.00061      
3.87119       -0.00061      
3.87608       -0.00060      
3.88097       -0.00060      
3.88585       -0.00060      
3.89074       -0.00060      
3.89563       -0.00059      
3.90051       -0.00059      
3.90540       -0.00059      
3.91029       -0.00058      
3.91517       -0.00058      
3.92006       -0.00058      
3.92495       -0.00057      
3.92983       -0.00057      
3.93472       -0.00057      
3.93961       -0.00057      
3.94449       -0.00056      
3.94938       -0.00056      
3.95427       -0.00056      
3.95915       -0.00055      
3.96404       -0.00055      
3.96893       -0.00055      
3.97381       -0.00055      
3.97870       -0.00054      
3.98359       -0.00054      
3.98847       -0.00054      
3.99336       -0.00054      
3.99825       -0.00053      
4.00313       -0.00053      
4.00802       -0.00053      
4.01291       -0.00053      
4.01779       -0.00052      
4.02268       -0.00052      
4.02757       -0.00052      
4.03245       -0.00052      
4.03734       -0.00051      
4.04222       -0.00051      
4.04711       -0.00051      
4.05200       -0.00051      
4.05688       -0.00050      
4.06177       -0.00050      
4.06666       -0.00050      
4.07154       -0.00050      
4.07643       -0.00049      
4.08132       -0.00049      
4.08620       -0.00049      
4.09109       -0.00049      
4.09598       -0.00048      
4.10086       -0.00048      
4.10575       -0.00048      
4.11064       -0.00048      
4.11552       -0.00047      
4.12041       -0.00047      
4.12530       -0.00047      
4.13018       -0.00047      
4.13507       -0.00047      
4.13996       -0.00046      
4.14484       -0.00046      
4.14973       -0.00046      
4.15462       -0.00046      
4.15950       -0.00045      
4.16439       -0.00045      
4.16928       -0.00045      
4.17416       -0.00045      
4.17905       -0.00045      
4.18394       -0.00044      
4.18882       -0.00044      
4.19371       -0.00044      
4.19860       -0.00044      
4.20348       -0.00044      
4.20837       -0.00043      
4.21326       -0.00043      
4.21814       -0.00043      
4.22303       -0.00043      
4.22792       -0.00043      
4.23280       -0.00042      
4.23769       -0.00042      
4.24258       -0.00042      
4.24746       -0.00042      
4.25235       -0.00042      
4.25724       -0.00041      
4.26212       -0.00041      
4.26701       -0.00041      
4.27190       -0.00041      
4.27678       -0.00041      
4.28167       -0.00040      
4.28656       -0.00040      
4.29144       -0.00040      
4.29633       -0.00040      
4.30122       -0.00040      
4.30610       -0.00040      
4.31099       -0.00039      
4.31587       -0.00039      
4.32076       -0.00039      
4.32565       -0.00039      
4.33053       -0.00039      
4.33542       -0.00038      
4.34031       -0.00038      
4.34519       -0.00038      
4.35008       -0.00038      
4.35497       -0.00038      
4.35985       -0.00038      
4.36474       -0.00037      
4.36963       -0.00037      
4.37451       -0.00037      
4.37940       -0.00037      
4.38429       -0.00037      
4.38917       -0.00037      
4.39406       -0.00036      
4.39895       -0.00036      
4.40383       -0.00036      
4.40872       -0.00036      
4.41361       -0.00036      
4.41849       -0.00036      
4.42338       -0.00035      
4.42827       -0.00035      
4.43315       -0.00035      
4.43804       -0.00035      
4.44293       -0.00035      
4.44781       -0.00035      
4.45270       -0.00034      
4.45759       -0.00034      
4.46247       -0.00034      
4.46736       -0.00034      
4.47225       -0.00034      
4.47713       -0.00034      
4.48202       -0.00034      
4.48691       -0.00033      
4.49179       -0.00033      
4.49668       -0.00033      
4.50157       -0.00033      
4.50645       -0.00033      
4.51134       -0.00033      
4.51623       -0.00033      
4.52111       -0.00032      
4.52600       -0.00032      
4.53089       -0.00032      
4.53577       -0.00032      
4.54066       -0.00032      
4.54555       -0.00032      
4.55043       -0.00032      
4.55532       -0.00031      
4.56021       -0.00031      
4.56509       -0.00031      
4.56998       -0.00031      
4.57487       -0.00031      
4.57975       -0.00031      
4.58464       -0.00031      
4.58952       -0.00030      
4.59441       -0.00030      
4.59930       -0.00030      
4.60418       -0.00030      
4.60907       -0.00030      
4.61396       -0.00030      
4.61884       -0.00030      
4.62373       -0.00030      
4.62862       -0.00029      
4.63350       -0.00029      
4.63839       -0.00029      
4.64328       -0.00029      
4.64816       -0.00029      
4.65305       -0.00029      
4.65794       -0.00029      
4.66282       -0.00029      
4.66771       -0.00028      
4.67260       -0.00028      
4.67748       -0.00028      
4.68237       -0.00028      
4.68726       -0.00028      
4.69214       -0.00028      
4.69703       -0.00028      
4.70192       -0.00028      
4.70680       -0.00027      
4.71169       -0.00027      
4.71658       -0.00027      
4.72146       -0.00027      
4.72635       -0.00027      
4.73124       -0.00027      
4.73612       -0.00027      
4.74101       -0.00027      
4.74590       -0.00027      
4.75078       -0.00026      
4.75567       -0.00026      
4.76056       -0.00026      
4.76544       -0.00026      
4.77033       -0.00026      
4.77522       -0.00026      
4.78010       -0.00026      
4.78499       -0.00026      
4.78988       -0.00026      
4.79476       -0.00025      
4.79965       -0.00025      
4.80454       -0.00025      
4.80942       -0.00025      
4.81431       -0.00025      
4.81920       -0.00025      
4.82408       -0.00025      
4.82897       -0.00025      
4.83386       -0.00025      
4.83874       -0.00024      
4.84363       -0.00024      
4.84852       -0.00024      
4.85340       -0.00024      
4.85829       -0.00024      
4.86317       -0.00024      
4.86806       -0.00024      
4.87295       -0.00024      
4.87783       -0.00024      
4.88272       -0.00024      
4.88761       -0.00023      
4.89249       -0.00023      
4.89738       -0.00023      
4.90227       -0.00023      
4.90715       -0.00023      
4.91204       -0.00023      
4.91693       -0.00023      
4.92181       -0.00023      
4.92670       -0.00023      
4.93159       -0.00023      
4.93647       -0.00023      
4.94136       -0.00022      
4.94625       -0.00022      
4.95113       -0.00022      
4.95602       -0.00022      
4.96091       -0.00022      
4.96579       -0.00022      
4.97068       -0.00022      
4.97557       -0.00022      
4.98045       -0.00022      
4.98534       -0.00022      
4.99023       -0.00022      
4.99511       -0.00021      
5.00000       -0.00021      
