0.00100       999999999995992510300160.00000
0.00589       577588570142770.25000
0.01077       409124583271.17352
0.01566       4597878295.29504
0.02055       176670161.65362
0.02543       13652850.40468
0.03032       1657035.65353 
0.03521       275862.26843  
0.04009       58051.66326   
0.04498       14665.06038   
0.04987       4312.60600    
0.05475       1460.20743    
0.05964       571.30120     
0.06453       263.06315     
0.06941       144.92903     
0.07430       95.05459      
0.07919       71.20704      
0.08407       58.11645      
0.08896       50.25444      
0.09385       44.66013      
0.09873       40.48025      
0.10362       37.34757      
0.10851       34.43042      
0.11339       31.61691      
0.11828       28.80787      
0.12317       26.01916      
0.12805       23.50583      
0.13294       21.38554      
0.13783       19.39923      
0.14271       17.77633      
0.14760       16.06881      
0.15248       14.69684      
0.15737       13.26304      
0.16226       12.06991      
0.16714       10.94350      
0.17203       9.66851       
0.17692       8.36222       
0.18180       7.04079       
0.18669       5.69326       
0.19158       4.41602       
0.19646       3.23471       
0.20135       2.19303       
0.20624       1.28645       
0.21112       0.41620       
0.21601       -0.09080      
0.22090       -0.71324      
0.22578       -1.24253      
0.23067       -1.76703      
0.23556       -2.13342      
0.24044       -2.49131      
0.24533       -2.66708      
0.25022       -2.72154      
0.25510       -2.57008      
0.25999       -2.52811      
0.26488       -2.28658      
0.26976       -2.03628      
0.27465       -1.83961      
0.27954       -1.69095      
0.28442       -1.63033      
0.28931       -1.75005      
0.29420       -2.13331      
0.29908       -2.51765      
0.30397       -2.86264      
0.30886       -3.13532      
0.31374       -3.26565      
0.31863       -3.24603      
0.32352       -3.13203      
0.32840       -2.95445      
0.33329       -2.67059      
0.33818       -2.24143      
0.34306       -1.88180      
0.34795       -1.43458      
0.35284       -0.91283      
0.35772       -0.44964      
0.36261       0.05530       
0.36750       0.63005       
0.37238       1.06699       
0.37727       1.46743       
0.38216       1.89137       
0.38704       2.19767       
0.39193       2.50815       
0.39682       2.83569       
0.40170       3.04091       
0.40659       3.31240       
0.41148       3.56312       
0.41636       3.65985       
0.42125       3.94440       
0.42613       4.08173       
0.43102       4.21682       
0.43591       4.27185       
0.44079       4.31795       
0.44568       4.35298       
0.45057       4.29683       
0.45545       4.29502       
0.46034       4.25050       
0.46523       4.18356       
0.47011       4.16172       
0.47500       4.06420       
0.47989       4.01306       
0.48477       3.96113       
0.48966       3.88145       
0.49455       3.84458       
0.49943       3.68110       
0.50432       3.66207       
0.50921       3.63770       
0.51409       3.52852       
0.51898       3.48334       
0.52387       3.44782       
0.52875       3.36010       
0.53364       3.30047       
0.53853       3.29365       
0.54341       3.25877       
0.54830       3.19920       
0.55319       3.16995       
0.55807       3.16902       
0.56296       3.12905       
0.56785       3.08943       
0.57273       3.09573       
0.57762       3.07239       
0.58251       3.02893       
0.58739       3.02333       
0.59228       2.99996       
0.59717       2.96016       
0.60205       2.92369       
0.60694       2.93965       
0.61183       2.94997       
0.61671       2.84909       
0.62160       2.84894       
0.62649       2.92564       
0.63137       2.84721       
0.63626       2.85495       
0.64115       2.82470       
0.64603       2.84406       
0.65092       2.93351       
0.65581       2.87083       
0.66069       2.78094       
0.66558       2.91985       
0.67047       2.91661       
0.67535       2.79392       
0.68024       2.89801       
0.68513       2.92312       
0.69001       2.89412       
0.69490       2.86212       
0.69978       2.89403       
0.70467       2.89125       
0.70956       2.87745       
0.71444       2.87338       
0.71933       2.87901       
0.72422       2.87561       
0.72910       2.85189       
0.73399       2.87341       
0.73888       2.84195       
0.74376       2.82315       
0.74865       2.84269       
0.75354       2.81165       
0.75842       2.80057       
0.76331       2.78383       
0.76820       2.76568       
0.77308       2.75137       
0.77797       2.74830       
0.78286       2.77729       
0.78774       2.74929       
0.79263       2.68685       
0.79752       2.68779       
0.80240       2.66643       
0.80729       2.65937       
0.81218       2.63398       
0.81706       2.59423       
0.82195       2.60853       
0.82684       2.58511       
0.83172       2.51302       
0.83661       2.56933       
0.84150       2.54126       
0.84638       2.46685       
0.85127       2.43898       
0.85616       2.40148       
0.86104       2.36677       
0.86593       2.33298       
0.87082       2.34053       
0.87570       2.30845       
0.88059       2.26405       
0.88548       2.32831       
0.89036       2.26527       
0.89525       2.18449       
0.90014       2.23651       
0.90502       2.24933       
0.90991       2.14294       
0.91480       2.13500       
0.91968       2.18417       
0.92457       2.14286       
0.92946       2.10108       
0.93434       2.12584       
0.93923       2.07481       
0.94412       2.01338       
0.94900       2.10769       
0.95389       2.05839       
0.95878       2.02268       
0.96366       1.98828       
0.96855       1.98483       
0.97343       1.99001       
0.97832       1.97170       
0.98321       1.91994       
0.98809       1.92135       
0.99298       1.93557       
0.99787       1.91936       
1.00275       1.91997       
1.00764       1.91550       
1.01253       1.86277       
1.01741       1.87052       
1.02230       1.90792       
1.02719       1.84609       
1.03207       1.81602       
1.03696       1.85244       
1.04185       1.85444       
1.04673       1.82316       
1.05162       1.79770       
1.05651       1.83139       
1.06139       1.81619       
1.06628       1.77705       
1.07117       1.72758       
1.07605       1.74340       
1.08094       1.70208       
1.08583       1.77684       
1.09071       1.75124       
1.09560       1.73277       
1.10049       1.71343       
1.10537       1.71941       
1.11026       1.74491       
1.11515       1.71496       
1.12003       1.66755       
1.12492       1.63270       
1.12981       1.63506       
1.13469       1.63695       
1.13958       1.60026       
1.14447       1.63799       
1.14935       1.62700       
1.15424       1.53782       
1.15913       1.55112       
1.16401       1.58147       
1.16890       1.50555       
1.17379       1.54443       
1.17867       1.52806       
1.18356       1.50385       
1.18845       1.47460       
1.19333       1.45234       
1.19822       1.44941       
1.20311       1.47002       
1.20799       1.46619       
1.21288       1.38591       
1.21777       1.44811       
1.22265       1.48527       
1.22754       1.36739       
1.23243       1.39467       
1.23731       1.37649       
1.24220       1.40406       
1.24709       1.42198       
1.25197       1.39184       
1.25686       1.38774       
1.26174       1.38840       
1.26663       1.35975       
1.27152       1.34627       
1.27640       1.32351       
1.28129       1.33695       
1.28618       1.35539       
1.29106       1.33464       
1.29595       1.36793       
1.30084       1.41527       
1.30572       1.33782       
1.31061       1.34302       
1.31550       1.37979       
1.32038       1.37716       
1.32527       1.33315       
1.33016       1.29753       
1.33504       1.28054       
1.33993       1.29640       
1.34482       1.30239       
1.34970       1.23209       
1.35459       1.20869       
1.35948       1.27211       
1.36436       1.29908       
1.36925       1.24613       
1.37414       1.18021       
1.37902       1.19752       
1.38391       1.22494       
1.38880       1.21220       
1.39368       1.16781       
1.39857       1.12821       
1.40346       1.15136       
1.40834       1.20840       
1.41323       1.12657       
1.41812       1.18818       
1.42300       1.15217       
1.42789       1.09103       
1.43278       1.12579       
1.43766       1.13803       
1.44255       1.13638       
1.44744       1.09992       
1.45232       1.12475       
1.45721       1.08731       
1.46210       1.06811       
1.46698       1.12338       
1.47187       1.09921       
1.47676       1.01380       
1.48164       1.02155       
1.48653       1.10233       
1.49142       1.02162       
1.49630       0.97182       
1.50119       1.01714       
1.50608       1.01003       
1.51096       1.00297       
1.51585       0.99596       
1.52074       0.98899       
1.52562       0.98208       
1.53051       0.97521       
1.53539       0.96839       
1.54028       0.96162       
1.54517       0.95489       
1.55005       0.94822       
1.55494       0.94158       
1.55983       0.93500       
1.56471       0.92846       
1.56960       0.92196       
1.57449       0.91551       
1.57937       0.90911       
1.58426       0.90275       
1.58915       0.89643       
1.59403       0.89016       
1.59892       0.88394       
1.60381       0.87775       
1.60869       0.87161       
1.61358       0.86551       
1.61847       0.85946       
1.62335       0.85344       
1.62824       0.84747       
1.63313       0.84154       
1.63801       0.83565       
1.64290       0.82981       
1.64779       0.82400       
1.65267       0.81823       
1.65756       0.81251       
1.66245       0.80682       
1.66733       0.80118       
1.67222       0.79557       
1.67711       0.79000       
1.68199       0.78448       
1.68688       0.77899       
1.69177       0.77354       
1.69665       0.76812       
1.70154       0.76275       
1.70643       0.75741       
1.71131       0.75211       
1.71620       0.74685       
1.72109       0.74162       
1.72597       0.73643       
1.73086       0.73128       
1.73575       0.72616       
1.74063       0.72108       
1.74552       0.71604       
1.75041       0.71103       
1.75529       0.70605       
1.76018       0.70111       
1.76507       0.69621       
1.76995       0.69134       
1.77484       0.68650       
1.77973       0.68170       
1.78461       0.67693       
1.78950       0.67219       
1.79439       0.66749       
1.79927       0.66282       
1.80416       0.65819       
1.80904       0.65358       
1.81393       0.64901       
1.81882       0.64447       
1.82370       0.63996       
1.82859       0.63549       
1.83348       0.63104       
1.83836       0.62663       
1.84325       0.62225       
1.84814       0.61789       
1.85302       0.61357       
1.85791       0.60928       
1.86280       0.60502       
1.86768       0.60079       
1.87257       0.59659       
1.87746       0.59242       
1.88234       0.58828       
1.88723       0.58416       
1.89212       0.58008       
1.89700       0.57602       
1.90189       0.57200       
1.90678       0.56800       
1.91166       0.56403       
1.91655       0.56009       
1.92144       0.55617       
1.92632       0.55228       
1.93121       0.54842       
1.93610       0.54459       
1.94098       0.54078       
1.94587       0.53700       
1.95076       0.53325       
1.95564       0.52953       
1.96053       0.52583       
1.96542       0.52215       
1.97030       0.51850       
1.97519       0.51488       
1.98008       0.51128       
1.98496       0.50771       
1.98985       0.50416       
1.99474       0.50064       
1.99962       0.49715       
2.00451       0.49367       
2.00940       0.49022       
2.01428       0.48680       
2.01917       0.48340       
2.02406       0.48002       
2.02894       0.47667       
2.03383       0.47334       
2.03872       0.47004       
2.04360       0.46676       
2.04849       0.46350       
2.05338       0.46026       
2.05826       0.45705       
2.06315       0.45386       
2.06804       0.45069       
2.07292       0.44754       
2.07781       0.44442       
2.08270       0.44132       
2.08758       0.43824       
2.09247       0.43518       
2.09735       0.43214       
2.10224       0.42913       
2.10713       0.42613       
2.11201       0.42316       
2.11690       0.42020       
2.12179       0.41727       
2.12667       0.41436       
2.13156       0.41147       
2.13645       0.40860       
2.14133       0.40575       
2.14622       0.40292       
2.15111       0.40011       
2.15599       0.39732       
2.16088       0.39455       
2.16577       0.39180       
2.17065       0.38906       
2.17554       0.38635       
2.18043       0.38366       
2.18531       0.38098       
2.19020       0.37833       
2.19509       0.37569       
2.19997       0.37307       
2.20486       0.37047       
2.20975       0.36789       
2.21463       0.36532       
2.21952       0.36278       
2.22441       0.36025       
2.22929       0.35774       
2.23418       0.35524       
2.23907       0.35277       
2.24395       0.35031       
2.24884       0.34787       
2.25373       0.34545       
2.25861       0.34304       
2.26350       0.34065       
2.26839       0.33828       
2.27327       0.33592       
2.27816       0.33358       
2.28305       0.33126       
2.28793       0.32895       
2.29282       0.32666       
2.29771       0.32438       
2.30259       0.32213       
2.30748       0.31988       
2.31237       0.31766       
2.31725       0.31544       
2.32214       0.31325       
2.32703       0.31107       
2.33191       0.30890       
2.33680       0.30675       
2.34169       0.30462       
2.34657       0.30250       
2.35146       0.30039       
2.35635       0.29830       
2.36123       0.29622       
2.36612       0.29416       
2.37100       0.29212       
2.37589       0.29008       
2.38078       0.28807       
2.38566       0.28606       
2.39055       0.28407       
2.39544       0.28210       
2.40032       0.28013       
2.40521       0.27819       
2.41010       0.27625       
2.41498       0.27433       
2.41987       0.27242       
2.42476       0.27053       
2.42964       0.26865       
2.43453       0.26678       
2.43942       0.26492       
2.44430       0.26308       
2.44919       0.26125       
2.45408       0.25944       
2.45896       0.25763       
2.46385       0.25584       
2.46874       0.25407       
2.47362       0.25230       
2.47851       0.25055       
2.48340       0.24881       
2.48828       0.24708       
2.49317       0.24536       
2.49806       0.24366       
2.50294       0.24196       
2.50783       0.24028       
2.51272       0.23861       
2.51760       0.23695       
2.52249       0.23531       
2.52738       0.23367       
2.53226       0.23205       
2.53715       0.23044       
2.54204       0.22884       
2.54692       0.22725       
2.55181       0.22567       
2.55670       0.22411       
2.56158       0.22255       
2.56647       0.22101       
2.57136       0.21947       
2.57624       0.21795       
2.58113       0.21644       
2.58602       0.21493       
2.59090       0.21344       
2.59579       0.21196       
2.60068       0.21049       
2.60556       0.20903       
2.61045       0.20758       
2.61534       0.20614       
2.62022       0.20471       
2.62511       0.20329       
2.63000       0.20188       
2.63488       0.20048       
2.63977       0.19909       
2.64465       0.19771       
2.64954       0.19633       
2.65443       0.19497       
2.65931       0.19362       
2.66420       0.19228       
2.66909       0.19094       
2.67397       0.18962       
2.67886       0.18831       
2.68375       0.18700       
2.68863       0.18570       
2.69352       0.18442       
2.69841       0.18314       
2.70329       0.18187       
2.70818       0.18061       
2.71307       0.17936       
2.71795       0.17811       
2.72284       0.17688       
2.72773       0.17565       
2.73261       0.17444       
2.73750       0.17323       
2.74239       0.17203       
2.74727       0.17084       
2.75216       0.16965       
2.75705       0.16848       
2.76193       0.16731       
2.76682       0.16615       
2.77171       0.16500       
2.77659       0.16386       
2.78148       0.16272       
2.78637       0.16160       
2.79125       0.16048       
2.79614       0.15937       
2.80103       0.15826       
2.80591       0.15717       
2.81080       0.15608       
2.81569       0.15500       
2.82057       0.15393       
2.82546       0.15286       
2.83035       0.15180       
2.83523       0.15075       
2.84012       0.14971       
2.84501       0.14867       
2.84989       0.14764       
2.85478       0.14662       
2.85967       0.14561       
2.86455       0.14460       
2.86944       0.14360       
2.87433       0.14261       
2.87921       0.14162       
2.88410       0.14064       
2.88899       0.13967       
2.89387       0.13870       
2.89876       0.13774       
2.90365       0.13679       
2.90853       0.13584       
2.91342       0.13491       
2.91830       0.13397       
2.92319       0.13305       
2.92808       0.13213       
2.93296       0.13121       
2.93785       0.13031       
2.94274       0.12941       
2.94762       0.12851       
2.95251       0.12762       
2.95740       0.12674       
2.96228       0.12586       
2.96717       0.12499       
2.97206       0.12413       
2.97694       0.12327       
2.98183       0.12242       
2.98672       0.12158       
2.99160       0.12074       
2.99649       0.11990       
3.00138       0.11907       
3.00626       0.11825       
3.01115       0.11743       
3.01604       0.11662       
3.02092       0.11582       
3.02581       0.11502       
3.03070       0.11422       
3.03558       0.11343       
3.04047       0.11265       
3.04536       0.11187       
3.05024       0.11110       
3.05513       0.11033       
3.06002       0.10957       
3.06490       0.10882       
3.06979       0.10806       
3.07468       0.10732       
3.07956       0.10658       
3.08445       0.10584       
3.08934       0.10511       
3.09422       0.10439       
3.09911       0.10367       
3.10400       0.10295       
3.10888       0.10224       
3.11377       0.10153       
3.11866       0.10083       
3.12354       0.10014       
3.12843       0.09945       
3.13332       0.09876       
3.13820       0.09808       
3.14309       0.09740       
3.14798       0.09673       
3.15286       0.09606       
3.15775       0.09540       
3.16264       0.09474       
3.16752       0.09409       
3.17241       0.09344       
3.17730       0.09280       
3.18218       0.09216       
3.18707       0.09152       
3.19196       0.09089       
3.19684       0.09026       
3.20173       0.08964       
3.20661       0.08902       
3.21150       0.08841       
3.21639       0.08780       
3.22127       0.08720       
3.22616       0.08659       
3.23105       0.08600       
3.23593       0.08541       
3.24082       0.08482       
3.24571       0.08423       
3.25059       0.08365       
3.25548       0.08308       
3.26037       0.08250       
3.26525       0.08193       
3.27014       0.08137       
3.27503       0.08081       
3.27991       0.08025       
3.28480       0.07970       
3.28969       0.07915       
3.29457       0.07861       
3.29946       0.07806       
3.30435       0.07753       
3.30923       0.07699       
3.31412       0.07646       
3.31901       0.07594       
3.32389       0.07541       
3.32878       0.07489       
3.33367       0.07438       
3.33855       0.07387       
3.34344       0.07336       
3.34833       0.07285       
3.35321       0.07235       
3.35810       0.07185       
3.36299       0.07136       
3.36787       0.07087       
3.37276       0.07038       
3.37765       0.06990       
3.38253       0.06941       
3.38742       0.06894       
3.39231       0.06846       
3.39719       0.06799       
3.40208       0.06752       
3.40697       0.06706       
3.41185       0.06660       
3.41674       0.06614       
3.42163       0.06568       
3.42651       0.06523       
3.43140       0.06478       
3.43629       0.06434       
3.44117       0.06390       
3.44606       0.06346       
3.45095       0.06302       
3.45583       0.06259       
3.46072       0.06216       
3.46561       0.06173       
3.47049       0.06130       
3.47538       0.06088       
3.48026       0.06046       
3.48515       0.06005       
3.49004       0.05964       
3.49492       0.05923       
3.49981       0.05882       
3.50470       0.05841       
3.50958       0.05801       
3.51447       0.05761       
3.51936       0.05722       
3.52424       0.05683       
3.52913       0.05643       
3.53402       0.05605       
3.53890       0.05566       
3.54379       0.05528       
3.54868       0.05490       
3.55356       0.05452       
3.55845       0.05415       
3.56334       0.05378       
3.56822       0.05341       
3.57311       0.05304       
3.57800       0.05267       
3.58288       0.05231       
3.58777       0.05195       
3.59266       0.05160       
3.59754       0.05124       
3.60243       0.05089       
3.60732       0.05054       
3.61220       0.05019       
3.61709       0.04985       
3.62198       0.04951       
3.62686       0.04917       
3.63175       0.04883       
3.63664       0.04849       
3.64152       0.04816       
3.64641       0.04783       
3.65130       0.04750       
3.65618       0.04718       
3.66107       0.04685       
3.66596       0.04653       
3.67084       0.04621       
3.67573       0.04589       
3.68062       0.04558       
3.68550       0.04527       
3.69039       0.04496       
3.69528       0.04465       
3.70016       0.04434       
3.70505       0.04404       
3.70994       0.04373       
3.71482       0.04343       
3.71971       0.04314       
3.72460       0.04284       
3.72948       0.04255       
3.73437       0.04225       
3.73926       0.04196       
3.74414       0.04168       
3.74903       0.04139       
3.75391       0.04111       
3.75880       0.04082       
3.76369       0.04054       
3.76857       0.04027       
3.77346       0.03999       
3.77835       0.03972       
3.78323       0.03944       
3.78812       0.03917       
3.79301       0.03890       
3.79789       0.03864       
3.80278       0.03837       
3.80767       0.03811       
3.81255       0.03785       
3.81744       0.03759       
3.82233       0.03733       
3.82721       0.03707       
3.83210       0.03682       
3.83699       0.03657       
3.84187       0.03632       
3.84676       0.03607       
3.85165       0.03582       
3.85653       0.03558       
3.86142       0.03533       
3.86631       0.03509       
3.87119       0.03485       
3.87608       0.03461       
3.88097       0.03437       
3.88585       0.03414       
3.89074       0.03390       
3.89563       0.03367       
3.90051       0.03344       
3.90540       0.03321       
3.91029       0.03298       
3.91517       0.03276       
3.92006       0.03253       
3.92495       0.03231       
3.92983       0.03209       
3.93472       0.03187       
3.93961       0.03165       
3.94449       0.03143       
3.94938       0.03122       
3.95427       0.03100       
3.95915       0.03079       
3.96404       0.03058       
3.96893       0.03037       
3.97381       0.03016       
3.97870       0.02996       
3.98359       0.02975       
3.98847       0.02955       
3.99336       0.02935       
3.99825       0.02915       
4.00313       0.02895       
4.00802       0.02875       
4.01291       0.02855       
4.01779       0.02836       
4.02268       0.02816       
4.02757       0.02797       
4.03245       0.02778       
4.03734       0.02759       
4.04222       0.02740       
4.04711       0.02721       
4.05200       0.02702       
4.05688       0.02684       
4.06177       0.02666       
4.06666       0.02647       
4.07154       0.02629       
4.07643       0.02611       
4.08132       0.02593       
4.08620       0.02576       
4.09109       0.02558       
4.09598       0.02540       
4.10086       0.02523       
4.10575       0.02506       
4.11064       0.02489       
4.11552       0.02472       
4.12041       0.02455       
4.12530       0.02438       
4.13018       0.02421       
4.13507       0.02405       
4.13996       0.02388       
4.14484       0.02372       
4.14973       0.02356       
4.15462       0.02339       
4.15950       0.02323       
4.16439       0.02308       
4.16928       0.02292       
4.17416       0.02276       
4.17905       0.02261       
4.18394       0.02245       
4.18882       0.02230       
4.19371       0.02214       
4.19860       0.02199       
4.20348       0.02184       
4.20837       0.02169       
4.21326       0.02155       
4.21814       0.02140       
4.22303       0.02125       
4.22792       0.02111       
4.23280       0.02096       
4.23769       0.02082       
4.24258       0.02068       
4.24746       0.02053       
4.25235       0.02039       
4.25724       0.02025       
4.26212       0.02012       
4.26701       0.01998       
4.27190       0.01984       
4.27678       0.01971       
4.28167       0.01957       
4.28656       0.01944       
4.29144       0.01930       
4.29633       0.01917       
4.30122       0.01904       
4.30610       0.01891       
4.31099       0.01878       
4.31587       0.01865       
4.32076       0.01853       
4.32565       0.01840       
4.33053       0.01827       
4.33542       0.01815       
4.34031       0.01803       
4.34519       0.01790       
4.35008       0.01778       
4.35497       0.01766       
4.35985       0.01754       
4.36474       0.01742       
4.36963       0.01730       
4.37451       0.01718       
4.37940       0.01706       
4.38429       0.01695       
4.38917       0.01683       
4.39406       0.01672       
4.39895       0.01660       
4.40383       0.01649       
4.40872       0.01638       
4.41361       0.01626       
4.41849       0.01615       
4.42338       0.01604       
4.42827       0.01593       
4.43315       0.01582       
4.43804       0.01572       
4.44293       0.01561       
4.44781       0.01550       
4.45270       0.01540       
4.45759       0.01529       
4.46247       0.01519       
4.46736       0.01508       
4.47225       0.01498       
4.47713       0.01488       
4.48202       0.01477       
4.48691       0.01467       
4.49179       0.01457       
4.49668       0.01447       
4.50157       0.01438       
4.50645       0.01428       
4.51134       0.01418       
4.51623       0.01408       
4.52111       0.01399       
4.52600       0.01389       
4.53089       0.01380       
4.53577       0.01370       
4.54066       0.01361       
4.54555       0.01352       
4.55043       0.01342       
4.55532       0.01333       
4.56021       0.01324       
4.56509       0.01315       
4.56998       0.01306       
4.57487       0.01297       
4.57975       0.01288       
4.58464       0.01279       
4.58952       0.01271       
4.59441       0.01262       
4.59930       0.01253       
4.60418       0.01245       
4.60907       0.01236       
4.61396       0.01228       
4.61884       0.01220       
4.62373       0.01211       
4.62862       0.01203       
4.63350       0.01195       
4.63839       0.01187       
4.64328       0.01178       
4.64816       0.01170       
4.65305       0.01162       
4.65794       0.01154       
4.66282       0.01147       
4.66771       0.01139       
4.67260       0.01131       
4.67748       0.01123       
4.68237       0.01116       
4.68726       0.01108       
4.69214       0.01100       
4.69703       0.01093       
4.70192       0.01085       
4.70680       0.01078       
4.71169       0.01071       
4.71658       0.01063       
4.72146       0.01056       
4.72635       0.01049       
4.73124       0.01042       
4.73612       0.01035       
4.74101       0.01028       
4.74590       0.01021       
4.75078       0.01014       
4.75567       0.01007       
4.76056       0.01000       
4.76544       0.00993       
4.77033       0.00986       
4.77522       0.00979       
4.78010       0.00973       
4.78499       0.00966       
4.78988       0.00960       
4.79476       0.00953       
4.79965       0.00946       
4.80454       0.00940       
4.80942       0.00934       
4.81431       0.00927       
4.81920       0.00921       
4.82408       0.00915       
4.82897       0.00908       
4.83386       0.00902       
4.83874       0.00896       
4.84363       0.00890       
4.84852       0.00884       
4.85340       0.00878       
4.85829       0.00872       
4.86317       0.00866       
4.86806       0.00860       
4.87295       0.00854       
4.87783       0.00848       
4.88272       0.00842       
4.88761       0.00837       
4.89249       0.00831       
4.89738       0.00825       
4.90227       0.00820       
4.90715       0.00814       
4.91204       0.00809       
4.91693       0.00803       
4.92181       0.00798       
4.92670       0.00792       
4.93159       0.00787       
4.93647       0.00781       
4.94136       0.00776       
4.94625       0.00771       
4.95113       0.00765       
4.95602       0.00760       
4.96091       0.00755       
4.96579       0.00750       
4.97068       0.00745       
4.97557       0.00740       
4.98045       0.00735       
4.98534       0.00730       
4.99023       0.00725       
4.99511       0.00720       
5.00000       0.00715       
