0.00100       999999999995992510300160.00000
0.00589       577588570142785.12500
0.01077       409124583286.12848
0.01566       4597878310.32029
0.02055       176670170.63900
0.02543       13652851.68620
0.03032       1657030.10019 
0.03521       275850.99046  
0.04009       58034.52365   
0.04498       14642.85393   
0.04987       4285.65244    
0.05475       1429.53687    
0.05964       542.09842     
0.06453       237.10844     
0.06941       122.45897     
0.07430       75.04580      
0.07919       53.49305      
0.08407       42.29057      
0.08896       34.98562      
0.09385       29.15455      
0.09873       24.00210      
0.10362       19.60465      
0.10851       15.52359      
0.11339       12.18862      
0.11828       9.40433       
0.12317       6.89507       
0.12805       4.89677       
0.13294       3.33071       
0.13783       1.48360       
0.14271       0.78082       
0.14760       -0.15370      
0.15248       -1.08798      
0.15737       -1.42022      
0.16226       -1.96102      
0.16714       -2.45127      
0.17203       -3.02218      
0.17692       -3.30707      
0.18180       -3.56331      
0.18669       -3.60585      
0.19158       -3.64926      
0.19646       -3.75614      
0.20135       -4.01009      
0.20624       -4.66999      
0.21112       -5.68385      
0.21601       -6.57231      
0.22090       -7.69315      
0.22578       -8.29306      
0.23067       -8.50863      
0.23556       -8.77473      
0.24044       -8.73607      
0.24533       -8.51265      
0.25022       -8.06910      
0.25510       -7.80614      
0.25999       -7.44360      
0.26488       -6.75232      
0.26976       -6.39206      
0.27465       -5.94453      
0.27954       -5.43144      
0.28442       -5.11841      
0.28931       -4.87579      
0.29420       -4.64260      
0.29908       -4.39732      
0.30397       -4.16029      
0.30886       -3.95055      
0.31374       -3.71282      
0.31863       -3.53364      
0.32352       -3.32256      
0.32840       -3.06791      
0.33329       -2.89638      
0.33818       -2.69201      
0.34306       -2.43469      
0.34795       -2.31486      
0.35284       -2.18517      
0.35772       -1.96229      
0.36261       -1.78693      
0.36750       -1.70349      
0.37238       -1.37553      
0.37727       -1.18368      
0.38216       -1.00614      
0.38704       -0.54525      
0.39193       -0.53441      
0.39682       -0.17638      
0.40170       0.11518       
0.40659       0.34576       
0.41148       0.49382       
0.41636       0.75024       
0.42125       0.94211       
0.42613       1.25067       
0.43102       1.50542       
0.43591       1.64434       
0.44079       1.90862       
0.44568       2.12697       
0.45057       2.17974       
0.45545       2.33595       
0.46034       2.38453       
0.46523       2.37085       
0.47011       2.35546       
0.47500       2.33765       
0.47989       2.23266       
0.48477       2.18315       
0.48966       2.08945       
0.49455       1.83376       
0.49943       1.73952       
0.50432       1.67378       
0.50921       1.43265       
0.51409       1.35456       
0.51898       1.20083       
0.52387       1.00152       
0.52875       0.91995       
0.53364       0.89163       
0.53853       0.80530       
0.54341       0.58191       
0.54830       0.50016       
0.55319       0.62176       
0.55807       0.41409       
0.56296       0.22441       
0.56785       0.34962       
0.57273       0.29619       
0.57762       0.17648       
0.58251       0.15862       
0.58739       0.17073       
0.59228       0.17022       
0.59717       0.11563       
0.60205       0.07085       
0.60694       0.08546       
0.61183       0.09450       
0.61671       0.12897       
0.62160       0.11546       
0.62649       0.08783       
0.63137       0.10266       
0.63626       0.13985       
0.64115       0.12481       
0.64603       0.09682       
0.65092       0.12291       
0.65581       0.15020       
0.66069       0.12825       
0.66558       0.10985       
0.67047       0.15192       
0.67535       0.12346       
0.68024       0.11447       
0.68513       0.19480       
0.69001       0.26860       
0.69490       0.19128       
0.69978       0.11351       
0.70467       0.18689       
0.70956       0.30587       
0.71444       0.27948       
0.71933       0.27535       
0.72422       0.23418       
0.72910       0.22977       
0.73399       0.30357       
0.73888       0.33143       
0.74376       0.32042       
0.74865       0.28552       
0.75354       0.34267       
0.75842       0.47430       
0.76331       0.39054       
0.76820       0.29794       
0.77308       0.41542       
0.77797       0.41934       
0.78286       0.35579       
0.78774       0.39241       
0.79263       0.43284       
0.79752       0.42370       
0.80240       0.42573       
0.80729       0.46707       
0.81218       0.46758       
0.81706       0.38223       
0.82195       0.33073       
0.82684       0.44819       
0.83172       0.51529       
0.83661       0.36092       
0.84150       0.31229       
0.84638       0.42837       
0.85127       0.42651       
0.85616       0.30437       
0.86104       0.28351       
0.86593       0.31641       
0.87082       0.27208       
0.87570       0.21922       
0.88059       0.30049       
0.88548       0.31242       
0.89036       0.21240       
0.89525       0.17024       
0.90014       0.17997       
0.90502       0.19437       
0.90991       0.19149       
0.91480       0.12928       
0.91968       0.05270       
0.92457       0.04498       
0.92946       0.06899       
0.93434       0.07725       
0.93923       0.11068       
0.94412       0.08958       
0.94900       0.02956       
0.95389       0.01669       
0.95878       0.06760       
0.96366       0.04745       
0.96855       -0.01146      
0.97343       -0.00606      
0.97832       -0.02002      
0.98321       0.01419       
0.98809       0.01420       
0.99298       -0.04163      
0.99787       0.00489       
1.00275       0.04771       
1.00764       -0.00397      
1.01253       -0.05269      
1.01741       0.03689       
1.02230       0.05116       
1.02719       -0.00147      
1.03207       -0.02925      
1.03696       -0.06722      
1.04185       -0.04761      
1.04673       -0.01803      
1.05162       -0.04855      
1.05651       -0.08185      
1.06139       -0.06837      
1.06628       -0.03174      
1.07117       -0.02087      
1.07605       -0.03277      
1.08094       -0.02923      
1.08583       -0.01222      
1.09071       0.01175       
1.09560       0.02954       
1.10049       0.03541       
1.10537       0.03284       
1.11026       0.01335       
1.11515       0.04389       
1.12003       0.02390       
1.12492       -0.02773      
1.12981       -0.00943      
1.13469       0.00795       
1.13958       -0.02256      
1.14447       -0.03112      
1.14935       0.02365       
1.15424       0.06529       
1.15913       0.00480       
1.16401       -0.03407      
1.16890       0.00419       
1.17379       0.03079       
1.17867       0.04785       
1.18356       0.04944       
1.18845       -0.04322      
1.19333       -0.08310      
1.19822       0.04317       
1.20311       0.07805       
1.20799       -0.00283      
1.21288       0.00588       
1.21777       0.02333       
1.22265       -0.00484      
1.22754       -0.03536      
1.23243       -0.00396      
1.23731       0.07990       
1.24220       -0.00599      
1.24709       -0.03470      
1.25197       0.11828       
1.25686       0.08658       
1.26174       0.04140       
1.26663       0.01192       
1.27152       0.03269       
1.27640       0.09270       
1.28129       -0.03449      
1.28618       0.01426       
1.29106       -0.01705      
1.29595       -0.02267      
1.30084       0.03049       
1.30572       -0.02244      
1.31061       -0.06319      
1.31550       -0.04078      
1.32038       -0.01449      
1.32527       -0.01188      
1.33016       -0.00429      
1.33504       -0.01159      
1.33993       0.00368       
1.34482       -0.01840      
1.34970       -0.01252      
1.35459       0.00130       
1.35948       -0.01742      
1.36436       -0.05668      
1.36925       -0.03824      
1.37414       -0.02056      
1.37902       -0.03081      
1.38391       -0.02191      
1.38880       -0.03829      
1.39368       -0.08773      
1.39857       -0.09167      
1.40346       -0.05636      
1.40834       -0.04784      
1.41323       -0.06715      
1.41812       -0.07601      
1.42300       -0.07439      
1.42789       -0.04988      
1.43278       -0.06432      
1.43766       -0.13090      
1.44255       -0.12162      
1.44744       -0.12144      
1.45232       -0.10120      
1.45721       -0.07267      
1.46210       -0.03372      
1.46698       -0.07724      
1.47187       -0.14588      
1.47676       -0.06979      
1.48164       -0.01334      
1.48653       -0.06934      
1.49142       -0.09034      
1.49630       -0.04088      
1.50119       -0.01405      
1.50608       -0.01389      
1.51096       -0.01373      
1.51585       -0.01357      
1.52074       -0.01342      
1.52562       -0.01326      
1.53051       -0.01311      
1.53539       -0.01296      
1.54028       -0.01282      
1.54517       -0.01267      
1.55005       -0.01253      
1.55494       -0.01239      
1.55983       -0.01225      
1.56471       -0.01211      
1.56960       -0.01198      
1.57449       -0.01184      
1.57937       -0.01171      
1.58426       -0.01158      
1.58915       -0.01145      
1.59403       -0.01133      
1.59892       -0.01120      
1.60381       -0.01108      
1.60869       -0.01096      
1.61358       -0.01084      
1.61847       -0.01073      
1.62335       -0.01061      
1.62824       -0.01050      
1.63313       -0.01038      
1.63801       -0.01027      
1.64290       -0.01016      
1.64779       -0.01005      
1.65267       -0.00995      
1.65756       -0.00984      
1.66245       -0.00974      
1.66733       -0.00963      
1.67222       -0.00953      
1.67711       -0.00943      
1.68199       -0.00934      
1.68688       -0.00924      
1.69177       -0.00914      
1.69665       -0.00905      
1.70154       -0.00895      
1.70643       -0.00886      
1.71131       -0.00877      
1.71620       -0.00868      
1.72109       -0.00859      
1.72597       -0.00850      
1.73086       -0.00842      
1.73575       -0.00833      
1.74063       -0.00825      
1.74552       -0.00816      
1.75041       -0.00808      
1.75529       -0.00800      
1.76018       -0.00792      
1.76507       -0.00784      
1.76995       -0.00776      
1.77484       -0.00769      
1.77973       -0.00761      
1.78461       -0.00753      
1.78950       -0.00746      
1.79439       -0.00739      
1.79927       -0.00731      
1.80416       -0.00724      
1.80904       -0.00717      
1.81393       -0.00710      
1.81882       -0.00703      
1.82370       -0.00696      
1.82859       -0.00690      
1.83348       -0.00683      
1.83836       -0.00677      
1.84325       -0.00670      
1.84814       -0.00664      
1.85302       -0.00657      
1.85791       -0.00651      
1.86280       -0.00645      
1.86768       -0.00639      
1.87257       -0.00633      
1.87746       -0.00627      
1.88234       -0.00621      
1.88723       -0.00615      
1.89212       -0.00609      
1.89700       -0.00603      
1.90189       -0.00598      
1.90678       -0.00592      
1.91166       -0.00587      
1.91655       -0.00581      
1.92144       -0.00576      
1.92632       -0.00571      
1.93121       -0.00565      
1.93610       -0.00560      
1.94098       -0.00555      
1.94587       -0.00550      
1.95076       -0.00545      
1.95564       -0.00540      
1.96053       -0.00535      
1.96542       -0.00530      
1.97030       -0.00525      
1.97519       -0.00521      
1.98008       -0.00516      
1.98496       -0.00511      
1.98985       -0.00507      
1.99474       -0.00502      
1.99962       -0.00498      
2.00451       -0.00493      
2.00940       -0.00489      
2.01428       -0.00485      
2.01917       -0.00480      
2.02406       -0.00476      
2.02894       -0.00472      
2.03383       -0.00468      
2.03872       -0.00464      
2.04360       -0.00460      
2.04849       -0.00456      
2.05338       -0.00452      
2.05826       -0.00448      
2.06315       -0.00444      
2.06804       -0.00440      
2.07292       -0.00436      
2.07781       -0.00432      
2.08270       -0.00429      
2.08758       -0.00425      
2.09247       -0.00421      
2.09735       -0.00418      
2.10224       -0.00414      
2.10713       -0.00411      
2.11201       -0.00407      
2.11690       -0.00404      
2.12179       -0.00400      
2.12667       -0.00397      
2.13156       -0.00394      
2.13645       -0.00390      
2.14133       -0.00387      
2.14622       -0.00384      
2.15111       -0.00381      
2.15599       -0.00377      
2.16088       -0.00374      
2.16577       -0.00371      
2.17065       -0.00368      
2.17554       -0.00365      
2.18043       -0.00362      
2.18531       -0.00359      
2.19020       -0.00356      
2.19509       -0.00353      
2.19997       -0.00350      
2.20486       -0.00347      
2.20975       -0.00345      
2.21463       -0.00342      
2.21952       -0.00339      
2.22441       -0.00336      
2.22929       -0.00334      
2.23418       -0.00331      
2.23907       -0.00328      
2.24395       -0.00326      
2.24884       -0.00323      
2.25373       -0.00320      
2.25861       -0.00318      
2.26350       -0.00315      
2.26839       -0.00313      
2.27327       -0.00310      
2.27816       -0.00308      
2.28305       -0.00305      
2.28793       -0.00303      
2.29282       -0.00300      
2.29771       -0.00298      
2.30259       -0.00296      
2.30748       -0.00293      
2.31237       -0.00291      
2.31725       -0.00289      
2.32214       -0.00287      
2.32703       -0.00284      
2.33191       -0.00282      
2.33680       -0.00280      
2.34169       -0.00278      
2.34657       -0.00276      
2.35146       -0.00274      
2.35635       -0.00271      
2.36123       -0.00269      
2.36612       -0.00267      
2.37100       -0.00265      
2.37589       -0.00263      
2.38078       -0.00261      
2.38566       -0.00259      
2.39055       -0.00257      
2.39544       -0.00255      
2.40032       -0.00253      
2.40521       -0.00251      
2.41010       -0.00250      
2.41498       -0.00248      
2.41987       -0.00246      
2.42476       -0.00244      
2.42964       -0.00242      
2.43453       -0.00240      
2.43942       -0.00238      
2.44430       -0.00237      
2.44919       -0.00235      
2.45408       -0.00233      
2.45896       -0.00231      
2.46385       -0.00230      
2.46874       -0.00228      
2.47362       -0.00226      
2.47851       -0.00225      
2.48340       -0.00223      
2.48828       -0.00221      
2.49317       -0.00220      
2.49806       -0.00218      
2.50294       -0.00217      
2.50783       -0.00215      
2.51272       -0.00213      
2.51760       -0.00212      
2.52249       -0.00210      
2.52738       -0.00209      
2.53226       -0.00207      
2.53715       -0.00206      
2.54204       -0.00204      
2.54692       -0.00203      
2.55181       -0.00201      
2.55670       -0.00200      
2.56158       -0.00198      
2.56647       -0.00197      
2.57136       -0.00196      
2.57624       -0.00194      
2.58113       -0.00193      
2.58602       -0.00192      
2.59090       -0.00190      
2.59579       -0.00189      
2.60068       -0.00187      
2.60556       -0.00186      
2.61045       -0.00185      
2.61534       -0.00184      
2.62022       -0.00182      
2.62511       -0.00181      
2.63000       -0.00180      
2.63488       -0.00178      
2.63977       -0.00177      
2.64465       -0.00176      
2.64954       -0.00175      
2.65443       -0.00174      
2.65931       -0.00172      
2.66420       -0.00171      
2.66909       -0.00170      
2.67397       -0.00169      
2.67886       -0.00168      
2.68375       -0.00166      
2.68863       -0.00165      
2.69352       -0.00164      
2.69841       -0.00163      
2.70329       -0.00162      
2.70818       -0.00161      
2.71307       -0.00160      
2.71795       -0.00159      
2.72284       -0.00158      
2.72773       -0.00157      
2.73261       -0.00155      
2.73750       -0.00154      
2.74239       -0.00153      
2.74727       -0.00152      
2.75216       -0.00151      
2.75705       -0.00150      
2.76193       -0.00149      
2.76682       -0.00148      
2.77171       -0.00147      
2.77659       -0.00146      
2.78148       -0.00145      
2.78637       -0.00144      
2.79125       -0.00143      
2.79614       -0.00142      
2.80103       -0.00141      
2.80591       -0.00141      
2.81080       -0.00140      
2.81569       -0.00139      
2.82057       -0.00138      
2.82546       -0.00137      
2.83035       -0.00136      
2.83523       -0.00135      
2.84012       -0.00134      
2.84501       -0.00133      
2.84989       -0.00132      
2.85478       -0.00132      
2.85967       -0.00131      
2.86455       -0.00130      
2.86944       -0.00129      
2.87433       -0.00128      
2.87921       -0.00127      
2.88410       -0.00127      
2.88899       -0.00126      
2.89387       -0.00125      
2.89876       -0.00124      
2.90365       -0.00123      
2.90853       -0.00123      
2.91342       -0.00122      
2.91830       -0.00121      
2.92319       -0.00120      
2.92808       -0.00119      
2.93296       -0.00119      
2.93785       -0.00118      
2.94274       -0.00117      
2.94762       -0.00116      
2.95251       -0.00116      
2.95740       -0.00115      
2.96228       -0.00114      
2.96717       -0.00114      
2.97206       -0.00113      
2.97694       -0.00112      
2.98183       -0.00111      
2.98672       -0.00111      
2.99160       -0.00110      
2.99649       -0.00109      
3.00138       -0.00109      
3.00626       -0.00108      
3.01115       -0.00107      
3.01604       -0.00107      
3.02092       -0.00106      
3.02581       -0.00105      
3.03070       -0.00105      
3.03558       -0.00104      
3.04047       -0.00103      
3.04536       -0.00103      
3.05024       -0.00102      
3.05513       -0.00101      
3.06002       -0.00101      
3.06490       -0.00100      
3.06979       -0.00100      
3.07468       -0.00099      
3.07956       -0.00098      
3.08445       -0.00098      
3.08934       -0.00097      
3.09422       -0.00097      
3.09911       -0.00096      
3.10400       -0.00095      
3.10888       -0.00095      
3.11377       -0.00094      
3.11866       -0.00094      
3.12354       -0.00093      
3.12843       -0.00093      
3.13332       -0.00092      
3.13820       -0.00091      
3.14309       -0.00091      
3.14798       -0.00090      
3.15286       -0.00090      
3.15775       -0.00089      
3.16264       -0.00089      
3.16752       -0.00088      
3.17241       -0.00088      
3.17730       -0.00087      
3.18218       -0.00087      
3.18707       -0.00086      
3.19196       -0.00086      
3.19684       -0.00085      
3.20173       -0.00085      
3.20661       -0.00084      
3.21150       -0.00084      
3.21639       -0.00083      
3.22127       -0.00083      
3.22616       -0.00082      
3.23105       -0.00082      
3.23593       -0.00081      
3.24082       -0.00081      
3.24571       -0.00080      
3.25059       -0.00080      
3.25548       -0.00079      
3.26037       -0.00079      
3.26525       -0.00078      
3.27014       -0.00078      
3.27503       -0.00077      
3.27991       -0.00077      
3.28480       -0.00077      
3.28969       -0.00076      
3.29457       -0.00076      
3.29946       -0.00075      
3.30435       -0.00075      
3.30923       -0.00074      
3.31412       -0.00074      
3.31901       -0.00074      
3.32389       -0.00073      
3.32878       -0.00073      
3.33367       -0.00072      
3.33855       -0.00072      
3.34344       -0.00071      
3.34833       -0.00071      
3.35321       -0.00071      
3.35810       -0.00070      
3.36299       -0.00070      
3.36787       -0.00069      
3.37276       -0.00069      
3.37765       -0.00069      
3.38253       -0.00068      
3.38742       -0.00068      
3.39231       -0.00068      
3.39719       -0.00067      
3.40208       -0.00067      
3.40697       -0.00066      
3.41185       -0.00066      
3.41674       -0.00066      
3.42163       -0.00065      
3.42651       -0.00065      
3.43140       -0.00065      
3.43629       -0.00064      
3.44117       -0.00064      
3.44606       -0.00063      
3.45095       -0.00063      
3.45583       -0.00063      
3.46072       -0.00062      
3.46561       -0.00062      
3.47049       -0.00062      
3.47538       -0.00061      
3.48026       -0.00061      
3.48515       -0.00061      
3.49004       -0.00060      
3.49492       -0.00060      
3.49981       -0.00060      
3.50470       -0.00059      
3.50958       -0.00059      
3.51447       -0.00059      
3.51936       -0.00058      
3.52424       -0.00058      
3.52913       -0.00058      
3.53402       -0.00058      
3.53890       -0.00057      
3.54379       -0.00057      
3.54868       -0.00057      
3.55356       -0.00056      
3.55845       -0.00056      
3.56334       -0.00056      
3.56822       -0.00055      
3.57311       -0.00055      
3.57800       -0.00055      
3.58288       -0.00054      
3.58777       -0.00054      
3.59266       -0.00054      
3.59754       -0.00054      
3.60243       -0.00053      
3.60732       -0.00053      
3.61220       -0.00053      
3.61709       -0.00052      
3.62198       -0.00052      
3.62686       -0.00052      
3.63175       -0.00052      
3.63664       -0.00051      
3.64152       -0.00051      
3.64641       -0.00051      
3.65130       -0.00051      
3.65618       -0.00050      
3.66107       -0.00050      
3.66596       -0.00050      
3.67084       -0.00049      
3.67573       -0.00049      
3.68062       -0.00049      
3.68550       -0.00049      
3.69039       -0.00048      
3.69528       -0.00048      
3.70016       -0.00048      
3.70505       -0.00048      
3.70994       -0.00047      
3.71482       -0.00047      
3.71971       -0.00047      
3.72460       -0.00047      
3.72948       -0.00046      
3.73437       -0.00046      
3.73926       -0.00046      
3.74414       -0.00046      
3.74903       -0.00046      
3.75391       -0.00045      
3.75880       -0.00045      
3.76369       -0.00045      
3.76857       -0.00045      
3.77346       -0.00044      
3.77835       -0.00044      
3.78323       -0.00044      
3.78812       -0.00044      
3.79301       -0.00043      
3.79789       -0.00043      
3.80278       -0.00043      
3.80767       -0.00043      
3.81255       -0.00043      
3.81744       -0.00042      
3.82233       -0.00042      
3.82721       -0.00042      
3.83210       -0.00042      
3.83699       -0.00041      
3.84187       -0.00041      
3.84676       -0.00041      
3.85165       -0.00041      
3.85653       -0.00041      
3.86142       -0.00040      
3.86631       -0.00040      
3.87119       -0.00040      
3.87608       -0.00040      
3.88097       -0.00040      
3.88585       -0.00039      
3.89074       -0.00039      
3.89563       -0.00039      
3.90051       -0.00039      
3.90540       -0.00039      
3.91029       -0.00038      
3.91517       -0.00038      
3.92006       -0.00038      
3.92495       -0.00038      
3.92983       -0.00038      
3.93472       -0.00038      
3.93961       -0.00037      
3.94449       -0.00037      
3.94938       -0.00037      
3.95427       -0.00037      
3.95915       -0.00037      
3.96404       -0.00036      
3.96893       -0.00036      
3.97381       -0.00036      
3.97870       -0.00036      
3.98359       -0.00036      
3.98847       -0.00036      
3.99336       -0.00035      
3.99825       -0.00035      
4.00313       -0.00035      
4.00802       -0.00035      
4.01291       -0.00035      
4.01779       -0.00035      
4.02268       -0.00034      
4.02757       -0.00034      
4.03245       -0.00034      
4.03734       -0.00034      
4.04222       -0.00034      
4.04711       -0.00034      
4.05200       -0.00033      
4.05688       -0.00033      
4.06177       -0.00033      
4.06666       -0.00033      
4.07154       -0.00033      
4.07643       -0.00033      
4.08132       -0.00032      
4.08620       -0.00032      
4.09109       -0.00032      
4.09598       -0.00032      
4.10086       -0.00032      
4.10575       -0.00032      
4.11064       -0.00031      
4.11552       -0.00031      
4.12041       -0.00031      
4.12530       -0.00031      
4.13018       -0.00031      
4.13507       -0.00031      
4.13996       -0.00031      
4.14484       -0.00030      
4.14973       -0.00030      
4.15462       -0.00030      
4.15950       -0.00030      
4.16439       -0.00030      
4.16928       -0.00030      
4.17416       -0.00030      
4.17905       -0.00029      
4.18394       -0.00029      
4.18882       -0.00029      
4.19371       -0.00029      
4.19860       -0.00029      
4.20348       -0.00029      
4.20837       -0.00029      
4.21326       -0.00028      
4.21814       -0.00028      
4.22303       -0.00028      
4.22792       -0.00028      
4.23280       -0.00028      
4.23769       -0.00028      
4.24258       -0.00028      
4.24746       -0.00028      
4.25235       -0.00027      
4.25724       -0.00027      
4.26212       -0.00027      
4.26701       -0.00027      
4.27190       -0.00027      
4.27678       -0.00027      
4.28167       -0.00027      
4.28656       -0.00027      
4.29144       -0.00026      
4.29633       -0.00026      
4.30122       -0.00026      
4.30610       -0.00026      
4.31099       -0.00026      
4.31587       -0.00026      
4.32076       -0.00026      
4.32565       -0.00026      
4.33053       -0.00025      
4.33542       -0.00025      
4.34031       -0.00025      
4.34519       -0.00025      
4.35008       -0.00025      
4.35497       -0.00025      
4.35985       -0.00025      
4.36474       -0.00025      
4.36963       -0.00025      
4.37451       -0.00024      
4.37940       -0.00024      
4.38429       -0.00024      
4.38917       -0.00024      
4.39406       -0.00024      
4.39895       -0.00024      
4.40383       -0.00024      
4.40872       -0.00024      
4.41361       -0.00024      
4.41849       -0.00023      
4.42338       -0.00023      
4.42827       -0.00023      
4.43315       -0.00023      
4.43804       -0.00023      
4.44293       -0.00023      
4.44781       -0.00023      
4.45270       -0.00023      
4.45759       -0.00023      
4.46247       -0.00023      
4.46736       -0.00022      
4.47225       -0.00022      
4.47713       -0.00022      
4.48202       -0.00022      
4.48691       -0.00022      
4.49179       -0.00022      
4.49668       -0.00022      
4.50157       -0.00022      
4.50645       -0.00022      
4.51134       -0.00022      
4.51623       -0.00021      
4.52111       -0.00021      
4.52600       -0.00021      
4.53089       -0.00021      
4.53577       -0.00021      
4.54066       -0.00021      
4.54555       -0.00021      
4.55043       -0.00021      
4.55532       -0.00021      
4.56021       -0.00021      
4.56509       -0.00021      
4.56998       -0.00020      
4.57487       -0.00020      
4.57975       -0.00020      
4.58464       -0.00020      
4.58952       -0.00020      
4.59441       -0.00020      
4.59930       -0.00020      
4.60418       -0.00020      
4.60907       -0.00020      
4.61396       -0.00020      
4.61884       -0.00020      
4.62373       -0.00019      
4.62862       -0.00019      
4.63350       -0.00019      
4.63839       -0.00019      
4.64328       -0.00019      
4.64816       -0.00019      
4.65305       -0.00019      
4.65794       -0.00019      
4.66282       -0.00019      
4.66771       -0.00019      
4.67260       -0.00019      
4.67748       -0.00019      
4.68237       -0.00019      
4.68726       -0.00018      
4.69214       -0.00018      
4.69703       -0.00018      
4.70192       -0.00018      
4.70680       -0.00018      
4.71169       -0.00018      
4.71658       -0.00018      
4.72146       -0.00018      
4.72635       -0.00018      
4.73124       -0.00018      
4.73612       -0.00018      
4.74101       -0.00018      
4.74590       -0.00018      
4.75078       -0.00017      
4.75567       -0.00017      
4.76056       -0.00017      
4.76544       -0.00017      
4.77033       -0.00017      
4.77522       -0.00017      
4.78010       -0.00017      
4.78499       -0.00017      
4.78988       -0.00017      
4.79476       -0.00017      
4.79965       -0.00017      
4.80454       -0.00017      
4.80942       -0.00017      
4.81431       -0.00017      
4.81920       -0.00016      
4.82408       -0.00016      
4.82897       -0.00016      
4.83386       -0.00016      
4.83874       -0.00016      
4.84363       -0.00016      
4.84852       -0.00016      
4.85340       -0.00016      
4.85829       -0.00016      
4.86317       -0.00016      
4.86806       -0.00016      
4.87295       -0.00016      
4.87783       -0.00016      
4.88272       -0.00016      
4.88761       -0.00016      
4.89249       -0.00015      
4.89738       -0.00015      
4.90227       -0.00015      
4.90715       -0.00015      
4.91204       -0.00015      
4.91693       -0.00015      
4.92181       -0.00015      
4.92670       -0.00015      
4.93159       -0.00015      
4.93647       -0.00015      
4.94136       -0.00015      
4.94625       -0.00015      
4.95113       -0.00015      
4.95602       -0.00015      
4.96091       -0.00015      
4.96579       -0.00015      
4.97068       -0.00014      
4.97557       -0.00014      
4.98045       -0.00014      
4.98534       -0.00014      
4.99023       -0.00014      
4.99511       -0.00014      
5.00000       -0.00014      
