0.00100       999999999995992510300160.00000
0.00589       577588570142785.12500
0.01077       409124583286.18451
0.01566       4597878310.37663
0.02055       176670176.80526
0.02543       13652860.66621
0.03032       1657038.72254 
0.03521       275858.20178  
0.04009       58040.35705   
0.04498       14647.39977   
0.04987       4288.26332    
0.05475       1430.00095    
0.05964       541.09726     
0.06453       234.22072     
0.06941       117.84887     
0.07430       69.51060      
0.07919       47.04420      
0.08407       35.57686      
0.08896       28.50944      
0.09385       24.38741      
0.09873       21.32387      
0.10362       19.28756      
0.10851       17.74926      
0.11339       16.45974      
0.11828       15.28559      
0.12317       14.36819      
0.12805       13.72849      
0.13294       12.95220      
0.13783       12.74030      
0.14271       12.49427      
0.14760       12.24948      
0.15248       12.51808      
0.15737       12.20856      
0.16226       12.23727      
0.16714       11.67496      
0.17203       10.06030      
0.17692       7.28979       
0.18180       4.40005       
0.18669       1.52281       
0.19158       -0.75962      
0.19646       -3.00494      
0.20135       -4.76942      
0.20624       -6.24989      
0.21112       -7.78045      
0.21601       -8.61722      
0.22090       -9.69472      
0.22578       -10.41572     
0.23067       -10.86853     
0.23556       -11.36777     
0.24044       -11.73258     
0.24533       -11.79550     
0.25022       -11.82279     
0.25510       -11.60519     
0.25999       -11.44098     
0.26488       -11.03254     
0.26976       -10.60491     
0.27465       -10.19464     
0.27954       -9.73742      
0.28442       -9.29762      
0.28931       -8.85350      
0.29420       -8.53819      
0.29908       -8.18952      
0.30397       -7.83748      
0.30886       -7.56279      
0.31374       -7.16360      
0.31863       -6.86174      
0.32352       -6.50951      
0.32840       -6.14981      
0.33329       -5.74470      
0.33818       -5.43038      
0.34306       -4.97321      
0.34795       -4.74678      
0.35284       -4.42422      
0.35772       -4.09534      
0.36261       -4.04232      
0.36750       -3.64797      
0.37238       -3.53543      
0.37727       -3.16702      
0.38216       -3.08149      
0.38704       -2.86851      
0.39193       -2.53980      
0.39682       -2.35513      
0.40170       -2.17028      
0.40659       -1.74349      
0.41148       -1.51457      
0.41636       -1.27503      
0.42125       -0.98105      
0.42613       -0.73857      
0.43102       -0.53559      
0.43591       -0.20468      
0.44079       0.06111       
0.44568       0.17406       
0.45057       0.45268       
0.45545       0.65475       
0.46034       0.71596       
0.46523       0.71500       
0.47011       0.77139       
0.47500       0.71564       
0.47989       0.64889       
0.48477       0.58087       
0.48966       0.43683       
0.49455       0.33861       
0.49943       0.28258       
0.50432       0.08936       
0.50921       0.07090       
0.51409       0.06605       
0.51898       -0.10323      
0.52387       -0.18859      
0.52875       -0.24053      
0.53364       -0.17519      
0.53853       -0.28535      
0.54341       -0.36977      
0.54830       -0.48256      
0.55319       -0.52003      
0.55807       -0.48219      
0.56296       -0.54554      
0.56785       -0.62845      
0.57273       -0.56390      
0.57762       -0.59118      
0.58251       -0.64450      
0.58739       -0.57955      
0.59228       -0.58160      
0.59717       -0.53354      
0.60205       -0.61205      
0.60694       -0.58482      
0.61183       -0.49961      
0.61671       -0.54117      
0.62160       -0.58185      
0.62649       -0.51466      
0.63137       -0.47819      
0.63626       -0.48688      
0.64115       -0.48912      
0.64603       -0.47673      
0.65092       -0.49437      
0.65581       -0.38587      
0.66069       -0.44122      
0.66558       -0.37289      
0.67047       -0.37132      
0.67535       -0.44989      
0.68024       -0.32980      
0.68513       -0.34801      
0.69001       -0.31579      
0.69490       -0.28297      
0.69978       -0.25739      
0.70467       -0.29538      
0.70956       -0.25577      
0.71444       -0.15951      
0.71933       -0.27581      
0.72422       -0.16018      
0.72910       -0.21691      
0.73399       -0.17877      
0.73888       -0.09929      
0.74376       -0.07655      
0.74865       -0.07077      
0.75354       -0.06264      
0.75842       -0.05484      
0.76331       -0.06066      
0.76820       -0.05719      
0.77308       -0.00245      
0.77797       -0.03569      
0.78286       -0.12855      
0.78774       0.09946       
0.79263       -0.08413      
0.79752       0.01983       
0.80240       -0.04387      
0.80729       0.04441       
0.81218       -0.01470      
0.81706       -0.04760      
0.82195       -0.03704      
0.82684       -0.03305      
0.83172       -0.04750      
0.83661       -0.07468      
0.84150       -0.06332      
0.84638       -0.04153      
0.85127       -0.07370      
0.85616       -0.11569      
0.86104       -0.03723      
0.86593       -0.07432      
0.87082       -0.02087      
0.87570       -0.14170      
0.88059       -0.05659      
0.88548       -0.09448      
0.89036       -0.06077      
0.89525       -0.11037      
0.90014       -0.11548      
0.90502       -0.10266      
0.90991       -0.10894      
0.91480       -0.05891      
0.91968       -0.16569      
0.92457       -0.20394      
0.92946       -0.07768      
0.93434       -0.12062      
0.93923       -0.16757      
0.94412       -0.10625      
0.94900       -0.05843      
0.95389       -0.13133      
0.95878       -0.11698      
0.96366       -0.10891      
0.96855       -0.11287      
0.97343       -0.06072      
0.97832       -0.06686      
0.98321       -0.17508      
0.98809       -0.08541      
0.99298       -0.05183      
0.99787       -0.11888      
1.00275       -0.12363      
1.00764       -0.08705      
1.01253       -0.05973      
1.01741       -0.10168      
1.02230       -0.09882      
1.02719       -0.00596      
1.03207       -0.05709      
1.03696       -0.08270      
1.04185       -0.00079      
1.04673       -0.03769      
1.05162       -0.08609      
1.05651       -0.01980      
1.06139       -0.01670      
1.06628       -0.04475      
1.07117       -0.04197      
1.07605       -0.01404      
1.08094       -0.03288      
1.08583       0.01909       
1.09071       0.00199       
1.09560       -0.05180      
1.10049       -0.01727      
1.10537       0.00647       
1.11026       -0.01394      
1.11515       -0.03432      
1.12003       -0.02107      
1.12492       -0.00381      
1.12981       -0.00614      
1.13469       -0.03674      
1.13958       -0.05937      
1.14447       0.00303       
1.14935       0.05036       
1.15424       -0.08626      
1.15913       0.07014       
1.16401       -0.08713      
1.16890       0.04789       
1.17379       -0.00091      
1.17867       0.00868       
1.18356       0.04392       
1.18845       0.01182       
1.19333       0.00042       
1.19822       0.04842       
1.20311       0.01003       
1.20799       -0.02985      
1.21288       0.02695       
1.21777       -0.00703      
1.22265       -0.02470      
1.22754       0.00796       
1.23243       -0.01498      
1.23731       0.00751       
1.24220       0.05015       
1.24709       -0.04143      
1.25197       0.03631       
1.25686       0.02444       
1.26174       0.07157       
1.26663       -0.02199      
1.27152       -0.07705      
1.27640       0.03802       
1.28129       0.02899       
1.28618       -0.04966      
1.29106       -0.08731      
1.29595       -0.05103      
1.30084       -0.00021      
1.30572       -0.00561      
1.31061       -0.03060      
1.31550       -0.06783      
1.32038       -0.04186      
1.32527       0.01308       
1.33016       -0.03415      
1.33504       -0.04815      
1.33993       0.01868       
1.34482       0.03034       
1.34970       0.01003       
1.35459       -0.03920      
1.35948       -0.00750      
1.36436       0.04286       
1.36925       -0.01760      
1.37414       -0.08552      
1.37902       -0.03037      
1.38391       -0.02017      
1.38880       -0.00963      
1.39368       0.01916       
1.39857       0.01631       
1.40346       0.02578       
1.40834       0.06765       
1.41323       -0.07251      
1.41812       0.07291       
1.42300       -0.05636      
1.42789       0.08790       
1.43278       0.09155       
1.43766       0.06155       
1.44255       -0.01433      
1.44744       0.10967       
1.45232       0.06894       
1.45721       -0.06127      
1.46210       0.07686       
1.46698       0.01576       
1.47187       0.01415       
1.47676       0.00879       
1.48164       0.01136       
1.48653       -0.01605      
1.49142       0.08182       
1.49630       0.03006       
1.50119       -0.02314      
1.50608       -0.02287      
1.51096       -0.02260      
1.51585       -0.02234      
1.52074       -0.02208      
1.52562       -0.02183      
1.53051       -0.02158      
1.53539       -0.02133      
1.54028       -0.02109      
1.54517       -0.02085      
1.55005       -0.02062      
1.55494       -0.02038      
1.55983       -0.02015      
1.56471       -0.01993      
1.56960       -0.01971      
1.57449       -0.01949      
1.57937       -0.01927      
1.58426       -0.01906      
1.58915       -0.01884      
1.59403       -0.01864      
1.59892       -0.01843      
1.60381       -0.01823      
1.60869       -0.01803      
1.61358       -0.01784      
1.61847       -0.01764      
1.62335       -0.01745      
1.62824       -0.01726      
1.63313       -0.01708      
1.63801       -0.01689      
1.64290       -0.01671      
1.64779       -0.01653      
1.65267       -0.01636      
1.65756       -0.01618      
1.66245       -0.01601      
1.66733       -0.01584      
1.67222       -0.01568      
1.67711       -0.01551      
1.68199       -0.01535      
1.68688       -0.01519      
1.69177       -0.01503      
1.69665       -0.01487      
1.70154       -0.01472      
1.70643       -0.01457      
1.71131       -0.01442      
1.71620       -0.01427      
1.72109       -0.01412      
1.72597       -0.01398      
1.73086       -0.01384      
1.73575       -0.01370      
1.74063       -0.01356      
1.74552       -0.01342      
1.75041       -0.01328      
1.75529       -0.01315      
1.76018       -0.01302      
1.76507       -0.01289      
1.76995       -0.01276      
1.77484       -0.01263      
1.77973       -0.01251      
1.78461       -0.01238      
1.78950       -0.01226      
1.79439       -0.01214      
1.79927       -0.01202      
1.80416       -0.01190      
1.80904       -0.01178      
1.81393       -0.01167      
1.81882       -0.01156      
1.82370       -0.01144      
1.82859       -0.01133      
1.83348       -0.01122      
1.83836       -0.01111      
1.84325       -0.01101      
1.84814       -0.01090      
1.85302       -0.01080      
1.85791       -0.01069      
1.86280       -0.01059      
1.86768       -0.01049      
1.87257       -0.01039      
1.87746       -0.01029      
1.88234       -0.01020      
1.88723       -0.01010      
1.89212       -0.01001      
1.89700       -0.00991      
1.90189       -0.00982      
1.90678       -0.00973      
1.91166       -0.00964      
1.91655       -0.00955      
1.92144       -0.00946      
1.92632       -0.00937      
1.93121       -0.00928      
1.93610       -0.00920      
1.94098       -0.00912      
1.94587       -0.00903      
1.95076       -0.00895      
1.95564       -0.00887      
1.96053       -0.00879      
1.96542       -0.00871      
1.97030       -0.00863      
1.97519       -0.00855      
1.98008       -0.00847      
1.98496       -0.00840      
1.98985       -0.00832      
1.99474       -0.00825      
1.99962       -0.00817      
2.00451       -0.00810      
2.00940       -0.00803      
2.01428       -0.00796      
2.01917       -0.00789      
2.02406       -0.00782      
2.02894       -0.00775      
2.03383       -0.00768      
2.03872       -0.00761      
2.04360       -0.00755      
2.04849       -0.00748      
2.05338       -0.00741      
2.05826       -0.00735      
2.06315       -0.00729      
2.06804       -0.00722      
2.07292       -0.00716      
2.07781       -0.00710      
2.08270       -0.00704      
2.08758       -0.00698      
2.09247       -0.00692      
2.09735       -0.00686      
2.10224       -0.00680      
2.10713       -0.00674      
2.11201       -0.00668      
2.11690       -0.00663      
2.12179       -0.00657      
2.12667       -0.00652      
2.13156       -0.00646      
2.13645       -0.00641      
2.14133       -0.00635      
2.14622       -0.00630      
2.15111       -0.00625      
2.15599       -0.00619      
2.16088       -0.00614      
2.16577       -0.00609      
2.17065       -0.00604      
2.17554       -0.00599      
2.18043       -0.00594      
2.18531       -0.00589      
2.19020       -0.00584      
2.19509       -0.00580      
2.19997       -0.00575      
2.20486       -0.00570      
2.20975       -0.00565      
2.21463       -0.00561      
2.21952       -0.00556      
2.22441       -0.00552      
2.22929       -0.00547      
2.23418       -0.00543      
2.23907       -0.00538      
2.24395       -0.00534      
2.24884       -0.00530      
2.25373       -0.00526      
2.25861       -0.00521      
2.26350       -0.00517      
2.26839       -0.00513      
2.27327       -0.00509      
2.27816       -0.00505      
2.28305       -0.00501      
2.28793       -0.00497      
2.29282       -0.00493      
2.29771       -0.00489      
2.30259       -0.00485      
2.30748       -0.00481      
2.31237       -0.00478      
2.31725       -0.00474      
2.32214       -0.00470      
2.32703       -0.00467      
2.33191       -0.00463      
2.33680       -0.00459      
2.34169       -0.00456      
2.34657       -0.00452      
2.35146       -0.00449      
2.35635       -0.00445      
2.36123       -0.00442      
2.36612       -0.00438      
2.37100       -0.00435      
2.37589       -0.00432      
2.38078       -0.00428      
2.38566       -0.00425      
2.39055       -0.00422      
2.39544       -0.00419      
2.40032       -0.00416      
2.40521       -0.00412      
2.41010       -0.00409      
2.41498       -0.00406      
2.41987       -0.00403      
2.42476       -0.00400      
2.42964       -0.00397      
2.43453       -0.00394      
2.43942       -0.00391      
2.44430       -0.00388      
2.44919       -0.00385      
2.45408       -0.00382      
2.45896       -0.00380      
2.46385       -0.00377      
2.46874       -0.00374      
2.47362       -0.00371      
2.47851       -0.00368      
2.48340       -0.00366      
2.48828       -0.00363      
2.49317       -0.00360      
2.49806       -0.00358      
2.50294       -0.00355      
2.50783       -0.00353      
2.51272       -0.00350      
2.51760       -0.00347      
2.52249       -0.00345      
2.52738       -0.00342      
2.53226       -0.00340      
2.53715       -0.00337      
2.54204       -0.00335      
2.54692       -0.00333      
2.55181       -0.00330      
2.55670       -0.00328      
2.56158       -0.00325      
2.56647       -0.00323      
2.57136       -0.00321      
2.57624       -0.00319      
2.58113       -0.00316      
2.58602       -0.00314      
2.59090       -0.00312      
2.59579       -0.00310      
2.60068       -0.00307      
2.60556       -0.00305      
2.61045       -0.00303      
2.61534       -0.00301      
2.62022       -0.00299      
2.62511       -0.00297      
2.63000       -0.00295      
2.63488       -0.00293      
2.63977       -0.00291      
2.64465       -0.00289      
2.64954       -0.00286      
2.65443       -0.00285      
2.65931       -0.00283      
2.66420       -0.00281      
2.66909       -0.00279      
2.67397       -0.00277      
2.67886       -0.00275      
2.68375       -0.00273      
2.68863       -0.00271      
2.69352       -0.00269      
2.69841       -0.00267      
2.70329       -0.00265      
2.70818       -0.00264      
2.71307       -0.00262      
2.71795       -0.00260      
2.72284       -0.00258      
2.72773       -0.00257      
2.73261       -0.00255      
2.73750       -0.00253      
2.74239       -0.00251      
2.74727       -0.00250      
2.75216       -0.00248      
2.75705       -0.00246      
2.76193       -0.00245      
2.76682       -0.00243      
2.77171       -0.00241      
2.77659       -0.00240      
2.78148       -0.00238      
2.78637       -0.00237      
2.79125       -0.00235      
2.79614       -0.00233      
2.80103       -0.00232      
2.80591       -0.00230      
2.81080       -0.00229      
2.81569       -0.00227      
2.82057       -0.00226      
2.82546       -0.00224      
2.83035       -0.00223      
2.83523       -0.00221      
2.84012       -0.00220      
2.84501       -0.00219      
2.84989       -0.00217      
2.85478       -0.00216      
2.85967       -0.00214      
2.86455       -0.00213      
2.86944       -0.00212      
2.87433       -0.00210      
2.87921       -0.00209      
2.88410       -0.00207      
2.88899       -0.00206      
2.89387       -0.00205      
2.89876       -0.00203      
2.90365       -0.00202      
2.90853       -0.00201      
2.91342       -0.00200      
2.91830       -0.00198      
2.92319       -0.00197      
2.92808       -0.00196      
2.93296       -0.00194      
2.93785       -0.00193      
2.94274       -0.00192      
2.94762       -0.00191      
2.95251       -0.00190      
2.95740       -0.00188      
2.96228       -0.00187      
2.96717       -0.00186      
2.97206       -0.00185      
2.97694       -0.00184      
2.98183       -0.00183      
2.98672       -0.00181      
2.99160       -0.00180      
2.99649       -0.00179      
3.00138       -0.00178      
3.00626       -0.00177      
3.01115       -0.00176      
3.01604       -0.00175      
3.02092       -0.00174      
3.02581       -0.00173      
3.03070       -0.00171      
3.03558       -0.00170      
3.04047       -0.00169      
3.04536       -0.00168      
3.05024       -0.00167      
3.05513       -0.00166      
3.06002       -0.00165      
3.06490       -0.00164      
3.06979       -0.00163      
3.07468       -0.00162      
3.07956       -0.00161      
3.08445       -0.00160      
3.08934       -0.00159      
3.09422       -0.00158      
3.09911       -0.00157      
3.10400       -0.00156      
3.10888       -0.00155      
3.11377       -0.00154      
3.11866       -0.00154      
3.12354       -0.00153      
3.12843       -0.00152      
3.13332       -0.00151      
3.13820       -0.00150      
3.14309       -0.00149      
3.14798       -0.00148      
3.15286       -0.00147      
3.15775       -0.00146      
3.16264       -0.00145      
3.16752       -0.00145      
3.17241       -0.00144      
3.17730       -0.00143      
3.18218       -0.00142      
3.18707       -0.00141      
3.19196       -0.00140      
3.19684       -0.00139      
3.20173       -0.00139      
3.20661       -0.00138      
3.21150       -0.00137      
3.21639       -0.00136      
3.22127       -0.00135      
3.22616       -0.00135      
3.23105       -0.00134      
3.23593       -0.00133      
3.24082       -0.00132      
3.24571       -0.00131      
3.25059       -0.00131      
3.25548       -0.00130      
3.26037       -0.00129      
3.26525       -0.00128      
3.27014       -0.00128      
3.27503       -0.00127      
3.27991       -0.00126      
3.28480       -0.00125      
3.28969       -0.00125      
3.29457       -0.00124      
3.29946       -0.00123      
3.30435       -0.00123      
3.30923       -0.00122      
3.31412       -0.00121      
3.31901       -0.00120      
3.32389       -0.00120      
3.32878       -0.00119      
3.33367       -0.00118      
3.33855       -0.00118      
3.34344       -0.00117      
3.34833       -0.00116      
3.35321       -0.00116      
3.35810       -0.00115      
3.36299       -0.00114      
3.36787       -0.00114      
3.37276       -0.00113      
3.37765       -0.00113      
3.38253       -0.00112      
3.38742       -0.00111      
3.39231       -0.00111      
3.39719       -0.00110      
3.40208       -0.00109      
3.40697       -0.00109      
3.41185       -0.00108      
3.41674       -0.00108      
3.42163       -0.00107      
3.42651       -0.00106      
3.43140       -0.00106      
3.43629       -0.00105      
3.44117       -0.00105      
3.44606       -0.00104      
3.45095       -0.00103      
3.45583       -0.00103      
3.46072       -0.00102      
3.46561       -0.00102      
3.47049       -0.00101      
3.47538       -0.00101      
3.48026       -0.00100      
3.48515       -0.00099      
3.49004       -0.00099      
3.49492       -0.00098      
3.49981       -0.00098      
3.50470       -0.00097      
3.50958       -0.00097      
3.51447       -0.00096      
3.51936       -0.00096      
3.52424       -0.00095      
3.52913       -0.00095      
3.53402       -0.00094      
3.53890       -0.00094      
3.54379       -0.00093      
3.54868       -0.00093      
3.55356       -0.00092      
3.55845       -0.00092      
3.56334       -0.00091      
3.56822       -0.00091      
3.57311       -0.00090      
3.57800       -0.00090      
3.58288       -0.00089      
3.58777       -0.00089      
3.59266       -0.00088      
3.59754       -0.00088      
3.60243       -0.00087      
3.60732       -0.00087      
3.61220       -0.00086      
3.61709       -0.00086      
3.62198       -0.00085      
3.62686       -0.00085      
3.63175       -0.00085      
3.63664       -0.00084      
3.64152       -0.00084      
3.64641       -0.00083      
3.65130       -0.00083      
3.65618       -0.00082      
3.66107       -0.00082      
3.66596       -0.00081      
3.67084       -0.00081      
3.67573       -0.00081      
3.68062       -0.00080      
3.68550       -0.00080      
3.69039       -0.00079      
3.69528       -0.00079      
3.70016       -0.00079      
3.70505       -0.00078      
3.70994       -0.00078      
3.71482       -0.00077      
3.71971       -0.00077      
3.72460       -0.00077      
3.72948       -0.00076      
3.73437       -0.00076      
3.73926       -0.00075      
3.74414       -0.00075      
3.74903       -0.00075      
3.75391       -0.00074      
3.75880       -0.00074      
3.76369       -0.00073      
3.76857       -0.00073      
3.77346       -0.00073      
3.77835       -0.00072      
3.78323       -0.00072      
3.78812       -0.00072      
3.79301       -0.00071      
3.79789       -0.00071      
3.80278       -0.00070      
3.80767       -0.00070      
3.81255       -0.00070      
3.81744       -0.00069      
3.82233       -0.00069      
3.82721       -0.00069      
3.83210       -0.00068      
3.83699       -0.00068      
3.84187       -0.00068      
3.84676       -0.00067      
3.85165       -0.00067      
3.85653       -0.00067      
3.86142       -0.00066      
3.86631       -0.00066      
3.87119       -0.00066      
3.87608       -0.00065      
3.88097       -0.00065      
3.88585       -0.00065      
3.89074       -0.00064      
3.89563       -0.00064      
3.90051       -0.00064      
3.90540       -0.00063      
3.91029       -0.00063      
3.91517       -0.00063      
3.92006       -0.00062      
3.92495       -0.00062      
3.92983       -0.00062      
3.93472       -0.00061      
3.93961       -0.00061      
3.94449       -0.00061      
3.94938       -0.00061      
3.95427       -0.00060      
3.95915       -0.00060      
3.96404       -0.00060      
3.96893       -0.00059      
3.97381       -0.00059      
3.97870       -0.00059      
3.98359       -0.00058      
3.98847       -0.00058      
3.99336       -0.00058      
3.99825       -0.00058      
4.00313       -0.00057      
4.00802       -0.00057      
4.01291       -0.00057      
4.01779       -0.00057      
4.02268       -0.00056      
4.02757       -0.00056      
4.03245       -0.00056      
4.03734       -0.00055      
4.04222       -0.00055      
4.04711       -0.00055      
4.05200       -0.00055      
4.05688       -0.00054      
4.06177       -0.00054      
4.06666       -0.00054      
4.07154       -0.00054      
4.07643       -0.00053      
4.08132       -0.00053      
4.08620       -0.00053      
4.09109       -0.00053      
4.09598       -0.00052      
4.10086       -0.00052      
4.10575       -0.00052      
4.11064       -0.00052      
4.11552       -0.00051      
4.12041       -0.00051      
4.12530       -0.00051      
4.13018       -0.00051      
4.13507       -0.00050      
4.13996       -0.00050      
4.14484       -0.00050      
4.14973       -0.00050      
4.15462       -0.00049      
4.15950       -0.00049      
4.16439       -0.00049      
4.16928       -0.00049      
4.17416       -0.00048      
4.17905       -0.00048      
4.18394       -0.00048      
4.18882       -0.00048      
4.19371       -0.00048      
4.19860       -0.00047      
4.20348       -0.00047      
4.20837       -0.00047      
4.21326       -0.00047      
4.21814       -0.00046      
4.22303       -0.00046      
4.22792       -0.00046      
4.23280       -0.00046      
4.23769       -0.00046      
4.24258       -0.00045      
4.24746       -0.00045      
4.25235       -0.00045      
4.25724       -0.00045      
4.26212       -0.00045      
4.26701       -0.00044      
4.27190       -0.00044      
4.27678       -0.00044      
4.28167       -0.00044      
4.28656       -0.00044      
4.29144       -0.00043      
4.29633       -0.00043      
4.30122       -0.00043      
4.30610       -0.00043      
4.31099       -0.00043      
4.31587       -0.00042      
4.32076       -0.00042      
4.32565       -0.00042      
4.33053       -0.00042      
4.33542       -0.00042      
4.34031       -0.00041      
4.34519       -0.00041      
4.35008       -0.00041      
4.35497       -0.00041      
4.35985       -0.00041      
4.36474       -0.00040      
4.36963       -0.00040      
4.37451       -0.00040      
4.37940       -0.00040      
4.38429       -0.00040      
4.38917       -0.00040      
4.39406       -0.00039      
4.39895       -0.00039      
4.40383       -0.00039      
4.40872       -0.00039      
4.41361       -0.00039      
4.41849       -0.00038      
4.42338       -0.00038      
4.42827       -0.00038      
4.43315       -0.00038      
4.43804       -0.00038      
4.44293       -0.00038      
4.44781       -0.00037      
4.45270       -0.00037      
4.45759       -0.00037      
4.46247       -0.00037      
4.46736       -0.00037      
4.47225       -0.00037      
4.47713       -0.00036      
4.48202       -0.00036      
4.48691       -0.00036      
4.49179       -0.00036      
4.49668       -0.00036      
4.50157       -0.00036      
4.50645       -0.00035      
4.51134       -0.00035      
4.51623       -0.00035      
4.52111       -0.00035      
4.52600       -0.00035      
4.53089       -0.00035      
4.53577       -0.00035      
4.54066       -0.00034      
4.54555       -0.00034      
4.55043       -0.00034      
4.55532       -0.00034      
4.56021       -0.00034      
4.56509       -0.00034      
4.56998       -0.00033      
4.57487       -0.00033      
4.57975       -0.00033      
4.58464       -0.00033      
4.58952       -0.00033      
4.59441       -0.00033      
4.59930       -0.00033      
4.60418       -0.00032      
4.60907       -0.00032      
4.61396       -0.00032      
4.61884       -0.00032      
4.62373       -0.00032      
4.62862       -0.00032      
4.63350       -0.00032      
4.63839       -0.00032      
4.64328       -0.00031      
4.64816       -0.00031      
4.65305       -0.00031      
4.65794       -0.00031      
4.66282       -0.00031      
4.66771       -0.00031      
4.67260       -0.00031      
4.67748       -0.00030      
4.68237       -0.00030      
4.68726       -0.00030      
4.69214       -0.00030      
4.69703       -0.00030      
4.70192       -0.00030      
4.70680       -0.00030      
4.71169       -0.00030      
4.71658       -0.00029      
4.72146       -0.00029      
4.72635       -0.00029      
4.73124       -0.00029      
4.73612       -0.00029      
4.74101       -0.00029      
4.74590       -0.00029      
4.75078       -0.00029      
4.75567       -0.00028      
4.76056       -0.00028      
4.76544       -0.00028      
4.77033       -0.00028      
4.77522       -0.00028      
4.78010       -0.00028      
4.78499       -0.00028      
4.78988       -0.00028      
4.79476       -0.00027      
4.79965       -0.00027      
4.80454       -0.00027      
4.80942       -0.00027      
4.81431       -0.00027      
4.81920       -0.00027      
4.82408       -0.00027      
4.82897       -0.00027      
4.83386       -0.00027      
4.83874       -0.00026      
4.84363       -0.00026      
4.84852       -0.00026      
4.85340       -0.00026      
4.85829       -0.00026      
4.86317       -0.00026      
4.86806       -0.00026      
4.87295       -0.00026      
4.87783       -0.00026      
4.88272       -0.00025      
4.88761       -0.00025      
4.89249       -0.00025      
4.89738       -0.00025      
4.90227       -0.00025      
4.90715       -0.00025      
4.91204       -0.00025      
4.91693       -0.00025      
4.92181       -0.00025      
4.92670       -0.00025      
4.93159       -0.00024      
4.93647       -0.00024      
4.94136       -0.00024      
4.94625       -0.00024      
4.95113       -0.00024      
4.95602       -0.00024      
4.96091       -0.00024      
4.96579       -0.00024      
4.97068       -0.00024      
4.97557       -0.00024      
4.98045       -0.00023      
4.98534       -0.00023      
4.99023       -0.00023      
4.99511       -0.00023      
5.00000       -0.00023      
