0.00100       999999999995992510300160.00000
0.00589       577588570142784.50000
0.01077       409124583285.48962
0.01566       4597878309.68192
0.02055       176670176.11077
0.02543       13652864.93157
0.03032       1657050.24963 
0.03521       275876.93321  
0.04009       58066.39622   
0.04498       14679.86098   
0.04987       4327.47374    
0.05475       1475.14180    
0.05964       591.37315     
0.06453       289.45848     
0.06941       177.44510     
0.07430       132.84354     
0.07919       113.96297     
0.08407       105.53105     
0.08896       101.58348     
0.09385       99.65632      
0.09873       98.67970      
0.10362       98.51523      
0.10851       98.51622      
0.11339       98.51721      
0.11828       98.51820      
0.12317       98.51918      
0.12805       98.52017      
0.13294       98.52115      
0.13783       98.52213      
0.14271       89.77694      
0.14760       78.76878      
0.15248       68.82735      
0.15737       60.66169      
0.16226       52.74105      
0.16714       45.19448      
0.17203       38.26749      
0.17692       32.00495      
0.18180       26.33686      
0.18669       21.32203      
0.19158       16.69106      
0.19646       12.39729      
0.20135       8.63322       
0.20624       5.49699       
0.21112       2.55855       
0.21601       0.05095       
0.22090       -1.92405      
0.22578       -3.74206      
0.23067       -5.41179      
0.23556       -6.53237      
0.24044       -7.67105      
0.24533       -8.38682      
0.25022       -9.05139      
0.25510       -9.46555      
0.25999       -9.70235      
0.26488       -9.92106      
0.26976       -9.88170      
0.27465       -9.99332      
0.27954       -10.01957     
0.28442       -10.24667     
0.28931       -10.40020     
0.29420       -10.55778     
0.29908       -10.74964     
0.30397       -10.77743     
0.30886       -10.71824     
0.31374       -10.55804     
0.31863       -10.28378     
0.32352       -9.89998      
0.32840       -9.48698      
0.33329       -8.98446      
0.33818       -8.53904      
0.34306       -8.09858      
0.34795       -7.76626      
0.35284       -7.36689      
0.35772       -7.08608      
0.36261       -6.80965      
0.36750       -6.61943      
0.37238       -6.37563      
0.37727       -6.13212      
0.38216       -5.91014      
0.38704       -5.67784      
0.39193       -5.42726      
0.39682       -5.15030      
0.40170       -4.89774      
0.40659       -4.60481      
0.41148       -4.27692      
0.41636       -3.98941      
0.42125       -3.66291      
0.42613       -3.25789      
0.43102       -3.02418      
0.43591       -2.70054      
0.44079       -2.29838      
0.44568       -2.09679      
0.45057       -1.74194      
0.45545       -1.45219      
0.46034       -1.05123      
0.46523       -0.90310      
0.47011       -0.45954      
0.47500       -0.22445      
0.47989       0.14935       
0.48477       0.31647       
0.48966       0.49795       
0.49455       0.50232       
0.49943       0.52692       
0.50432       0.50369       
0.50921       0.38213       
0.51409       0.44650       
0.51898       0.38030       
0.52387       0.28494       
0.52875       0.23160       
0.53364       0.16299       
0.53853       0.17183       
0.54341       0.09078       
0.54830       0.00702       
0.55319       0.00003       
0.55807       -0.04346      
0.56296       -0.10993      
0.56785       -0.16252      
0.57273       -0.19019      
0.57762       -0.25397      
0.58251       -0.28317      
0.58739       -0.26339      
0.59228       -0.28877      
0.59717       -0.29829      
0.60205       -0.26432      
0.60694       -0.30643      
0.61183       -0.31513      
0.61671       -0.23781      
0.62160       -0.38938      
0.62649       -0.37872      
0.63137       -0.32543      
0.63626       -0.41024      
0.64115       -0.41804      
0.64603       -0.32829      
0.65092       -0.38300      
0.65581       -0.39015      
0.66069       -0.41798      
0.66558       -0.36126      
0.67047       -0.38410      
0.67535       -0.40454      
0.68024       -0.35771      
0.68513       -0.34714      
0.69001       -0.33996      
0.69490       -0.30995      
0.69978       -0.28846      
0.70467       -0.24745      
0.70956       -0.19976      
0.71444       -0.17709      
0.71933       -0.20485      
0.72422       -0.16290      
0.72910       -0.18190      
0.73399       -0.21805      
0.73888       -0.14477      
0.74376       -0.12862      
0.74865       -0.25824      
0.75354       -0.06389      
0.75842       -0.19468      
0.76331       -0.05194      
0.76820       -0.05341      
0.77308       -0.06263      
0.77797       0.00346       
0.78286       0.02984       
0.78774       0.00959       
0.79263       0.03047       
0.79752       0.05435       
0.80240       0.13448       
0.80729       0.05799       
0.81218       0.06024       
0.81706       0.13624       
0.82195       0.08676       
0.82684       0.08487       
0.83172       0.11995       
0.83661       0.11852       
0.84150       0.11445       
0.84638       0.12398       
0.85127       0.10279       
0.85616       0.08698       
0.86104       0.16894       
0.86593       0.13423       
0.87082       0.11922       
0.87570       0.22320       
0.88059       0.06448       
0.88548       0.27805       
0.89036       0.13815       
0.89525       0.16251       
0.90014       0.12553       
0.90502       0.12443       
0.90991       0.26176       
0.91480       0.14314       
0.91968       0.12850       
0.92457       0.13137       
0.92946       0.09956       
0.93434       0.01388       
0.93923       0.08864       
0.94412       0.10147       
0.94900       0.03620       
0.95389       0.01302       
0.95878       0.03167       
0.96366       0.06349       
0.96855       0.01414       
0.97343       -0.05670      
0.97832       0.05380       
0.98321       0.09112       
0.98809       -0.02883      
0.99298       -0.06168      
0.99787       -0.00561      
1.00275       0.07166       
1.00764       -0.03581      
1.01253       -0.05014      
1.01741       0.06854       
1.02230       -0.02951      
1.02719       -0.03452      
1.03207       0.07078       
1.03696       -0.01226      
1.04185       -0.03575      
1.04673       0.01778       
1.05162       -0.00653      
1.05651       0.00695       
1.06139       -0.03854      
1.06628       -0.02335      
1.07117       -0.06973      
1.07605       -0.05019      
1.08094       0.03845       
1.08583       0.00864       
1.09071       -0.04823      
1.09560       -0.05763      
1.10049       -0.04697      
1.10537       -0.01405      
1.11026       -0.02530      
1.11515       -0.03663      
1.12003       0.02390       
1.12492       0.05294       
1.12981       0.01759       
1.13469       -0.04907      
1.13958       0.00255       
1.14447       0.07132       
1.14935       0.05947       
1.15424       -0.05296      
1.15913       0.08501       
1.16401       0.01636       
1.16890       -0.01202      
1.17379       0.07536       
1.17867       0.02862       
1.18356       -0.02325      
1.18845       0.00372       
1.19333       0.02979       
1.19822       -0.08947      
1.20311       -0.06763      
1.20799       0.01138       
1.21288       0.04850       
1.21777       0.00896       
1.22265       0.01814       
1.22754       0.06542       
1.23243       0.04423       
1.23731       -0.02338      
1.24220       0.05069       
1.24709       0.00405       
1.25197       -0.02924      
1.25686       0.02429       
1.26174       -0.00758      
1.26663       -0.01202      
1.27152       -0.00604      
1.27640       0.03187       
1.28129       -0.06070      
1.28618       -0.05561      
1.29106       -0.00092      
1.29595       -0.09608      
1.30084       -0.04069      
1.30572       -0.07298      
1.31061       -0.09314      
1.31550       -0.06544      
1.32038       -0.07142      
1.32527       -0.00201      
1.33016       -0.03983      
1.33504       -0.06211      
1.33993       0.00415       
1.34482       -0.02694      
1.34970       -0.05270      
1.35459       -0.05328      
1.35948       -0.03872      
1.36436       -0.01440      
1.36925       0.01182       
1.37414       -0.05966      
1.37902       -0.00018      
1.38391       -0.01854      
1.38880       -0.05227      
1.39368       -0.03780      
1.39857       -0.03869      
1.40346       -0.03473      
1.40834       -0.04074      
1.41323       -0.03790      
1.41812       -0.03525      
1.42300       -0.00313      
1.42789       -0.05514      
1.43278       -0.07111      
1.43766       -0.03074      
1.44255       -0.03382      
1.44744       -0.13766      
1.45232       -0.10911      
1.45721       0.01546       
1.46210       -0.05015      
1.46698       -0.11010      
1.47187       -0.08529      
1.47676       -0.02791      
1.48164       -0.03062      
1.48653       -0.00909      
1.49142       -0.03903      
1.49630       -0.04612      
1.50119       -0.02971      
1.50608       -0.02936      
1.51096       -0.02902      
1.51585       -0.02869      
1.52074       -0.02835      
1.52562       -0.02803      
1.53051       -0.02771      
1.53539       -0.02739      
1.54028       -0.02708      
1.54517       -0.02677      
1.55005       -0.02646      
1.55494       -0.02617      
1.55983       -0.02587      
1.56471       -0.02558      
1.56960       -0.02529      
1.57449       -0.02501      
1.57937       -0.02473      
1.58426       -0.02446      
1.58915       -0.02419      
1.59403       -0.02392      
1.59892       -0.02366      
1.60381       -0.02340      
1.60869       -0.02314      
1.61358       -0.02289      
1.61847       -0.02264      
1.62335       -0.02239      
1.62824       -0.02215      
1.63313       -0.02191      
1.63801       -0.02167      
1.64290       -0.02144      
1.64779       -0.02121      
1.65267       -0.02099      
1.65756       -0.02076      
1.66245       -0.02054      
1.66733       -0.02032      
1.67222       -0.02011      
1.67711       -0.01990      
1.68199       -0.01969      
1.68688       -0.01948      
1.69177       -0.01928      
1.69665       -0.01908      
1.70154       -0.01888      
1.70643       -0.01868      
1.71131       -0.01849      
1.71620       -0.01830      
1.72109       -0.01811      
1.72597       -0.01793      
1.73086       -0.01774      
1.73575       -0.01756      
1.74063       -0.01738      
1.74552       -0.01721      
1.75041       -0.01703      
1.75529       -0.01686      
1.76018       -0.01669      
1.76507       -0.01653      
1.76995       -0.01636      
1.77484       -0.01620      
1.77973       -0.01604      
1.78461       -0.01588      
1.78950       -0.01572      
1.79439       -0.01556      
1.79927       -0.01541      
1.80416       -0.01526      
1.80904       -0.01511      
1.81393       -0.01496      
1.81882       -0.01481      
1.82370       -0.01467      
1.82859       -0.01453      
1.83348       -0.01439      
1.83836       -0.01425      
1.84325       -0.01411      
1.84814       -0.01397      
1.85302       -0.01384      
1.85791       -0.01371      
1.86280       -0.01358      
1.86768       -0.01345      
1.87257       -0.01332      
1.87746       -0.01319      
1.88234       -0.01307      
1.88723       -0.01295      
1.89212       -0.01282      
1.89700       -0.01270      
1.90189       -0.01258      
1.90678       -0.01247      
1.91166       -0.01235      
1.91655       -0.01224      
1.92144       -0.01212      
1.92632       -0.01201      
1.93121       -0.01190      
1.93610       -0.01179      
1.94098       -0.01168      
1.94587       -0.01157      
1.95076       -0.01147      
1.95564       -0.01136      
1.96053       -0.01126      
1.96542       -0.01116      
1.97030       -0.01106      
1.97519       -0.01096      
1.98008       -0.01086      
1.98496       -0.01076      
1.98985       -0.01066      
1.99474       -0.01057      
1.99962       -0.01047      
2.00451       -0.01038      
2.00940       -0.01029      
2.01428       -0.01019      
2.01917       -0.01010      
2.02406       -0.01001      
2.02894       -0.00993      
2.03383       -0.00984      
2.03872       -0.00975      
2.04360       -0.00967      
2.04849       -0.00958      
2.05338       -0.00950      
2.05826       -0.00941      
2.06315       -0.00933      
2.06804       -0.00925      
2.07292       -0.00917      
2.07781       -0.00909      
2.08270       -0.00901      
2.08758       -0.00894      
2.09247       -0.00886      
2.09735       -0.00878      
2.10224       -0.00871      
2.10713       -0.00863      
2.11201       -0.00856      
2.11690       -0.00849      
2.12179       -0.00842      
2.12667       -0.00834      
2.13156       -0.00827      
2.13645       -0.00820      
2.14133       -0.00814      
2.14622       -0.00807      
2.15111       -0.00800      
2.15599       -0.00793      
2.16088       -0.00787      
2.16577       -0.00780      
2.17065       -0.00774      
2.17554       -0.00767      
2.18043       -0.00761      
2.18531       -0.00755      
2.19020       -0.00748      
2.19509       -0.00742      
2.19997       -0.00736      
2.20486       -0.00730      
2.20975       -0.00724      
2.21463       -0.00718      
2.21952       -0.00712      
2.22441       -0.00706      
2.22929       -0.00701      
2.23418       -0.00695      
2.23907       -0.00689      
2.24395       -0.00684      
2.24884       -0.00678      
2.25373       -0.00673      
2.25861       -0.00668      
2.26350       -0.00662      
2.26839       -0.00657      
2.27327       -0.00652      
2.27816       -0.00646      
2.28305       -0.00641      
2.28793       -0.00636      
2.29282       -0.00631      
2.29771       -0.00626      
2.30259       -0.00621      
2.30748       -0.00616      
2.31237       -0.00612      
2.31725       -0.00607      
2.32214       -0.00602      
2.32703       -0.00597      
2.33191       -0.00593      
2.33680       -0.00588      
2.34169       -0.00583      
2.34657       -0.00579      
2.35146       -0.00574      
2.35635       -0.00570      
2.36123       -0.00566      
2.36612       -0.00561      
2.37100       -0.00557      
2.37589       -0.00553      
2.38078       -0.00548      
2.38566       -0.00544      
2.39055       -0.00540      
2.39544       -0.00536      
2.40032       -0.00532      
2.40521       -0.00528      
2.41010       -0.00524      
2.41498       -0.00520      
2.41987       -0.00516      
2.42476       -0.00512      
2.42964       -0.00508      
2.43453       -0.00504      
2.43942       -0.00501      
2.44430       -0.00497      
2.44919       -0.00493      
2.45408       -0.00489      
2.45896       -0.00486      
2.46385       -0.00482      
2.46874       -0.00479      
2.47362       -0.00475      
2.47851       -0.00472      
2.48340       -0.00468      
2.48828       -0.00465      
2.49317       -0.00461      
2.49806       -0.00458      
2.50294       -0.00455      
2.50783       -0.00451      
2.51272       -0.00448      
2.51760       -0.00445      
2.52249       -0.00441      
2.52738       -0.00438      
2.53226       -0.00435      
2.53715       -0.00432      
2.54204       -0.00429      
2.54692       -0.00426      
2.55181       -0.00423      
2.55670       -0.00420      
2.56158       -0.00417      
2.56647       -0.00414      
2.57136       -0.00411      
2.57624       -0.00408      
2.58113       -0.00405      
2.58602       -0.00402      
2.59090       -0.00399      
2.59579       -0.00396      
2.60068       -0.00393      
2.60556       -0.00391      
2.61045       -0.00388      
2.61534       -0.00385      
2.62022       -0.00382      
2.62511       -0.00380      
2.63000       -0.00377      
2.63488       -0.00374      
2.63977       -0.00372      
2.64465       -0.00369      
2.64954       -0.00367      
2.65443       -0.00364      
2.65931       -0.00362      
2.66420       -0.00359      
2.66909       -0.00357      
2.67397       -0.00354      
2.67886       -0.00352      
2.68375       -0.00349      
2.68863       -0.00347      
2.69352       -0.00344      
2.69841       -0.00342      
2.70329       -0.00340      
2.70818       -0.00337      
2.71307       -0.00335      
2.71795       -0.00333      
2.72284       -0.00331      
2.72773       -0.00328      
2.73261       -0.00326      
2.73750       -0.00324      
2.74239       -0.00322      
2.74727       -0.00319      
2.75216       -0.00317      
2.75705       -0.00315      
2.76193       -0.00313      
2.76682       -0.00311      
2.77171       -0.00309      
2.77659       -0.00307      
2.78148       -0.00305      
2.78637       -0.00303      
2.79125       -0.00301      
2.79614       -0.00299      
2.80103       -0.00297      
2.80591       -0.00295      
2.81080       -0.00293      
2.81569       -0.00291      
2.82057       -0.00289      
2.82546       -0.00287      
2.83035       -0.00285      
2.83523       -0.00283      
2.84012       -0.00281      
2.84501       -0.00280      
2.84989       -0.00278      
2.85478       -0.00276      
2.85967       -0.00274      
2.86455       -0.00272      
2.86944       -0.00271      
2.87433       -0.00269      
2.87921       -0.00267      
2.88410       -0.00265      
2.88899       -0.00264      
2.89387       -0.00262      
2.89876       -0.00260      
2.90365       -0.00259      
2.90853       -0.00257      
2.91342       -0.00255      
2.91830       -0.00254      
2.92319       -0.00252      
2.92808       -0.00250      
2.93296       -0.00249      
2.93785       -0.00247      
2.94274       -0.00246      
2.94762       -0.00244      
2.95251       -0.00243      
2.95740       -0.00241      
2.96228       -0.00239      
2.96717       -0.00238      
2.97206       -0.00236      
2.97694       -0.00235      
2.98183       -0.00233      
2.98672       -0.00232      
2.99160       -0.00231      
2.99649       -0.00229      
3.00138       -0.00228      
3.00626       -0.00226      
3.01115       -0.00225      
3.01604       -0.00223      
3.02092       -0.00222      
3.02581       -0.00221      
3.03070       -0.00219      
3.03558       -0.00218      
3.04047       -0.00217      
3.04536       -0.00215      
3.05024       -0.00214      
3.05513       -0.00213      
3.06002       -0.00211      
3.06490       -0.00210      
3.06979       -0.00209      
3.07468       -0.00207      
3.07956       -0.00206      
3.08445       -0.00205      
3.08934       -0.00204      
3.09422       -0.00202      
3.09911       -0.00201      
3.10400       -0.00200      
3.10888       -0.00199      
3.11377       -0.00198      
3.11866       -0.00196      
3.12354       -0.00195      
3.12843       -0.00194      
3.13332       -0.00193      
3.13820       -0.00192      
3.14309       -0.00190      
3.14798       -0.00189      
3.15286       -0.00188      
3.15775       -0.00187      
3.16264       -0.00186      
3.16752       -0.00185      
3.17241       -0.00184      
3.17730       -0.00183      
3.18218       -0.00182      
3.18707       -0.00180      
3.19196       -0.00179      
3.19684       -0.00178      
3.20173       -0.00177      
3.20661       -0.00176      
3.21150       -0.00175      
3.21639       -0.00174      
3.22127       -0.00173      
3.22616       -0.00172      
3.23105       -0.00171      
3.23593       -0.00170      
3.24082       -0.00169      
3.24571       -0.00168      
3.25059       -0.00167      
3.25548       -0.00166      
3.26037       -0.00165      
3.26525       -0.00164      
3.27014       -0.00163      
3.27503       -0.00162      
3.27991       -0.00161      
3.28480       -0.00160      
3.28969       -0.00160      
3.29457       -0.00159      
3.29946       -0.00158      
3.30435       -0.00157      
3.30923       -0.00156      
3.31412       -0.00155      
3.31901       -0.00154      
3.32389       -0.00153      
3.32878       -0.00152      
3.33367       -0.00151      
3.33855       -0.00151      
3.34344       -0.00150      
3.34833       -0.00149      
3.35321       -0.00148      
3.35810       -0.00147      
3.36299       -0.00146      
3.36787       -0.00146      
3.37276       -0.00145      
3.37765       -0.00144      
3.38253       -0.00143      
3.38742       -0.00142      
3.39231       -0.00141      
3.39719       -0.00141      
3.40208       -0.00140      
3.40697       -0.00139      
3.41185       -0.00138      
3.41674       -0.00138      
3.42163       -0.00137      
3.42651       -0.00136      
3.43140       -0.00135      
3.43629       -0.00134      
3.44117       -0.00134      
3.44606       -0.00133      
3.45095       -0.00132      
3.45583       -0.00132      
3.46072       -0.00131      
3.46561       -0.00130      
3.47049       -0.00129      
3.47538       -0.00129      
3.48026       -0.00128      
3.48515       -0.00127      
3.49004       -0.00127      
3.49492       -0.00126      
3.49981       -0.00125      
3.50470       -0.00124      
3.50958       -0.00124      
3.51447       -0.00123      
3.51936       -0.00122      
3.52424       -0.00122      
3.52913       -0.00121      
3.53402       -0.00120      
3.53890       -0.00120      
3.54379       -0.00119      
3.54868       -0.00118      
3.55356       -0.00118      
3.55845       -0.00117      
3.56334       -0.00117      
3.56822       -0.00116      
3.57311       -0.00115      
3.57800       -0.00115      
3.58288       -0.00114      
3.58777       -0.00113      
3.59266       -0.00113      
3.59754       -0.00112      
3.60243       -0.00112      
3.60732       -0.00111      
3.61220       -0.00110      
3.61709       -0.00110      
3.62198       -0.00109      
3.62686       -0.00109      
3.63175       -0.00108      
3.63664       -0.00108      
3.64152       -0.00107      
3.64641       -0.00106      
3.65130       -0.00106      
3.65618       -0.00105      
3.66107       -0.00105      
3.66596       -0.00104      
3.67084       -0.00104      
3.67573       -0.00103      
3.68062       -0.00103      
3.68550       -0.00102      
3.69039       -0.00101      
3.69528       -0.00101      
3.70016       -0.00100      
3.70505       -0.00100      
3.70994       -0.00099      
3.71482       -0.00099      
3.71971       -0.00098      
3.72460       -0.00098      
3.72948       -0.00097      
3.73437       -0.00097      
3.73926       -0.00096      
3.74414       -0.00096      
3.74903       -0.00095      
3.75391       -0.00095      
3.75880       -0.00094      
3.76369       -0.00094      
3.76857       -0.00093      
3.77346       -0.00093      
3.77835       -0.00092      
3.78323       -0.00092      
3.78812       -0.00091      
3.79301       -0.00091      
3.79789       -0.00091      
3.80278       -0.00090      
3.80767       -0.00090      
3.81255       -0.00089      
3.81744       -0.00089      
3.82233       -0.00088      
3.82721       -0.00088      
3.83210       -0.00087      
3.83699       -0.00087      
3.84187       -0.00086      
3.84676       -0.00086      
3.85165       -0.00086      
3.85653       -0.00085      
3.86142       -0.00085      
3.86631       -0.00084      
3.87119       -0.00084      
3.87608       -0.00083      
3.88097       -0.00083      
3.88585       -0.00083      
3.89074       -0.00082      
3.89563       -0.00082      
3.90051       -0.00081      
3.90540       -0.00081      
3.91029       -0.00081      
3.91517       -0.00080      
3.92006       -0.00080      
3.92495       -0.00079      
3.92983       -0.00079      
3.93472       -0.00079      
3.93961       -0.00078      
3.94449       -0.00078      
3.94938       -0.00077      
3.95427       -0.00077      
3.95915       -0.00077      
3.96404       -0.00076      
3.96893       -0.00076      
3.97381       -0.00076      
3.97870       -0.00075      
3.98359       -0.00075      
3.98847       -0.00074      
3.99336       -0.00074      
3.99825       -0.00074      
4.00313       -0.00073      
4.00802       -0.00073      
4.01291       -0.00073      
4.01779       -0.00072      
4.02268       -0.00072      
4.02757       -0.00072      
4.03245       -0.00071      
4.03734       -0.00071      
4.04222       -0.00071      
4.04711       -0.00070      
4.05200       -0.00070      
4.05688       -0.00069      
4.06177       -0.00069      
4.06666       -0.00069      
4.07154       -0.00068      
4.07643       -0.00068      
4.08132       -0.00068      
4.08620       -0.00067      
4.09109       -0.00067      
4.09598       -0.00067      
4.10086       -0.00067      
4.10575       -0.00066      
4.11064       -0.00066      
4.11552       -0.00066      
4.12041       -0.00065      
4.12530       -0.00065      
4.13018       -0.00065      
4.13507       -0.00064      
4.13996       -0.00064      
4.14484       -0.00064      
4.14973       -0.00063      
4.15462       -0.00063      
4.15950       -0.00063      
4.16439       -0.00063      
4.16928       -0.00062      
4.17416       -0.00062      
4.17905       -0.00062      
4.18394       -0.00061      
4.18882       -0.00061      
4.19371       -0.00061      
4.19860       -0.00060      
4.20348       -0.00060      
4.20837       -0.00060      
4.21326       -0.00060      
4.21814       -0.00059      
4.22303       -0.00059      
4.22792       -0.00059      
4.23280       -0.00059      
4.23769       -0.00058      
4.24258       -0.00058      
4.24746       -0.00058      
4.25235       -0.00057      
4.25724       -0.00057      
4.26212       -0.00057      
4.26701       -0.00057      
4.27190       -0.00056      
4.27678       -0.00056      
4.28167       -0.00056      
4.28656       -0.00056      
4.29144       -0.00055      
4.29633       -0.00055      
4.30122       -0.00055      
4.30610       -0.00055      
4.31099       -0.00054      
4.31587       -0.00054      
4.32076       -0.00054      
4.32565       -0.00054      
4.33053       -0.00053      
4.33542       -0.00053      
4.34031       -0.00053      
4.34519       -0.00053      
4.35008       -0.00052      
4.35497       -0.00052      
4.35985       -0.00052      
4.36474       -0.00052      
4.36963       -0.00051      
4.37451       -0.00051      
4.37940       -0.00051      
4.38429       -0.00051      
4.38917       -0.00051      
4.39406       -0.00050      
4.39895       -0.00050      
4.40383       -0.00050      
4.40872       -0.00050      
4.41361       -0.00049      
4.41849       -0.00049      
4.42338       -0.00049      
4.42827       -0.00049      
4.43315       -0.00048      
4.43804       -0.00048      
4.44293       -0.00048      
4.44781       -0.00048      
4.45270       -0.00048      
4.45759       -0.00047      
4.46247       -0.00047      
4.46736       -0.00047      
4.47225       -0.00047      
4.47713       -0.00047      
4.48202       -0.00046      
4.48691       -0.00046      
4.49179       -0.00046      
4.49668       -0.00046      
4.50157       -0.00046      
4.50645       -0.00045      
4.51134       -0.00045      
4.51623       -0.00045      
4.52111       -0.00045      
4.52600       -0.00045      
4.53089       -0.00044      
4.53577       -0.00044      
4.54066       -0.00044      
4.54555       -0.00044      
4.55043       -0.00044      
4.55532       -0.00043      
4.56021       -0.00043      
4.56509       -0.00043      
4.56998       -0.00043      
4.57487       -0.00043      
4.57975       -0.00042      
4.58464       -0.00042      
4.58952       -0.00042      
4.59441       -0.00042      
4.59930       -0.00042      
4.60418       -0.00042      
4.60907       -0.00041      
4.61396       -0.00041      
4.61884       -0.00041      
4.62373       -0.00041      
4.62862       -0.00041      
4.63350       -0.00040      
4.63839       -0.00040      
4.64328       -0.00040      
4.64816       -0.00040      
4.65305       -0.00040      
4.65794       -0.00040      
4.66282       -0.00039      
4.66771       -0.00039      
4.67260       -0.00039      
4.67748       -0.00039      
4.68237       -0.00039      
4.68726       -0.00039      
4.69214       -0.00038      
4.69703       -0.00038      
4.70192       -0.00038      
4.70680       -0.00038      
4.71169       -0.00038      
4.71658       -0.00038      
4.72146       -0.00037      
4.72635       -0.00037      
4.73124       -0.00037      
4.73612       -0.00037      
4.74101       -0.00037      
4.74590       -0.00037      
4.75078       -0.00036      
4.75567       -0.00036      
4.76056       -0.00036      
4.76544       -0.00036      
4.77033       -0.00036      
4.77522       -0.00036      
4.78010       -0.00036      
4.78499       -0.00035      
4.78988       -0.00035      
4.79476       -0.00035      
4.79965       -0.00035      
4.80454       -0.00035      
4.80942       -0.00035      
4.81431       -0.00035      
4.81920       -0.00034      
4.82408       -0.00034      
4.82897       -0.00034      
4.83386       -0.00034      
4.83874       -0.00034      
4.84363       -0.00034      
4.84852       -0.00034      
4.85340       -0.00033      
4.85829       -0.00033      
4.86317       -0.00033      
4.86806       -0.00033      
4.87295       -0.00033      
4.87783       -0.00033      
4.88272       -0.00033      
4.88761       -0.00032      
4.89249       -0.00032      
4.89738       -0.00032      
4.90227       -0.00032      
4.90715       -0.00032      
4.91204       -0.00032      
4.91693       -0.00032      
4.92181       -0.00032      
4.92670       -0.00031      
4.93159       -0.00031      
4.93647       -0.00031      
4.94136       -0.00031      
4.94625       -0.00031      
4.95113       -0.00031      
4.95602       -0.00031      
4.96091       -0.00030      
4.96579       -0.00030      
4.97068       -0.00030      
4.97557       -0.00030      
4.98045       -0.00030      
4.98534       -0.00030      
4.99023       -0.00030      
4.99511       -0.00030      
5.00000       -0.00030      
