0.00100       999999999995992510300160.00000
0.00589       577588570142785.00000
0.01077       409124583285.93628
0.01566       4597878306.47227
0.02055       176670165.42999
0.02543       13652847.44925
0.03032       1657026.59350 
0.03521       275847.83345  
0.04009       58032.37416   
0.04498       14641.14791   
0.04987       4284.66312    
0.05475       1428.77214    
0.05964       541.66327     
0.06453       237.35802     
0.06941       122.71245     
0.07430       76.11709      
0.07919       55.70320      
0.08407       45.40134      
0.08896       40.68638      
0.09385       37.48394      
0.09873       35.85485      
0.10362       34.99909      
0.10851       34.53562      
0.11339       33.84057      
0.11828       33.06188      
0.12317       32.07208      
0.12805       30.52863      
0.13294       28.07110      
0.13783       24.88213      
0.14271       20.66275      
0.14760       16.72998      
0.15248       13.38678      
0.15737       10.35313      
0.16226       8.02405       
0.16714       5.98156       
0.17203       4.08523       
0.17692       2.52212       
0.18180       1.20812       
0.18669       0.09206       
0.19158       -0.85852      
0.19646       -1.69143      
0.20135       -2.45509      
0.20624       -3.17418      
0.21112       -3.99588      
0.21601       -4.64210      
0.22090       -5.00758      
0.22578       -5.35848      
0.23067       -5.60071      
0.23556       -5.51804      
0.24044       -5.48797      
0.24533       -5.46205      
0.25022       -5.20135      
0.25510       -4.93666      
0.25999       -4.71411      
0.26488       -4.47656      
0.26976       -4.16908      
0.27465       -3.90947      
0.27954       -3.70231      
0.28442       -3.47678      
0.28931       -3.22584      
0.29420       -3.01381      
0.29908       -2.75353      
0.30397       -2.50709      
0.30886       -2.39707      
0.31374       -2.24257      
0.31863       -1.89624      
0.32352       -1.71151      
0.32840       -1.57012      
0.33329       -1.25136      
0.33818       -1.12647      
0.34306       -0.85645      
0.34795       -0.57420      
0.35284       -0.40265      
0.35772       -0.20277      
0.36261       0.03298       
0.36750       0.08787       
0.37238       0.05131       
0.37727       0.18888       
0.38216       0.11029       
0.38704       0.00609       
0.39193       0.05435       
0.39682       0.06782       
0.40170       0.04349       
0.40659       0.06089       
0.41148       0.09602       
0.41636       0.13349       
0.42125       0.20417       
0.42613       0.23205       
0.43102       0.22997       
0.43591       0.27013       
0.44079       0.36981       
0.44568       0.33622       
0.45057       0.25847       
0.45545       0.33835       
0.46034       0.36838       
0.46523       0.38066       
0.47011       0.38729       
0.47500       0.26743       
0.47989       0.29701       
0.48477       0.34631       
0.48966       0.22424       
0.49455       0.19201       
0.49943       0.17108       
0.50432       0.13455       
0.50921       0.09910       
0.51409       0.09604       
0.51898       -0.05459      
0.52387       -0.14910      
0.52875       -0.02295      
0.53364       -0.09734      
0.53853       -0.19402      
0.54341       -0.24729      
0.54830       -0.31255      
0.55319       -0.31738      
0.55807       -0.28755      
0.56296       -0.37923      
0.56785       -0.48972      
0.57273       -0.45010      
0.57762       -0.41910      
0.58251       -0.44845      
0.58739       -0.49479      
0.59228       -0.52665      
0.59717       -0.50310      
0.60205       -0.45573      
0.60694       -0.44516      
0.61183       -0.47039      
0.61671       -0.41106      
0.62160       -0.33315      
0.62649       -0.34102      
0.63137       -0.36585      
0.63626       -0.33644      
0.64115       -0.30269      
0.64603       -0.29113      
0.65092       -0.27423      
0.65581       -0.25904      
0.66069       -0.23835      
0.66558       -0.20420      
0.67047       -0.19577      
0.67535       -0.22429      
0.68024       -0.20789      
0.68513       -0.11270      
0.69001       -0.04946      
0.69490       -0.08264      
0.69978       -0.10716      
0.70467       -0.06236      
0.70956       -0.02437      
0.71444       -0.03324      
0.71933       -0.03778      
0.72422       -0.00289      
0.72910       0.04264       
0.73399       0.06101       
0.73888       0.05478       
0.74376       0.03686       
0.74865       0.04746       
0.75354       0.09948       
0.75842       0.10969       
0.76331       0.04629       
0.76820       0.02201       
0.77308       0.08736       
0.77797       0.11504       
0.78286       0.09411       
0.78774       0.07689       
0.79263       0.07464       
0.79752       0.06977       
0.80240       0.03819       
0.80729       0.03197       
0.81218       0.03207       
0.81706       0.02017       
0.82195       0.02891       
0.82684       0.04211       
0.83172       -0.00862      
0.83661       -0.07601      
0.84150       -0.03357      
0.84638       0.02490       
0.85127       -0.02574      
0.85616       -0.03757      
0.86104       -0.17254      
0.86593       -0.18214      
0.87082       0.00448       
0.87570       -0.11778      
0.88059       -0.17228      
0.88548       -0.14299      
0.89036       -0.09011      
0.89525       -0.08269      
0.90014       -0.10527      
0.90502       -0.14374      
0.90991       -0.13639      
0.91480       0.04970       
0.91968       -0.15919      
0.92457       -0.03707      
0.92946       -0.16801      
0.93434       -0.13074      
0.93923       -0.07316      
0.94412       -0.03530      
0.94900       -0.06146      
0.95389       -0.14274      
0.95878       -0.12364      
0.96366       -0.03117      
0.96855       -0.03579      
0.97343       -0.15507      
0.97832       -0.14790      
0.98321       -0.08247      
0.98809       -0.03286      
0.99298       -0.07205      
0.99787       -0.15296      
1.00275       -0.16157      
1.00764       -0.09618      
1.01253       -0.06203      
1.01741       -0.08664      
1.02230       -0.11108      
1.02719       -0.08591      
1.03207       -0.04214      
1.03696       -0.04111      
1.04185       -0.07721      
1.04673       -0.08992      
1.05162       -0.08827      
1.05651       -0.08926      
1.06139       -0.05000      
1.06628       0.00441       
1.07117       -0.01168      
1.07605       -0.09277      
1.08094       -0.12746      
1.08583       -0.07774      
1.09071       -0.02311      
1.09560       -0.02575      
1.10049       -0.05874      
1.10537       -0.07314      
1.11026       -0.06060      
1.11515       -0.05212      
1.12003       -0.09585      
1.12492       -0.11031      
1.12981       -0.05671      
1.13469       -0.03070      
1.13958       -0.02578      
1.14447       -0.00573      
1.14935       -0.05590      
1.15424       -0.10122      
1.15913       -0.01891      
1.16401       -0.05266      
1.16890       -0.04286      
1.17379       -0.03080      
1.17867       -0.08510      
1.18356       -0.01867      
1.18845       -0.02401      
1.19333       -0.08592      
1.19822       -0.09118      
1.20311       -0.04898      
1.20799       -0.03274      
1.21288       -0.04247      
1.21777       -0.07620      
1.22265       -0.07538      
1.22754       -0.06074      
1.23243       -0.09120      
1.23731       -0.07439      
1.24220       -0.01931      
1.24709       -0.06064      
1.25197       -0.13588      
1.25686       -0.11025      
1.26174       -0.04747      
1.26663       -0.04888      
1.27152       -0.06848      
1.27640       -0.06737      
1.28129       -0.06491      
1.28618       -0.07224      
1.29106       -0.06910      
1.29595       -0.04656      
1.30084       -0.05074      
1.30572       -0.07463      
1.31061       -0.10620      
1.31550       -0.09978      
1.32038       -0.02642      
1.32527       -0.03494      
1.33016       -0.11328      
1.33504       -0.05363      
1.33993       -0.02498      
1.34482       -0.05431      
1.34970       -0.07138      
1.35459       0.00212       
1.35948       0.05219       
1.36436       -0.08398      
1.36925       -0.14982      
1.37414       -0.01143      
1.37902       0.03001       
1.38391       -0.01626      
1.38880       -0.02789      
1.39368       -0.02896      
1.39857       -0.04761      
1.40346       -0.06803      
1.40834       -0.06170      
1.41323       -0.03003      
1.41812       -0.00258      
1.42300       -0.01667      
1.42789       -0.06029      
1.43278       -0.05227      
1.43766       0.00523       
1.44255       0.00024       
1.44744       -0.05118      
1.45232       -0.02564      
1.45721       -0.00302      
1.46210       -0.01672      
1.46698       -0.02321      
1.47187       -0.00543      
1.47676       0.02320       
1.48164       0.01877       
1.48653       -0.03019      
1.49142       -0.04225      
1.49630       -0.02106      
1.50119       -0.01581      
1.50608       -0.01563      
1.51096       -0.01545      
1.51585       -0.01527      
1.52074       -0.01510      
1.52562       -0.01493      
1.53051       -0.01476      
1.53539       -0.01459      
1.54028       -0.01442      
1.54517       -0.01426      
1.55005       -0.01410      
1.55494       -0.01394      
1.55983       -0.01379      
1.56471       -0.01363      
1.56960       -0.01348      
1.57449       -0.01333      
1.57937       -0.01318      
1.58426       -0.01304      
1.58915       -0.01289      
1.59403       -0.01275      
1.59892       -0.01261      
1.60381       -0.01248      
1.60869       -0.01234      
1.61358       -0.01221      
1.61847       -0.01208      
1.62335       -0.01195      
1.62824       -0.01182      
1.63313       -0.01169      
1.63801       -0.01157      
1.64290       -0.01144      
1.64779       -0.01132      
1.65267       -0.01120      
1.65756       -0.01108      
1.66245       -0.01097      
1.66733       -0.01085      
1.67222       -0.01074      
1.67711       -0.01062      
1.68199       -0.01051      
1.68688       -0.01040      
1.69177       -0.01030      
1.69665       -0.01019      
1.70154       -0.01008      
1.70643       -0.00998      
1.71131       -0.00988      
1.71620       -0.00978      
1.72109       -0.00968      
1.72597       -0.00958      
1.73086       -0.00948      
1.73575       -0.00939      
1.74063       -0.00929      
1.74552       -0.00920      
1.75041       -0.00910      
1.75529       -0.00901      
1.76018       -0.00892      
1.76507       -0.00883      
1.76995       -0.00875      
1.77484       -0.00866      
1.77973       -0.00857      
1.78461       -0.00849      
1.78950       -0.00840      
1.79439       -0.00832      
1.79927       -0.00824      
1.80416       -0.00816      
1.80904       -0.00808      
1.81393       -0.00800      
1.81882       -0.00792      
1.82370       -0.00785      
1.82859       -0.00777      
1.83348       -0.00770      
1.83836       -0.00762      
1.84325       -0.00755      
1.84814       -0.00748      
1.85302       -0.00741      
1.85791       -0.00734      
1.86280       -0.00727      
1.86768       -0.00720      
1.87257       -0.00713      
1.87746       -0.00706      
1.88234       -0.00700      
1.88723       -0.00693      
1.89212       -0.00686      
1.89700       -0.00680      
1.90189       -0.00674      
1.90678       -0.00667      
1.91166       -0.00661      
1.91655       -0.00655      
1.92144       -0.00649      
1.92632       -0.00643      
1.93121       -0.00637      
1.93610       -0.00631      
1.94098       -0.00626      
1.94587       -0.00620      
1.95076       -0.00614      
1.95564       -0.00609      
1.96053       -0.00603      
1.96542       -0.00598      
1.97030       -0.00592      
1.97519       -0.00587      
1.98008       -0.00582      
1.98496       -0.00576      
1.98985       -0.00571      
1.99474       -0.00566      
1.99962       -0.00561      
2.00451       -0.00556      
2.00940       -0.00551      
2.01428       -0.00546      
2.01917       -0.00541      
2.02406       -0.00537      
2.02894       -0.00532      
2.03383       -0.00527      
2.03872       -0.00523      
2.04360       -0.00518      
2.04849       -0.00514      
2.05338       -0.00509      
2.05826       -0.00505      
2.06315       -0.00500      
2.06804       -0.00496      
2.07292       -0.00492      
2.07781       -0.00488      
2.08270       -0.00483      
2.08758       -0.00479      
2.09247       -0.00475      
2.09735       -0.00471      
2.10224       -0.00467      
2.10713       -0.00463      
2.11201       -0.00459      
2.11690       -0.00455      
2.12179       -0.00451      
2.12667       -0.00448      
2.13156       -0.00444      
2.13645       -0.00440      
2.14133       -0.00436      
2.14622       -0.00433      
2.15111       -0.00429      
2.15599       -0.00426      
2.16088       -0.00422      
2.16577       -0.00419      
2.17065       -0.00415      
2.17554       -0.00412      
2.18043       -0.00408      
2.18531       -0.00405      
2.19020       -0.00402      
2.19509       -0.00398      
2.19997       -0.00395      
2.20486       -0.00392      
2.20975       -0.00389      
2.21463       -0.00385      
2.21952       -0.00382      
2.22441       -0.00379      
2.22929       -0.00376      
2.23418       -0.00373      
2.23907       -0.00370      
2.24395       -0.00367      
2.24884       -0.00364      
2.25373       -0.00361      
2.25861       -0.00358      
2.26350       -0.00355      
2.26839       -0.00353      
2.27327       -0.00350      
2.27816       -0.00347      
2.28305       -0.00344      
2.28793       -0.00342      
2.29282       -0.00339      
2.29771       -0.00336      
2.30259       -0.00334      
2.30748       -0.00331      
2.31237       -0.00328      
2.31725       -0.00326      
2.32214       -0.00323      
2.32703       -0.00321      
2.33191       -0.00318      
2.33680       -0.00316      
2.34169       -0.00313      
2.34657       -0.00311      
2.35146       -0.00309      
2.35635       -0.00306      
2.36123       -0.00304      
2.36612       -0.00301      
2.37100       -0.00299      
2.37589       -0.00297      
2.38078       -0.00295      
2.38566       -0.00292      
2.39055       -0.00290      
2.39544       -0.00288      
2.40032       -0.00286      
2.40521       -0.00284      
2.41010       -0.00281      
2.41498       -0.00279      
2.41987       -0.00277      
2.42476       -0.00275      
2.42964       -0.00273      
2.43453       -0.00271      
2.43942       -0.00269      
2.44430       -0.00267      
2.44919       -0.00265      
2.45408       -0.00263      
2.45896       -0.00261      
2.46385       -0.00259      
2.46874       -0.00257      
2.47362       -0.00255      
2.47851       -0.00253      
2.48340       -0.00252      
2.48828       -0.00250      
2.49317       -0.00248      
2.49806       -0.00246      
2.50294       -0.00244      
2.50783       -0.00243      
2.51272       -0.00241      
2.51760       -0.00239      
2.52249       -0.00237      
2.52738       -0.00236      
2.53226       -0.00234      
2.53715       -0.00232      
2.54204       -0.00230      
2.54692       -0.00229      
2.55181       -0.00227      
2.55670       -0.00226      
2.56158       -0.00224      
2.56647       -0.00222      
2.57136       -0.00221      
2.57624       -0.00219      
2.58113       -0.00218      
2.58602       -0.00216      
2.59090       -0.00215      
2.59579       -0.00213      
2.60068       -0.00212      
2.60556       -0.00210      
2.61045       -0.00209      
2.61534       -0.00207      
2.62022       -0.00206      
2.62511       -0.00204      
2.63000       -0.00203      
2.63488       -0.00201      
2.63977       -0.00200      
2.64465       -0.00199      
2.64954       -0.00197      
2.65443       -0.00196      
2.65931       -0.00194      
2.66420       -0.00193      
2.66909       -0.00192      
2.67397       -0.00190      
2.67886       -0.00189      
2.68375       -0.00188      
2.68863       -0.00187      
2.69352       -0.00185      
2.69841       -0.00184      
2.70329       -0.00183      
2.70818       -0.00181      
2.71307       -0.00180      
2.71795       -0.00179      
2.72284       -0.00178      
2.72773       -0.00177      
2.73261       -0.00175      
2.73750       -0.00174      
2.74239       -0.00173      
2.74727       -0.00172      
2.75216       -0.00171      
2.75705       -0.00170      
2.76193       -0.00168      
2.76682       -0.00167      
2.77171       -0.00166      
2.77659       -0.00165      
2.78148       -0.00164      
2.78637       -0.00163      
2.79125       -0.00162      
2.79614       -0.00161      
2.80103       -0.00160      
2.80591       -0.00159      
2.81080       -0.00158      
2.81569       -0.00157      
2.82057       -0.00155      
2.82546       -0.00154      
2.83035       -0.00153      
2.83523       -0.00152      
2.84012       -0.00151      
2.84501       -0.00150      
2.84989       -0.00149      
2.85478       -0.00149      
2.85967       -0.00148      
2.86455       -0.00147      
2.86944       -0.00146      
2.87433       -0.00145      
2.87921       -0.00144      
2.88410       -0.00143      
2.88899       -0.00142      
2.89387       -0.00141      
2.89876       -0.00140      
2.90365       -0.00139      
2.90853       -0.00138      
2.91342       -0.00137      
2.91830       -0.00137      
2.92319       -0.00136      
2.92808       -0.00135      
2.93296       -0.00134      
2.93785       -0.00133      
2.94274       -0.00132      
2.94762       -0.00131      
2.95251       -0.00131      
2.95740       -0.00130      
2.96228       -0.00129      
2.96717       -0.00128      
2.97206       -0.00127      
2.97694       -0.00126      
2.98183       -0.00126      
2.98672       -0.00125      
2.99160       -0.00124      
2.99649       -0.00123      
3.00138       -0.00123      
3.00626       -0.00122      
3.01115       -0.00121      
3.01604       -0.00120      
3.02092       -0.00120      
3.02581       -0.00119      
3.03070       -0.00118      
3.03558       -0.00117      
3.04047       -0.00117      
3.04536       -0.00116      
3.05024       -0.00115      
3.05513       -0.00114      
3.06002       -0.00114      
3.06490       -0.00113      
3.06979       -0.00112      
3.07468       -0.00112      
3.07956       -0.00111      
3.08445       -0.00110      
3.08934       -0.00110      
3.09422       -0.00109      
3.09911       -0.00108      
3.10400       -0.00108      
3.10888       -0.00107      
3.11377       -0.00106      
3.11866       -0.00106      
3.12354       -0.00105      
3.12843       -0.00104      
3.13332       -0.00104      
3.13820       -0.00103      
3.14309       -0.00103      
3.14798       -0.00102      
3.15286       -0.00101      
3.15775       -0.00101      
3.16264       -0.00100      
3.16752       -0.00100      
3.17241       -0.00099      
3.17730       -0.00098      
3.18218       -0.00098      
3.18707       -0.00097      
3.19196       -0.00097      
3.19684       -0.00096      
3.20173       -0.00096      
3.20661       -0.00095      
3.21150       -0.00094      
3.21639       -0.00094      
3.22127       -0.00093      
3.22616       -0.00093      
3.23105       -0.00092      
3.23593       -0.00092      
3.24082       -0.00091      
3.24571       -0.00091      
3.25059       -0.00090      
3.25548       -0.00090      
3.26037       -0.00089      
3.26525       -0.00088      
3.27014       -0.00088      
3.27503       -0.00087      
3.27991       -0.00087      
3.28480       -0.00086      
3.28969       -0.00086      
3.29457       -0.00085      
3.29946       -0.00085      
3.30435       -0.00084      
3.30923       -0.00084      
3.31412       -0.00084      
3.31901       -0.00083      
3.32389       -0.00083      
3.32878       -0.00082      
3.33367       -0.00082      
3.33855       -0.00081      
3.34344       -0.00081      
3.34833       -0.00080      
3.35321       -0.00080      
3.35810       -0.00079      
3.36299       -0.00079      
3.36787       -0.00078      
3.37276       -0.00078      
3.37765       -0.00078      
3.38253       -0.00077      
3.38742       -0.00077      
3.39231       -0.00076      
3.39719       -0.00076      
3.40208       -0.00075      
3.40697       -0.00075      
3.41185       -0.00075      
3.41674       -0.00074      
3.42163       -0.00074      
3.42651       -0.00073      
3.43140       -0.00073      
3.43629       -0.00072      
3.44117       -0.00072      
3.44606       -0.00072      
3.45095       -0.00071      
3.45583       -0.00071      
3.46072       -0.00070      
3.46561       -0.00070      
3.47049       -0.00070      
3.47538       -0.00069      
3.48026       -0.00069      
3.48515       -0.00069      
3.49004       -0.00068      
3.49492       -0.00068      
3.49981       -0.00067      
3.50470       -0.00067      
3.50958       -0.00067      
3.51447       -0.00066      
3.51936       -0.00066      
3.52424       -0.00066      
3.52913       -0.00065      
3.53402       -0.00065      
3.53890       -0.00065      
3.54379       -0.00064      
3.54868       -0.00064      
3.55356       -0.00064      
3.55845       -0.00063      
3.56334       -0.00063      
3.56822       -0.00062      
3.57311       -0.00062      
3.57800       -0.00062      
3.58288       -0.00061      
3.58777       -0.00061      
3.59266       -0.00061      
3.59754       -0.00061      
3.60243       -0.00060      
3.60732       -0.00060      
3.61220       -0.00060      
3.61709       -0.00059      
3.62198       -0.00059      
3.62686       -0.00059      
3.63175       -0.00058      
3.63664       -0.00058      
3.64152       -0.00058      
3.64641       -0.00057      
3.65130       -0.00057      
3.65618       -0.00057      
3.66107       -0.00056      
3.66596       -0.00056      
3.67084       -0.00056      
3.67573       -0.00056      
3.68062       -0.00055      
3.68550       -0.00055      
3.69039       -0.00055      
3.69528       -0.00054      
3.70016       -0.00054      
3.70505       -0.00054      
3.70994       -0.00054      
3.71482       -0.00053      
3.71971       -0.00053      
3.72460       -0.00053      
3.72948       -0.00052      
3.73437       -0.00052      
3.73926       -0.00052      
3.74414       -0.00052      
3.74903       -0.00051      
3.75391       -0.00051      
3.75880       -0.00051      
3.76369       -0.00051      
3.76857       -0.00050      
3.77346       -0.00050      
3.77835       -0.00050      
3.78323       -0.00050      
3.78812       -0.00049      
3.79301       -0.00049      
3.79789       -0.00049      
3.80278       -0.00049      
3.80767       -0.00048      
3.81255       -0.00048      
3.81744       -0.00048      
3.82233       -0.00048      
3.82721       -0.00047      
3.83210       -0.00047      
3.83699       -0.00047      
3.84187       -0.00047      
3.84676       -0.00046      
3.85165       -0.00046      
3.85653       -0.00046      
3.86142       -0.00046      
3.86631       -0.00045      
3.87119       -0.00045      
3.87608       -0.00045      
3.88097       -0.00045      
3.88585       -0.00045      
3.89074       -0.00044      
3.89563       -0.00044      
3.90051       -0.00044      
3.90540       -0.00044      
3.91029       -0.00043      
3.91517       -0.00043      
3.92006       -0.00043      
3.92495       -0.00043      
3.92983       -0.00043      
3.93472       -0.00042      
3.93961       -0.00042      
3.94449       -0.00042      
3.94938       -0.00042      
3.95427       -0.00042      
3.95915       -0.00041      
3.96404       -0.00041      
3.96893       -0.00041      
3.97381       -0.00041      
3.97870       -0.00041      
3.98359       -0.00040      
3.98847       -0.00040      
3.99336       -0.00040      
3.99825       -0.00040      
4.00313       -0.00040      
4.00802       -0.00039      
4.01291       -0.00039      
4.01779       -0.00039      
4.02268       -0.00039      
4.02757       -0.00039      
4.03245       -0.00038      
4.03734       -0.00038      
4.04222       -0.00038      
4.04711       -0.00038      
4.05200       -0.00038      
4.05688       -0.00037      
4.06177       -0.00037      
4.06666       -0.00037      
4.07154       -0.00037      
4.07643       -0.00037      
4.08132       -0.00037      
4.08620       -0.00036      
4.09109       -0.00036      
4.09598       -0.00036      
4.10086       -0.00036      
4.10575       -0.00036      
4.11064       -0.00036      
4.11552       -0.00035      
4.12041       -0.00035      
4.12530       -0.00035      
4.13018       -0.00035      
4.13507       -0.00035      
4.13996       -0.00035      
4.14484       -0.00034      
4.14973       -0.00034      
4.15462       -0.00034      
4.15950       -0.00034      
4.16439       -0.00034      
4.16928       -0.00034      
4.17416       -0.00033      
4.17905       -0.00033      
4.18394       -0.00033      
4.18882       -0.00033      
4.19371       -0.00033      
4.19860       -0.00033      
4.20348       -0.00032      
4.20837       -0.00032      
4.21326       -0.00032      
4.21814       -0.00032      
4.22303       -0.00032      
4.22792       -0.00032      
4.23280       -0.00032      
4.23769       -0.00031      
4.24258       -0.00031      
4.24746       -0.00031      
4.25235       -0.00031      
4.25724       -0.00031      
4.26212       -0.00031      
4.26701       -0.00031      
4.27190       -0.00030      
4.27678       -0.00030      
4.28167       -0.00030      
4.28656       -0.00030      
4.29144       -0.00030      
4.29633       -0.00030      
4.30122       -0.00030      
4.30610       -0.00029      
4.31099       -0.00029      
4.31587       -0.00029      
4.32076       -0.00029      
4.32565       -0.00029      
4.33053       -0.00029      
4.33542       -0.00029      
4.34031       -0.00029      
4.34519       -0.00028      
4.35008       -0.00028      
4.35497       -0.00028      
4.35985       -0.00028      
4.36474       -0.00028      
4.36963       -0.00028      
4.37451       -0.00028      
4.37940       -0.00027      
4.38429       -0.00027      
4.38917       -0.00027      
4.39406       -0.00027      
4.39895       -0.00027      
4.40383       -0.00027      
4.40872       -0.00027      
4.41361       -0.00027      
4.41849       -0.00027      
4.42338       -0.00026      
4.42827       -0.00026      
4.43315       -0.00026      
4.43804       -0.00026      
4.44293       -0.00026      
4.44781       -0.00026      
4.45270       -0.00026      
4.45759       -0.00026      
4.46247       -0.00025      
4.46736       -0.00025      
4.47225       -0.00025      
4.47713       -0.00025      
4.48202       -0.00025      
4.48691       -0.00025      
4.49179       -0.00025      
4.49668       -0.00025      
4.50157       -0.00025      
4.50645       -0.00024      
4.51134       -0.00024      
4.51623       -0.00024      
4.52111       -0.00024      
4.52600       -0.00024      
4.53089       -0.00024      
4.53577       -0.00024      
4.54066       -0.00024      
4.54555       -0.00024      
4.55043       -0.00024      
4.55532       -0.00023      
4.56021       -0.00023      
4.56509       -0.00023      
4.56998       -0.00023      
4.57487       -0.00023      
4.57975       -0.00023      
4.58464       -0.00023      
4.58952       -0.00023      
4.59441       -0.00023      
4.59930       -0.00023      
4.60418       -0.00022      
4.60907       -0.00022      
4.61396       -0.00022      
4.61884       -0.00022      
4.62373       -0.00022      
4.62862       -0.00022      
4.63350       -0.00022      
4.63839       -0.00022      
4.64328       -0.00022      
4.64816       -0.00022      
4.65305       -0.00021      
4.65794       -0.00021      
4.66282       -0.00021      
4.66771       -0.00021      
4.67260       -0.00021      
4.67748       -0.00021      
4.68237       -0.00021      
4.68726       -0.00021      
4.69214       -0.00021      
4.69703       -0.00021      
4.70192       -0.00021      
4.70680       -0.00020      
4.71169       -0.00020      
4.71658       -0.00020      
4.72146       -0.00020      
4.72635       -0.00020      
4.73124       -0.00020      
4.73612       -0.00020      
4.74101       -0.00020      
4.74590       -0.00020      
4.75078       -0.00020      
4.75567       -0.00020      
4.76056       -0.00020      
4.76544       -0.00019      
4.77033       -0.00019      
4.77522       -0.00019      
4.78010       -0.00019      
4.78499       -0.00019      
4.78988       -0.00019      
4.79476       -0.00019      
4.79965       -0.00019      
4.80454       -0.00019      
4.80942       -0.00019      
4.81431       -0.00019      
4.81920       -0.00019      
4.82408       -0.00018      
4.82897       -0.00018      
4.83386       -0.00018      
4.83874       -0.00018      
4.84363       -0.00018      
4.84852       -0.00018      
4.85340       -0.00018      
4.85829       -0.00018      
4.86317       -0.00018      
4.86806       -0.00018      
4.87295       -0.00018      
4.87783       -0.00018      
4.88272       -0.00018      
4.88761       -0.00018      
4.89249       -0.00017      
4.89738       -0.00017      
4.90227       -0.00017      
4.90715       -0.00017      
4.91204       -0.00017      
4.91693       -0.00017      
4.92181       -0.00017      
4.92670       -0.00017      
4.93159       -0.00017      
4.93647       -0.00017      
4.94136       -0.00017      
4.94625       -0.00017      
4.95113       -0.00017      
4.95602       -0.00017      
4.96091       -0.00016      
4.96579       -0.00016      
4.97068       -0.00016      
4.97557       -0.00016      
4.98045       -0.00016      
4.98534       -0.00016      
4.99023       -0.00016      
4.99511       -0.00016      
5.00000       -0.00016      
