0.00100       999999999995992510300160.00000
0.00589       577588570142783.75000
0.01077       409124583284.81274
0.01566       4597878309.00562
0.02055       176670175.43504
0.02543       13652864.25641
0.03032       1657049.57503 
0.03521       275876.25918  
0.04009       58065.72274   
0.04498       14679.18807   
0.04987       4326.80139    
0.05475       1474.47001    
0.05964       590.70192     
0.06453       288.78781     
0.06941       176.77500     
0.07430       132.17399     
0.07919       113.29398     
0.08407       104.86262     
0.08896       100.91561     
0.09385       98.98900      
0.09873       98.01294      
0.10362       97.84903      
0.10851       97.85057      
0.11339       97.85211      
0.11828       97.85365      
0.12317       97.85519      
0.12805       97.85673      
0.13294       97.85826      
0.13783       97.85980      
0.14271       91.16320      
0.14760       78.86589      
0.15248       68.06619      
0.15737       57.79703      
0.16226       48.92055      
0.16714       40.25181      
0.17203       32.65206      
0.17692       25.21961      
0.18180       18.95487      
0.18669       13.10862      
0.19158       8.02100       
0.19646       3.34684       
0.20135       -0.82972      
0.20624       -4.37990      
0.21112       -7.37395      
0.21601       -9.91549      
0.22090       -11.99761     
0.22578       -13.74128     
0.23067       -14.77374     
0.23556       -16.04659     
0.24044       -16.36772     
0.24533       -16.60360     
0.25022       -16.67645     
0.25510       -16.39135     
0.25999       -15.97842     
0.26488       -15.40662     
0.26976       -14.71127     
0.27465       -13.94274     
0.27954       -13.40913     
0.28442       -13.06528     
0.28931       -13.13754     
0.29420       -13.33596     
0.29908       -13.46804     
0.30397       -13.69018     
0.30886       -13.50074     
0.31374       -13.45010     
0.31863       -13.09628     
0.32352       -12.72155     
0.32840       -12.37643     
0.33329       -11.85714     
0.33818       -11.58722     
0.34306       -11.30835     
0.34795       -11.22155     
0.35284       -10.98674     
0.35772       -11.06391     
0.36261       -10.76562     
0.36750       -10.76123     
0.37238       -10.48855     
0.37727       -10.38336     
0.38216       -10.11136     
0.38704       -9.82846      
0.39193       -9.79908      
0.39682       -9.52888      
0.40170       -9.35461      
0.40659       -9.18341      
0.41148       -8.86004      
0.41636       -8.58510      
0.42125       -8.28825      
0.42613       -7.87386      
0.43102       -7.43834      
0.43591       -7.05584      
0.44079       -6.79963      
0.44568       -6.37888      
0.45057       -6.13644      
0.45545       -5.87947      
0.46034       -5.67982      
0.46523       -5.44706      
0.47011       -5.11978      
0.47500       -4.93753      
0.47989       -4.54040      
0.48477       -4.12772      
0.48966       -3.87496      
0.49455       -3.38450      
0.49943       -2.94621      
0.50432       -2.65903      
0.50921       -2.31664      
0.51409       -1.91023      
0.51898       -1.59937      
0.52387       -1.41526      
0.52875       -1.24796      
0.53364       -1.06008      
0.53853       -1.08767      
0.54341       -0.94869      
0.54830       -1.02339      
0.55319       -1.04057      
0.55807       -0.98328      
0.56296       -1.17792      
0.56785       -1.06355      
0.57273       -1.03458      
0.57762       -1.06845      
0.58251       -1.07048      
0.58739       -1.06868      
0.59228       -1.04100      
0.59717       -1.04318      
0.60205       -0.99988      
0.60694       -1.04378      
0.61183       -0.91871      
0.61671       -1.01895      
0.62160       -0.89037      
0.62649       -0.98913      
0.63137       -1.02005      
0.63626       -0.77735      
0.64115       -0.82303      
0.64603       -0.81263      
0.65092       -0.79471      
0.65581       -0.72229      
0.66069       -0.76796      
0.66558       -0.83086      
0.67047       -0.78591      
0.67535       -0.84800      
0.68024       -0.76514      
0.68513       -0.66722      
0.69001       -0.86381      
0.69490       -0.63748      
0.69978       -0.67017      
0.70467       -0.67931      
0.70956       -0.71346      
0.71444       -0.71969      
0.71933       -0.68133      
0.72422       -0.60833      
0.72910       -0.60414      
0.73399       -0.57844      
0.73888       -0.52397      
0.74376       -0.60646      
0.74865       -0.58444      
0.75354       -0.54674      
0.75842       -0.52816      
0.76331       -0.46460      
0.76820       -0.44305      
0.77308       -0.49427      
0.77797       -0.44588      
0.78286       -0.32848      
0.78774       -0.33425      
0.79263       -0.27637      
0.79752       -0.27900      
0.80240       -0.27360      
0.80729       -0.17491      
0.81218       -0.29359      
0.81706       -0.13778      
0.82195       -0.29410      
0.82684       -0.13376      
0.83172       -0.06155      
0.83661       -0.05677      
0.84150       -0.06023      
0.84638       0.03046       
0.85127       0.03583       
0.85616       -0.01195      
0.86104       0.07068       
0.86593       0.02720       
0.87082       0.05521       
0.87570       -0.07730      
0.88059       0.12909       
0.88548       0.06464       
0.89036       -0.04254      
0.89525       0.07559       
0.90014       0.12319       
0.90502       0.05759       
0.90991       0.10445       
0.91480       0.10973       
0.91968       0.11246       
0.92457       -0.06076      
0.92946       0.12167       
0.93434       0.05724       
0.93923       0.00601       
0.94412       0.06404       
0.94900       0.02448       
0.95389       0.09945       
0.95878       0.05848       
0.96366       0.07197       
0.96855       0.05214       
0.97343       0.05552       
0.97832       0.10332       
0.98321       0.13397       
0.98809       0.08567       
0.99298       0.12188       
0.99787       0.08399       
1.00275       0.02319       
1.00764       0.10074       
1.01253       0.06546       
1.01741       0.06276       
1.02230       0.00693       
1.02719       0.00123       
1.03207       0.09251       
1.03696       -0.01995      
1.04185       0.05103       
1.04673       0.04581       
1.05162       0.04645       
1.05651       -0.02026      
1.06139       0.03720       
1.06628       0.07739       
1.07117       0.01489       
1.07605       0.06981       
1.08094       0.05456       
1.08583       0.11444       
1.09071       0.10999       
1.09560       0.07817       
1.10049       0.11314       
1.10537       0.01176       
1.11026       0.07946       
1.11515       0.18646       
1.12003       0.15039       
1.12492       0.04904       
1.12981       0.09555       
1.13469       0.12631       
1.13958       0.07633       
1.14447       0.14273       
1.14935       0.01869       
1.15424       0.07358       
1.15913       0.15113       
1.16401       0.08776       
1.16890       0.06775       
1.17379       0.14736       
1.17867       0.10932       
1.18356       0.04163       
1.18845       0.07495       
1.19333       0.10368       
1.19822       0.06651       
1.20311       0.09225       
1.20799       0.05663       
1.21288       0.10940       
1.21777       0.00232       
1.22265       0.04484       
1.22754       0.07498       
1.23243       -0.02453      
1.23731       0.02857       
1.24220       0.11184       
1.24709       0.04425       
1.25197       0.02446       
1.25686       0.06665       
1.26174       0.04628       
1.26663       0.04820       
1.27152       0.03941       
1.27640       0.03298       
1.28129       0.00049       
1.28618       0.04168       
1.29106       0.04202       
1.29595       0.04343       
1.30084       0.04469       
1.30572       -0.00151      
1.31061       0.02644       
1.31550       0.02947       
1.32038       0.01507       
1.32527       -0.00179      
1.33016       -0.01195      
1.33504       -0.05809      
1.33993       -0.04836      
1.34482       -0.00586      
1.34970       0.02331       
1.35459       0.05328       
1.35948       0.04868       
1.36436       0.00214       
1.36925       -0.04323      
1.37414       0.01206       
1.37902       0.00148       
1.38391       -0.03372      
1.38880       0.04406       
1.39368       -0.09450      
1.39857       0.03083       
1.40346       0.06969       
1.40834       -0.08935      
1.41323       0.00209       
1.41812       0.00910       
1.42300       0.02341       
1.42789       -0.02127      
1.43278       0.00698       
1.43766       0.04620       
1.44255       -0.04262      
1.44744       0.02780       
1.45232       0.02224       
1.45721       0.05475       
1.46210       -0.01589      
1.46698       -0.03107      
1.47187       0.00221       
1.47676       0.01367       
1.48164       -0.05017      
1.48653       -0.01242      
1.49142       -0.02846      
1.49630       -0.05848      
1.50119       -0.04694      
1.50608       -0.04639      
1.51096       -0.04585      
1.51585       -0.04531      
1.52074       -0.04479      
1.52562       -0.04427      
1.53051       -0.04376      
1.53539       -0.04325      
1.54028       -0.04276      
1.54517       -0.04227      
1.55005       -0.04179      
1.55494       -0.04131      
1.55983       -0.04084      
1.56471       -0.04038      
1.56960       -0.03993      
1.57449       -0.03948      
1.57937       -0.03903      
1.58426       -0.03860      
1.58915       -0.03817      
1.59403       -0.03774      
1.59892       -0.03733      
1.60381       -0.03691      
1.60869       -0.03651      
1.61358       -0.03611      
1.61847       -0.03571      
1.62335       -0.03532      
1.62824       -0.03494      
1.63313       -0.03456      
1.63801       -0.03418      
1.64290       -0.03381      
1.64779       -0.03345      
1.65267       -0.03309      
1.65756       -0.03274      
1.66245       -0.03239      
1.66733       -0.03204      
1.67222       -0.03170      
1.67711       -0.03137      
1.68199       -0.03104      
1.68688       -0.03071      
1.69177       -0.03039      
1.69665       -0.03007      
1.70154       -0.02976      
1.70643       -0.02945      
1.71131       -0.02914      
1.71620       -0.02884      
1.72109       -0.02854      
1.72597       -0.02825      
1.73086       -0.02796      
1.73575       -0.02767      
1.74063       -0.02739      
1.74552       -0.02711      
1.75041       -0.02683      
1.75529       -0.02656      
1.76018       -0.02629      
1.76507       -0.02603      
1.76995       -0.02577      
1.77484       -0.02551      
1.77973       -0.02525      
1.78461       -0.02500      
1.78950       -0.02475      
1.79439       -0.02451      
1.79927       -0.02426      
1.80416       -0.02402      
1.80904       -0.02379      
1.81393       -0.02355      
1.81882       -0.02332      
1.82370       -0.02309      
1.82859       -0.02287      
1.83348       -0.02265      
1.83836       -0.02243      
1.84325       -0.02221      
1.84814       -0.02199      
1.85302       -0.02178      
1.85791       -0.02157      
1.86280       -0.02137      
1.86768       -0.02116      
1.87257       -0.02096      
1.87746       -0.02076      
1.88234       -0.02056      
1.88723       -0.02037      
1.89212       -0.02018      
1.89700       -0.01999      
1.90189       -0.01980      
1.90678       -0.01961      
1.91166       -0.01943      
1.91655       -0.01925      
1.92144       -0.01907      
1.92632       -0.01889      
1.93121       -0.01871      
1.93610       -0.01854      
1.94098       -0.01837      
1.94587       -0.01820      
1.95076       -0.01803      
1.95564       -0.01787      
1.96053       -0.01771      
1.96542       -0.01754      
1.97030       -0.01738      
1.97519       -0.01723      
1.98008       -0.01707      
1.98496       -0.01692      
1.98985       -0.01676      
1.99474       -0.01661      
1.99962       -0.01646      
2.00451       -0.01631      
2.00940       -0.01617      
2.01428       -0.01602      
2.01917       -0.01588      
2.02406       -0.01574      
2.02894       -0.01560      
2.03383       -0.01546      
2.03872       -0.01533      
2.04360       -0.01519      
2.04849       -0.01506      
2.05338       -0.01493      
2.05826       -0.01480      
2.06315       -0.01467      
2.06804       -0.01454      
2.07292       -0.01441      
2.07781       -0.01429      
2.08270       -0.01416      
2.08758       -0.01404      
2.09247       -0.01392      
2.09735       -0.01380      
2.10224       -0.01368      
2.10713       -0.01357      
2.11201       -0.01345      
2.11690       -0.01333      
2.12179       -0.01322      
2.12667       -0.01311      
2.13156       -0.01300      
2.13645       -0.01289      
2.14133       -0.01278      
2.14622       -0.01267      
2.15111       -0.01256      
2.15599       -0.01246      
2.16088       -0.01235      
2.16577       -0.01225      
2.17065       -0.01215      
2.17554       -0.01205      
2.18043       -0.01195      
2.18531       -0.01185      
2.19020       -0.01175      
2.19509       -0.01165      
2.19997       -0.01156      
2.20486       -0.01146      
2.20975       -0.01137      
2.21463       -0.01128      
2.21952       -0.01118      
2.22441       -0.01109      
2.22929       -0.01100      
2.23418       -0.01091      
2.23907       -0.01082      
2.24395       -0.01074      
2.24884       -0.01065      
2.25373       -0.01056      
2.25861       -0.01048      
2.26350       -0.01040      
2.26839       -0.01031      
2.27327       -0.01023      
2.27816       -0.01015      
2.28305       -0.01007      
2.28793       -0.00999      
2.29282       -0.00991      
2.29771       -0.00983      
2.30259       -0.00975      
2.30748       -0.00967      
2.31237       -0.00960      
2.31725       -0.00952      
2.32214       -0.00945      
2.32703       -0.00937      
2.33191       -0.00930      
2.33680       -0.00923      
2.34169       -0.00916      
2.34657       -0.00908      
2.35146       -0.00901      
2.35635       -0.00894      
2.36123       -0.00888      
2.36612       -0.00881      
2.37100       -0.00874      
2.37589       -0.00867      
2.38078       -0.00861      
2.38566       -0.00854      
2.39055       -0.00847      
2.39544       -0.00841      
2.40032       -0.00835      
2.40521       -0.00828      
2.41010       -0.00822      
2.41498       -0.00816      
2.41987       -0.00809      
2.42476       -0.00803      
2.42964       -0.00797      
2.43453       -0.00791      
2.43942       -0.00785      
2.44430       -0.00779      
2.44919       -0.00774      
2.45408       -0.00768      
2.45896       -0.00762      
2.46385       -0.00756      
2.46874       -0.00751      
2.47362       -0.00745      
2.47851       -0.00740      
2.48340       -0.00734      
2.48828       -0.00729      
2.49317       -0.00723      
2.49806       -0.00718      
2.50294       -0.00713      
2.50783       -0.00708      
2.51272       -0.00702      
2.51760       -0.00697      
2.52249       -0.00692      
2.52738       -0.00687      
2.53226       -0.00682      
2.53715       -0.00677      
2.54204       -0.00672      
2.54692       -0.00668      
2.55181       -0.00663      
2.55670       -0.00658      
2.56158       -0.00653      
2.56647       -0.00649      
2.57136       -0.00644      
2.57624       -0.00639      
2.58113       -0.00635      
2.58602       -0.00630      
2.59090       -0.00626      
2.59579       -0.00621      
2.60068       -0.00617      
2.60556       -0.00612      
2.61045       -0.00608      
2.61534       -0.00604      
2.62022       -0.00600      
2.62511       -0.00595      
2.63000       -0.00591      
2.63488       -0.00587      
2.63977       -0.00583      
2.64465       -0.00579      
2.64954       -0.00575      
2.65443       -0.00571      
2.65931       -0.00567      
2.66420       -0.00563      
2.66909       -0.00559      
2.67397       -0.00555      
2.67886       -0.00551      
2.68375       -0.00547      
2.68863       -0.00544      
2.69352       -0.00540      
2.69841       -0.00536      
2.70329       -0.00532      
2.70818       -0.00529      
2.71307       -0.00525      
2.71795       -0.00522      
2.72284       -0.00518      
2.72773       -0.00515      
2.73261       -0.00511      
2.73750       -0.00508      
2.74239       -0.00504      
2.74727       -0.00501      
2.75216       -0.00497      
2.75705       -0.00494      
2.76193       -0.00491      
2.76682       -0.00487      
2.77171       -0.00484      
2.77659       -0.00481      
2.78148       -0.00478      
2.78637       -0.00474      
2.79125       -0.00471      
2.79614       -0.00468      
2.80103       -0.00465      
2.80591       -0.00462      
2.81080       -0.00459      
2.81569       -0.00456      
2.82057       -0.00453      
2.82546       -0.00450      
2.83035       -0.00447      
2.83523       -0.00444      
2.84012       -0.00441      
2.84501       -0.00438      
2.84989       -0.00435      
2.85478       -0.00432      
2.85967       -0.00430      
2.86455       -0.00427      
2.86944       -0.00424      
2.87433       -0.00421      
2.87921       -0.00418      
2.88410       -0.00416      
2.88899       -0.00413      
2.89387       -0.00410      
2.89876       -0.00408      
2.90365       -0.00405      
2.90853       -0.00403      
2.91342       -0.00400      
2.91830       -0.00397      
2.92319       -0.00395      
2.92808       -0.00392      
2.93296       -0.00390      
2.93785       -0.00387      
2.94274       -0.00385      
2.94762       -0.00382      
2.95251       -0.00380      
2.95740       -0.00378      
2.96228       -0.00375      
2.96717       -0.00373      
2.97206       -0.00370      
2.97694       -0.00368      
2.98183       -0.00366      
2.98672       -0.00363      
2.99160       -0.00361      
2.99649       -0.00359      
3.00138       -0.00357      
3.00626       -0.00354      
3.01115       -0.00352      
3.01604       -0.00350      
3.02092       -0.00348      
3.02581       -0.00346      
3.03070       -0.00344      
3.03558       -0.00341      
3.04047       -0.00339      
3.04536       -0.00337      
3.05024       -0.00335      
3.05513       -0.00333      
3.06002       -0.00331      
3.06490       -0.00329      
3.06979       -0.00327      
3.07468       -0.00325      
3.07956       -0.00323      
3.08445       -0.00321      
3.08934       -0.00319      
3.09422       -0.00317      
3.09911       -0.00315      
3.10400       -0.00313      
3.10888       -0.00311      
3.11377       -0.00309      
3.11866       -0.00307      
3.12354       -0.00306      
3.12843       -0.00304      
3.13332       -0.00302      
3.13820       -0.00300      
3.14309       -0.00298      
3.14798       -0.00297      
3.15286       -0.00295      
3.15775       -0.00293      
3.16264       -0.00291      
3.16752       -0.00289      
3.17241       -0.00288      
3.17730       -0.00286      
3.18218       -0.00284      
3.18707       -0.00283      
3.19196       -0.00281      
3.19684       -0.00279      
3.20173       -0.00278      
3.20661       -0.00276      
3.21150       -0.00274      
3.21639       -0.00273      
3.22127       -0.00271      
3.22616       -0.00270      
3.23105       -0.00268      
3.23593       -0.00266      
3.24082       -0.00265      
3.24571       -0.00263      
3.25059       -0.00262      
3.25548       -0.00260      
3.26037       -0.00259      
3.26525       -0.00257      
3.27014       -0.00256      
3.27503       -0.00254      
3.27991       -0.00253      
3.28480       -0.00251      
3.28969       -0.00250      
3.29457       -0.00248      
3.29946       -0.00247      
3.30435       -0.00245      
3.30923       -0.00244      
3.31412       -0.00243      
3.31901       -0.00241      
3.32389       -0.00240      
3.32878       -0.00239      
3.33367       -0.00237      
3.33855       -0.00236      
3.34344       -0.00234      
3.34833       -0.00233      
3.35321       -0.00232      
3.35810       -0.00230      
3.36299       -0.00229      
3.36787       -0.00228      
3.37276       -0.00227      
3.37765       -0.00225      
3.38253       -0.00224      
3.38742       -0.00223      
3.39231       -0.00221      
3.39719       -0.00220      
3.40208       -0.00219      
3.40697       -0.00218      
3.41185       -0.00217      
3.41674       -0.00215      
3.42163       -0.00214      
3.42651       -0.00213      
3.43140       -0.00212      
3.43629       -0.00211      
3.44117       -0.00209      
3.44606       -0.00208      
3.45095       -0.00207      
3.45583       -0.00206      
3.46072       -0.00205      
3.46561       -0.00204      
3.47049       -0.00202      
3.47538       -0.00201      
3.48026       -0.00200      
3.48515       -0.00199      
3.49004       -0.00198      
3.49492       -0.00197      
3.49981       -0.00196      
3.50470       -0.00195      
3.50958       -0.00194      
3.51447       -0.00193      
3.51936       -0.00192      
3.52424       -0.00191      
3.52913       -0.00190      
3.53402       -0.00189      
3.53890       -0.00187      
3.54379       -0.00186      
3.54868       -0.00185      
3.55356       -0.00184      
3.55845       -0.00183      
3.56334       -0.00182      
3.56822       -0.00181      
3.57311       -0.00180      
3.57800       -0.00180      
3.58288       -0.00179      
3.58777       -0.00178      
3.59266       -0.00177      
3.59754       -0.00176      
3.60243       -0.00175      
3.60732       -0.00174      
3.61220       -0.00173      
3.61709       -0.00172      
3.62198       -0.00171      
3.62686       -0.00170      
3.63175       -0.00169      
3.63664       -0.00168      
3.64152       -0.00167      
3.64641       -0.00167      
3.65130       -0.00166      
3.65618       -0.00165      
3.66107       -0.00164      
3.66596       -0.00163      
3.67084       -0.00162      
3.67573       -0.00161      
3.68062       -0.00160      
3.68550       -0.00160      
3.69039       -0.00159      
3.69528       -0.00158      
3.70016       -0.00157      
3.70505       -0.00156      
3.70994       -0.00156      
3.71482       -0.00155      
3.71971       -0.00154      
3.72460       -0.00153      
3.72948       -0.00152      
3.73437       -0.00151      
3.73926       -0.00151      
3.74414       -0.00150      
3.74903       -0.00149      
3.75391       -0.00148      
3.75880       -0.00148      
3.76369       -0.00147      
3.76857       -0.00146      
3.77346       -0.00145      
3.77835       -0.00145      
3.78323       -0.00144      
3.78812       -0.00143      
3.79301       -0.00142      
3.79789       -0.00142      
3.80278       -0.00141      
3.80767       -0.00140      
3.81255       -0.00139      
3.81744       -0.00139      
3.82233       -0.00138      
3.82721       -0.00137      
3.83210       -0.00137      
3.83699       -0.00136      
3.84187       -0.00135      
3.84676       -0.00135      
3.85165       -0.00134      
3.85653       -0.00133      
3.86142       -0.00133      
3.86631       -0.00132      
3.87119       -0.00131      
3.87608       -0.00131      
3.88097       -0.00130      
3.88585       -0.00129      
3.89074       -0.00129      
3.89563       -0.00128      
3.90051       -0.00127      
3.90540       -0.00127      
3.91029       -0.00126      
3.91517       -0.00125      
3.92006       -0.00125      
3.92495       -0.00124      
3.92983       -0.00124      
3.93472       -0.00123      
3.93961       -0.00122      
3.94449       -0.00122      
3.94938       -0.00121      
3.95427       -0.00121      
3.95915       -0.00120      
3.96404       -0.00119      
3.96893       -0.00119      
3.97381       -0.00118      
3.97870       -0.00118      
3.98359       -0.00117      
3.98847       -0.00116      
3.99336       -0.00116      
3.99825       -0.00115      
4.00313       -0.00115      
4.00802       -0.00114      
4.01291       -0.00114      
4.01779       -0.00113      
4.02268       -0.00112      
4.02757       -0.00112      
4.03245       -0.00111      
4.03734       -0.00111      
4.04222       -0.00110      
4.04711       -0.00110      
4.05200       -0.00109      
4.05688       -0.00109      
4.06177       -0.00108      
4.06666       -0.00108      
4.07154       -0.00107      
4.07643       -0.00107      
4.08132       -0.00106      
4.08620       -0.00106      
4.09109       -0.00105      
4.09598       -0.00105      
4.10086       -0.00104      
4.10575       -0.00104      
4.11064       -0.00103      
4.11552       -0.00103      
4.12041       -0.00102      
4.12530       -0.00102      
4.13018       -0.00101      
4.13507       -0.00101      
4.13996       -0.00100      
4.14484       -0.00100      
4.14973       -0.00099      
4.15462       -0.00099      
4.15950       -0.00098      
4.16439       -0.00098      
4.16928       -0.00097      
4.17416       -0.00097      
4.17905       -0.00096      
4.18394       -0.00096      
4.18882       -0.00096      
4.19371       -0.00095      
4.19860       -0.00095      
4.20348       -0.00094      
4.20837       -0.00094      
4.21326       -0.00093      
4.21814       -0.00093      
4.22303       -0.00092      
4.22792       -0.00092      
4.23280       -0.00092      
4.23769       -0.00091      
4.24258       -0.00091      
4.24746       -0.00090      
4.25235       -0.00090      
4.25724       -0.00089      
4.26212       -0.00089      
4.26701       -0.00089      
4.27190       -0.00088      
4.27678       -0.00088      
4.28167       -0.00087      
4.28656       -0.00087      
4.29144       -0.00087      
4.29633       -0.00086      
4.30122       -0.00086      
4.30610       -0.00085      
4.31099       -0.00085      
4.31587       -0.00085      
4.32076       -0.00084      
4.32565       -0.00084      
4.33053       -0.00083      
4.33542       -0.00083      
4.34031       -0.00083      
4.34519       -0.00082      
4.35008       -0.00082      
4.35497       -0.00082      
4.35985       -0.00081      
4.36474       -0.00081      
4.36963       -0.00080      
4.37451       -0.00080      
4.37940       -0.00080      
4.38429       -0.00079      
4.38917       -0.00079      
4.39406       -0.00079      
4.39895       -0.00078      
4.40383       -0.00078      
4.40872       -0.00078      
4.41361       -0.00077      
4.41849       -0.00077      
4.42338       -0.00077      
4.42827       -0.00076      
4.43315       -0.00076      
4.43804       -0.00075      
4.44293       -0.00075      
4.44781       -0.00075      
4.45270       -0.00074      
4.45759       -0.00074      
4.46247       -0.00074      
4.46736       -0.00073      
4.47225       -0.00073      
4.47713       -0.00073      
4.48202       -0.00073      
4.48691       -0.00072      
4.49179       -0.00072      
4.49668       -0.00072      
4.50157       -0.00071      
4.50645       -0.00071      
4.51134       -0.00071      
4.51623       -0.00070      
4.52111       -0.00070      
4.52600       -0.00070      
4.53089       -0.00069      
4.53577       -0.00069      
4.54066       -0.00069      
4.54555       -0.00068      
4.55043       -0.00068      
4.55532       -0.00068      
4.56021       -0.00068      
4.56509       -0.00067      
4.56998       -0.00067      
4.57487       -0.00067      
4.57975       -0.00066      
4.58464       -0.00066      
4.58952       -0.00066      
4.59441       -0.00065      
4.59930       -0.00065      
4.60418       -0.00065      
4.60907       -0.00065      
4.61396       -0.00064      
4.61884       -0.00064      
4.62373       -0.00064      
4.62862       -0.00064      
4.63350       -0.00063      
4.63839       -0.00063      
4.64328       -0.00063      
4.64816       -0.00062      
4.65305       -0.00062      
4.65794       -0.00062      
4.66282       -0.00062      
4.66771       -0.00061      
4.67260       -0.00061      
4.67748       -0.00061      
4.68237       -0.00061      
4.68726       -0.00060      
4.69214       -0.00060      
4.69703       -0.00060      
4.70192       -0.00060      
4.70680       -0.00059      
4.71169       -0.00059      
4.71658       -0.00059      
4.72146       -0.00059      
4.72635       -0.00058      
4.73124       -0.00058      
4.73612       -0.00058      
4.74101       -0.00058      
4.74590       -0.00057      
4.75078       -0.00057      
4.75567       -0.00057      
4.76056       -0.00057      
4.76544       -0.00056      
4.77033       -0.00056      
4.77522       -0.00056      
4.78010       -0.00056      
4.78499       -0.00055      
4.78988       -0.00055      
4.79476       -0.00055      
4.79965       -0.00055      
4.80454       -0.00054      
4.80942       -0.00054      
4.81431       -0.00054      
4.81920       -0.00054      
4.82408       -0.00054      
4.82897       -0.00053      
4.83386       -0.00053      
4.83874       -0.00053      
4.84363       -0.00053      
4.84852       -0.00052      
4.85340       -0.00052      
4.85829       -0.00052      
4.86317       -0.00052      
4.86806       -0.00052      
4.87295       -0.00051      
4.87783       -0.00051      
4.88272       -0.00051      
4.88761       -0.00051      
4.89249       -0.00051      
4.89738       -0.00050      
4.90227       -0.00050      
4.90715       -0.00050      
4.91204       -0.00050      
4.91693       -0.00049      
4.92181       -0.00049      
4.92670       -0.00049      
4.93159       -0.00049      
4.93647       -0.00049      
4.94136       -0.00048      
4.94625       -0.00048      
4.95113       -0.00048      
4.95602       -0.00048      
4.96091       -0.00048      
4.96579       -0.00047      
4.97068       -0.00047      
4.97557       -0.00047      
4.98045       -0.00047      
4.98534       -0.00047      
4.99023       -0.00047      
4.99511       -0.00046      
5.00000       -0.00046      
