0.00100       999999999995992510300160.00000
0.00589       577588570142784.50000
0.01077       409124583285.45300
0.01566       4597878309.64529
0.02055       176670176.07410
0.02543       13652864.89487
0.03032       1657050.21290 
0.03521       275876.89645  
0.04009       58066.35942   
0.04498       14679.82414   
0.04987       4327.43687    
0.05475       1475.10490    
0.05964       591.33622     
0.06453       289.42151     
0.06941       177.40810     
0.07430       132.80650     
0.07919       113.92590     
0.08407       105.49395     
0.08896       101.54634     
0.09385       99.61915      
0.09873       98.64250      
0.10362       98.47800      
0.10851       98.47895      
0.11339       98.47990      
0.11828       98.48086      
0.12317       98.48181      
0.12805       98.48276      
0.13294       98.48371      
0.13783       98.48466      
0.14271       89.54390      
0.14760       79.11166      
0.15248       69.69182      
0.15737       61.76347      
0.16226       54.04936      
0.16714       46.83075      
0.17203       39.69898      
0.17692       33.82890      
0.18180       28.16790      
0.18669       23.07653      
0.19158       18.30202      
0.19646       14.25016      
0.20135       10.25309      
0.20624       6.94944       
0.21112       3.71977       
0.21601       0.85920       
0.22090       -1.76825      
0.22578       -4.09186      
0.23067       -6.13844      
0.23556       -7.73389      
0.24044       -9.14765      
0.24533       -10.16047     
0.25022       -10.98283     
0.25510       -11.42370     
0.25999       -11.81403     
0.26488       -12.03291     
0.26976       -12.05030     
0.27465       -11.78727     
0.27954       -11.70150     
0.28442       -11.36772     
0.28931       -11.16641     
0.29420       -10.77042     
0.29908       -10.59273     
0.30397       -10.45429     
0.30886       -10.28863     
0.31374       -10.30597     
0.31863       -10.27639     
0.32352       -10.22253     
0.32840       -10.10728     
0.33329       -9.93039      
0.33818       -9.81909      
0.34306       -9.34871      
0.34795       -9.22646      
0.35284       -8.51480      
0.35772       -8.19507      
0.36261       -7.60449      
0.36750       -7.06937      
0.37238       -6.60792      
0.37727       -6.11438      
0.38216       -5.79928      
0.38704       -5.34357      
0.39193       -5.15551      
0.39682       -4.82489      
0.40170       -4.52141      
0.40659       -4.41272      
0.41148       -4.11590      
0.41636       -3.97549      
0.42125       -3.85664      
0.42613       -3.74720      
0.43102       -3.49254      
0.43591       -3.46949      
0.44079       -3.26389      
0.44568       -3.01871      
0.45057       -3.02847      
0.45545       -2.84089      
0.46034       -2.57965      
0.46523       -2.52392      
0.47011       -2.37766      
0.47500       -2.05049      
0.47989       -1.93914      
0.48477       -1.80637      
0.48966       -1.48433      
0.49455       -1.40630      
0.49943       -1.27345      
0.50432       -1.06348      
0.50921       -1.01491      
0.51409       -0.87491      
0.51898       -0.74786      
0.52387       -0.79125      
0.52875       -0.54782      
0.53364       -0.65882      
0.53853       -0.67981      
0.54341       -0.66695      
0.54830       -0.60668      
0.55319       -0.70634      
0.55807       -0.70412      
0.56296       -0.67704      
0.56785       -0.71077      
0.57273       -0.72399      
0.57762       -0.61521      
0.58251       -0.67750      
0.58739       -0.66819      
0.59228       -0.51107      
0.59717       -0.59261      
0.60205       -0.53701      
0.60694       -0.47431      
0.61183       -0.50876      
0.61671       -0.45930      
0.62160       -0.48199      
0.62649       -0.45969      
0.63137       -0.41586      
0.63626       -0.46248      
0.64115       -0.43455      
0.64603       -0.45721      
0.65092       -0.43641      
0.65581       -0.39535      
0.66069       -0.45418      
0.66558       -0.45711      
0.67047       -0.41630      
0.67535       -0.43651      
0.68024       -0.48391      
0.68513       -0.36696      
0.69001       -0.40910      
0.69490       -0.47965      
0.69978       -0.30059      
0.70467       -0.38076      
0.70956       -0.39211      
0.71444       -0.27459      
0.71933       -0.22351      
0.72422       -0.32961      
0.72910       -0.25928      
0.73399       -0.16304      
0.73888       -0.12163      
0.74376       -0.13627      
0.74865       -0.11036      
0.75354       -0.04079      
0.75842       -0.18931      
0.76331       0.05571       
0.76820       -0.01351      
0.77308       -0.05247      
0.77797       0.00284       
0.78286       -0.04222      
0.78774       -0.04300      
0.79263       -0.01039      
0.79752       0.00810       
0.80240       0.01341       
0.80729       0.03012       
0.81218       0.07934       
0.81706       -0.01124      
0.82195       0.09551       
0.82684       0.02908       
0.83172       0.02561       
0.83661       0.08494       
0.84150       0.12088       
0.84638       0.02448       
0.85127       0.12484       
0.85616       0.09284       
0.86104       0.12029       
0.86593       0.10397       
0.87082       0.00513       
0.87570       0.16354       
0.88059       0.12846       
0.88548       0.09514       
0.89036       0.07420       
0.89525       0.08026       
0.90014       0.16410       
0.90502       0.06814       
0.90991       0.00803       
0.91480       0.18621       
0.91968       0.19955       
0.92457       0.02323       
0.92946       0.20351       
0.93434       0.05745       
0.93923       0.13533       
0.94412       0.15951       
0.94900       0.13146       
0.95389       0.15110       
0.95878       0.16583       
0.96366       0.06618       
0.96855       0.00666       
0.97343       0.12148       
0.97832       0.14042       
0.98321       0.05668       
0.98809       0.02083       
0.99298       0.07521       
0.99787       0.11393       
1.00275       0.10759       
1.00764       0.07107       
1.01253       0.02036       
1.01741       0.15322       
1.02230       0.04235       
1.02719       0.10453       
1.03207       0.11495       
1.03696       0.10499       
1.04185       0.06538       
1.04673       0.19460       
1.05162       0.00370       
1.05651       0.13617       
1.06139       0.02413       
1.06628       0.01564       
1.07117       0.10550       
1.07605       0.05221       
1.08094       0.15334       
1.08583       0.07020       
1.09071       0.11587       
1.09560       0.06964       
1.10049       0.13364       
1.10537       0.10292       
1.11026       0.05643       
1.11515       0.13138       
1.12003       0.04805       
1.12492       0.06224       
1.12981       0.04992       
1.13469       0.09587       
1.13958       0.07763       
1.14447       0.04217       
1.14935       0.08174       
1.15424       0.05009       
1.15913       -0.00165      
1.16401       0.01120       
1.16890       -0.01947      
1.17379       0.02976       
1.17867       -0.05339      
1.18356       0.00111       
1.18845       0.01475       
1.19333       -0.08622      
1.19822       -0.05013      
1.20311       0.00372       
1.20799       -0.06182      
1.21288       -0.04057      
1.21777       0.00309       
1.22265       0.05955       
1.22754       0.03457       
1.23243       0.02872       
1.23731       0.07630       
1.24220       0.02880       
1.24709       0.03087       
1.25197       0.06174       
1.25686       0.05974       
1.26174       -0.02343      
1.26663       0.00392       
1.27152       0.05937       
1.27640       0.02235       
1.28129       -0.03202      
1.28618       -0.00674      
1.29106       0.01526       
1.29595       0.00053       
1.30084       0.03336       
1.30572       0.00189       
1.31061       -0.06448      
1.31550       0.08095       
1.32038       0.02401       
1.32527       0.04407       
1.33016       0.06247       
1.33504       0.01196       
1.33993       0.07906       
1.34482       0.06416       
1.34970       0.01111       
1.35459       0.06966       
1.35948       0.09089       
1.36436       0.05302       
1.36925       0.03764       
1.37414       -0.01919      
1.37902       -0.01814      
1.38391       0.02171       
1.38880       -0.00837      
1.39368       -0.02639      
1.39857       -0.01284      
1.40346       -0.03895      
1.40834       0.03256       
1.41323       0.02707       
1.41812       -0.05289      
1.42300       -0.00846      
1.42789       0.09284       
1.43278       -0.02318      
1.43766       -0.09380      
1.44255       0.02320       
1.44744       -0.00179      
1.45232       -0.08437      
1.45721       -0.07798      
1.46210       0.04199       
1.46698       -0.05754      
1.47187       -0.05569      
1.47676       -0.06371      
1.48164       -0.06364      
1.48653       0.02474       
1.49142       -0.03560      
1.49630       -0.10096      
1.50119       -0.02885      
1.50608       -0.02851      
1.51096       -0.02818      
1.51585       -0.02785      
1.52074       -0.02753      
1.52562       -0.02721      
1.53051       -0.02690      
1.53539       -0.02659      
1.54028       -0.02629      
1.54517       -0.02599      
1.55005       -0.02569      
1.55494       -0.02540      
1.55983       -0.02511      
1.56471       -0.02483      
1.56960       -0.02455      
1.57449       -0.02428      
1.57937       -0.02400      
1.58426       -0.02374      
1.58915       -0.02347      
1.59403       -0.02321      
1.59892       -0.02296      
1.60381       -0.02270      
1.60869       -0.02246      
1.61358       -0.02221      
1.61847       -0.02197      
1.62335       -0.02173      
1.62824       -0.02149      
1.63313       -0.02126      
1.63801       -0.02103      
1.64290       -0.02080      
1.64779       -0.02058      
1.65267       -0.02036      
1.65756       -0.02014      
1.66245       -0.01993      
1.66733       -0.01972      
1.67222       -0.01951      
1.67711       -0.01930      
1.68199       -0.01910      
1.68688       -0.01890      
1.69177       -0.01870      
1.69665       -0.01851      
1.70154       -0.01831      
1.70643       -0.01812      
1.71131       -0.01794      
1.71620       -0.01775      
1.72109       -0.01757      
1.72597       -0.01739      
1.73086       -0.01721      
1.73575       -0.01703      
1.74063       -0.01686      
1.74552       -0.01669      
1.75041       -0.01652      
1.75529       -0.01635      
1.76018       -0.01619      
1.76507       -0.01603      
1.76995       -0.01586      
1.77484       -0.01571      
1.77973       -0.01555      
1.78461       -0.01539      
1.78950       -0.01524      
1.79439       -0.01509      
1.79927       -0.01494      
1.80416       -0.01479      
1.80904       -0.01465      
1.81393       -0.01450      
1.81882       -0.01436      
1.82370       -0.01422      
1.82859       -0.01408      
1.83348       -0.01395      
1.83836       -0.01381      
1.84325       -0.01368      
1.84814       -0.01355      
1.85302       -0.01342      
1.85791       -0.01329      
1.86280       -0.01316      
1.86768       -0.01304      
1.87257       -0.01291      
1.87746       -0.01279      
1.88234       -0.01267      
1.88723       -0.01255      
1.89212       -0.01243      
1.89700       -0.01231      
1.90189       -0.01220      
1.90678       -0.01208      
1.91166       -0.01197      
1.91655       -0.01186      
1.92144       -0.01175      
1.92632       -0.01164      
1.93121       -0.01153      
1.93610       -0.01143      
1.94098       -0.01132      
1.94587       -0.01122      
1.95076       -0.01111      
1.95564       -0.01101      
1.96053       -0.01091      
1.96542       -0.01081      
1.97030       -0.01071      
1.97519       -0.01062      
1.98008       -0.01052      
1.98496       -0.01042      
1.98985       -0.01033      
1.99474       -0.01024      
1.99962       -0.01015      
2.00451       -0.01006      
2.00940       -0.00997      
2.01428       -0.00988      
2.01917       -0.00979      
2.02406       -0.00970      
2.02894       -0.00962      
2.03383       -0.00953      
2.03872       -0.00945      
2.04360       -0.00936      
2.04849       -0.00928      
2.05338       -0.00920      
2.05826       -0.00912      
2.06315       -0.00904      
2.06804       -0.00896      
2.07292       -0.00889      
2.07781       -0.00881      
2.08270       -0.00873      
2.08758       -0.00866      
2.09247       -0.00858      
2.09735       -0.00851      
2.10224       -0.00844      
2.10713       -0.00836      
2.11201       -0.00829      
2.11690       -0.00822      
2.12179       -0.00815      
2.12667       -0.00808      
2.13156       -0.00801      
2.13645       -0.00795      
2.14133       -0.00788      
2.14622       -0.00781      
2.15111       -0.00775      
2.15599       -0.00768      
2.16088       -0.00762      
2.16577       -0.00756      
2.17065       -0.00749      
2.17554       -0.00743      
2.18043       -0.00737      
2.18531       -0.00731      
2.19020       -0.00725      
2.19509       -0.00719      
2.19997       -0.00713      
2.20486       -0.00707      
2.20975       -0.00701      
2.21463       -0.00695      
2.21952       -0.00690      
2.22441       -0.00684      
2.22929       -0.00679      
2.23418       -0.00673      
2.23907       -0.00668      
2.24395       -0.00662      
2.24884       -0.00657      
2.25373       -0.00652      
2.25861       -0.00646      
2.26350       -0.00641      
2.26839       -0.00636      
2.27327       -0.00631      
2.27816       -0.00626      
2.28305       -0.00621      
2.28793       -0.00616      
2.29282       -0.00611      
2.29771       -0.00606      
2.30259       -0.00602      
2.30748       -0.00597      
2.31237       -0.00592      
2.31725       -0.00587      
2.32214       -0.00583      
2.32703       -0.00578      
2.33191       -0.00574      
2.33680       -0.00569      
2.34169       -0.00565      
2.34657       -0.00561      
2.35146       -0.00556      
2.35635       -0.00552      
2.36123       -0.00548      
2.36612       -0.00543      
2.37100       -0.00539      
2.37589       -0.00535      
2.38078       -0.00531      
2.38566       -0.00527      
2.39055       -0.00523      
2.39544       -0.00519      
2.40032       -0.00515      
2.40521       -0.00511      
2.41010       -0.00507      
2.41498       -0.00503      
2.41987       -0.00500      
2.42476       -0.00496      
2.42964       -0.00492      
2.43453       -0.00488      
2.43942       -0.00485      
2.44430       -0.00481      
2.44919       -0.00477      
2.45408       -0.00474      
2.45896       -0.00470      
2.46385       -0.00467      
2.46874       -0.00463      
2.47362       -0.00460      
2.47851       -0.00457      
2.48340       -0.00453      
2.48828       -0.00450      
2.49317       -0.00447      
2.49806       -0.00443      
2.50294       -0.00440      
2.50783       -0.00437      
2.51272       -0.00434      
2.51760       -0.00430      
2.52249       -0.00427      
2.52738       -0.00424      
2.53226       -0.00421      
2.53715       -0.00418      
2.54204       -0.00415      
2.54692       -0.00412      
2.55181       -0.00409      
2.55670       -0.00406      
2.56158       -0.00403      
2.56647       -0.00400      
2.57136       -0.00397      
2.57624       -0.00395      
2.58113       -0.00392      
2.58602       -0.00389      
2.59090       -0.00386      
2.59579       -0.00383      
2.60068       -0.00381      
2.60556       -0.00378      
2.61045       -0.00375      
2.61534       -0.00373      
2.62022       -0.00370      
2.62511       -0.00367      
2.63000       -0.00365      
2.63488       -0.00362      
2.63977       -0.00360      
2.64465       -0.00357      
2.64954       -0.00355      
2.65443       -0.00352      
2.65931       -0.00350      
2.66420       -0.00347      
2.66909       -0.00345      
2.67397       -0.00343      
2.67886       -0.00340      
2.68375       -0.00338      
2.68863       -0.00336      
2.69352       -0.00333      
2.69841       -0.00331      
2.70329       -0.00329      
2.70818       -0.00326      
2.71307       -0.00324      
2.71795       -0.00322      
2.72284       -0.00320      
2.72773       -0.00318      
2.73261       -0.00316      
2.73750       -0.00313      
2.74239       -0.00311      
2.74727       -0.00309      
2.75216       -0.00307      
2.75705       -0.00305      
2.76193       -0.00303      
2.76682       -0.00301      
2.77171       -0.00299      
2.77659       -0.00297      
2.78148       -0.00295      
2.78637       -0.00293      
2.79125       -0.00291      
2.79614       -0.00289      
2.80103       -0.00287      
2.80591       -0.00285      
2.81080       -0.00283      
2.81569       -0.00281      
2.82057       -0.00280      
2.82546       -0.00278      
2.83035       -0.00276      
2.83523       -0.00274      
2.84012       -0.00272      
2.84501       -0.00271      
2.84989       -0.00269      
2.85478       -0.00267      
2.85967       -0.00265      
2.86455       -0.00264      
2.86944       -0.00262      
2.87433       -0.00260      
2.87921       -0.00258      
2.88410       -0.00257      
2.88899       -0.00255      
2.89387       -0.00253      
2.89876       -0.00252      
2.90365       -0.00250      
2.90853       -0.00249      
2.91342       -0.00247      
2.91830       -0.00245      
2.92319       -0.00244      
2.92808       -0.00242      
2.93296       -0.00241      
2.93785       -0.00239      
2.94274       -0.00238      
2.94762       -0.00236      
2.95251       -0.00235      
2.95740       -0.00233      
2.96228       -0.00232      
2.96717       -0.00230      
2.97206       -0.00229      
2.97694       -0.00227      
2.98183       -0.00226      
2.98672       -0.00224      
2.99160       -0.00223      
2.99649       -0.00222      
3.00138       -0.00220      
3.00626       -0.00219      
3.01115       -0.00218      
3.01604       -0.00216      
3.02092       -0.00215      
3.02581       -0.00213      
3.03070       -0.00212      
3.03558       -0.00211      
3.04047       -0.00210      
3.04536       -0.00208      
3.05024       -0.00207      
3.05513       -0.00206      
3.06002       -0.00204      
3.06490       -0.00203      
3.06979       -0.00202      
3.07468       -0.00201      
3.07956       -0.00199      
3.08445       -0.00198      
3.08934       -0.00197      
3.09422       -0.00196      
3.09911       -0.00195      
3.10400       -0.00193      
3.10888       -0.00192      
3.11377       -0.00191      
3.11866       -0.00190      
3.12354       -0.00189      
3.12843       -0.00188      
3.13332       -0.00187      
3.13820       -0.00185      
3.14309       -0.00184      
3.14798       -0.00183      
3.15286       -0.00182      
3.15775       -0.00181      
3.16264       -0.00180      
3.16752       -0.00179      
3.17241       -0.00178      
3.17730       -0.00177      
3.18218       -0.00176      
3.18707       -0.00175      
3.19196       -0.00174      
3.19684       -0.00173      
3.20173       -0.00171      
3.20661       -0.00170      
3.21150       -0.00169      
3.21639       -0.00168      
3.22127       -0.00167      
3.22616       -0.00166      
3.23105       -0.00166      
3.23593       -0.00165      
3.24082       -0.00164      
3.24571       -0.00163      
3.25059       -0.00162      
3.25548       -0.00161      
3.26037       -0.00160      
3.26525       -0.00159      
3.27014       -0.00158      
3.27503       -0.00157      
3.27991       -0.00156      
3.28480       -0.00155      
3.28969       -0.00154      
3.29457       -0.00153      
3.29946       -0.00153      
3.30435       -0.00152      
3.30923       -0.00151      
3.31412       -0.00150      
3.31901       -0.00149      
3.32389       -0.00148      
3.32878       -0.00147      
3.33367       -0.00146      
3.33855       -0.00146      
3.34344       -0.00145      
3.34833       -0.00144      
3.35321       -0.00143      
3.35810       -0.00142      
3.36299       -0.00142      
3.36787       -0.00141      
3.37276       -0.00140      
3.37765       -0.00139      
3.38253       -0.00138      
3.38742       -0.00138      
3.39231       -0.00137      
3.39719       -0.00136      
3.40208       -0.00135      
3.40697       -0.00135      
3.41185       -0.00134      
3.41674       -0.00133      
3.42163       -0.00132      
3.42651       -0.00132      
3.43140       -0.00131      
3.43629       -0.00130      
3.44117       -0.00129      
3.44606       -0.00129      
3.45095       -0.00128      
3.45583       -0.00127      
3.46072       -0.00127      
3.46561       -0.00126      
3.47049       -0.00125      
3.47538       -0.00124      
3.48026       -0.00124      
3.48515       -0.00123      
3.49004       -0.00122      
3.49492       -0.00122      
3.49981       -0.00121      
3.50470       -0.00120      
3.50958       -0.00120      
3.51447       -0.00119      
3.51936       -0.00118      
3.52424       -0.00118      
3.52913       -0.00117      
3.53402       -0.00116      
3.53890       -0.00116      
3.54379       -0.00115      
3.54868       -0.00115      
3.55356       -0.00114      
3.55845       -0.00113      
3.56334       -0.00113      
3.56822       -0.00112      
3.57311       -0.00112      
3.57800       -0.00111      
3.58288       -0.00110      
3.58777       -0.00110      
3.59266       -0.00109      
3.59754       -0.00109      
3.60243       -0.00108      
3.60732       -0.00107      
3.61220       -0.00107      
3.61709       -0.00106      
3.62198       -0.00106      
3.62686       -0.00105      
3.63175       -0.00105      
3.63664       -0.00104      
3.64152       -0.00103      
3.64641       -0.00103      
3.65130       -0.00102      
3.65618       -0.00102      
3.66107       -0.00101      
3.66596       -0.00101      
3.67084       -0.00100      
3.67573       -0.00100      
3.68062       -0.00099      
3.68550       -0.00099      
3.69039       -0.00098      
3.69528       -0.00098      
3.70016       -0.00097      
3.70505       -0.00097      
3.70994       -0.00096      
3.71482       -0.00096      
3.71971       -0.00095      
3.72460       -0.00095      
3.72948       -0.00094      
3.73437       -0.00094      
3.73926       -0.00093      
3.74414       -0.00093      
3.74903       -0.00092      
3.75391       -0.00092      
3.75880       -0.00091      
3.76369       -0.00091      
3.76857       -0.00090      
3.77346       -0.00090      
3.77835       -0.00089      
3.78323       -0.00089      
3.78812       -0.00088      
3.79301       -0.00088      
3.79789       -0.00088      
3.80278       -0.00087      
3.80767       -0.00087      
3.81255       -0.00086      
3.81744       -0.00086      
3.82233       -0.00085      
3.82721       -0.00085      
3.83210       -0.00084      
3.83699       -0.00084      
3.84187       -0.00084      
3.84676       -0.00083      
3.85165       -0.00083      
3.85653       -0.00082      
3.86142       -0.00082      
3.86631       -0.00082      
3.87119       -0.00081      
3.87608       -0.00081      
3.88097       -0.00080      
3.88585       -0.00080      
3.89074       -0.00079      
3.89563       -0.00079      
3.90051       -0.00079      
3.90540       -0.00078      
3.91029       -0.00078      
3.91517       -0.00078      
3.92006       -0.00077      
3.92495       -0.00077      
3.92983       -0.00076      
3.93472       -0.00076      
3.93961       -0.00076      
3.94449       -0.00075      
3.94938       -0.00075      
3.95427       -0.00074      
3.95915       -0.00074      
3.96404       -0.00074      
3.96893       -0.00073      
3.97381       -0.00073      
3.97870       -0.00073      
3.98359       -0.00072      
3.98847       -0.00072      
3.99336       -0.00072      
3.99825       -0.00071      
4.00313       -0.00071      
4.00802       -0.00071      
4.01291       -0.00070      
4.01779       -0.00070      
4.02268       -0.00070      
4.02757       -0.00069      
4.03245       -0.00069      
4.03734       -0.00069      
4.04222       -0.00068      
4.04711       -0.00068      
4.05200       -0.00068      
4.05688       -0.00067      
4.06177       -0.00067      
4.06666       -0.00067      
4.07154       -0.00066      
4.07643       -0.00066      
4.08132       -0.00066      
4.08620       -0.00065      
4.09109       -0.00065      
4.09598       -0.00065      
4.10086       -0.00064      
4.10575       -0.00064      
4.11064       -0.00064      
4.11552       -0.00063      
4.12041       -0.00063      
4.12530       -0.00063      
4.13018       -0.00063      
4.13507       -0.00062      
4.13996       -0.00062      
4.14484       -0.00062      
4.14973       -0.00061      
4.15462       -0.00061      
4.15950       -0.00061      
4.16439       -0.00060      
4.16928       -0.00060      
4.17416       -0.00060      
4.17905       -0.00060      
4.18394       -0.00059      
4.18882       -0.00059      
4.19371       -0.00059      
4.19860       -0.00058      
4.20348       -0.00058      
4.20837       -0.00058      
4.21326       -0.00058      
4.21814       -0.00057      
4.22303       -0.00057      
4.22792       -0.00057      
4.23280       -0.00057      
4.23769       -0.00056      
4.24258       -0.00056      
4.24746       -0.00056      
4.25235       -0.00056      
4.25724       -0.00055      
4.26212       -0.00055      
4.26701       -0.00055      
4.27190       -0.00055      
4.27678       -0.00054      
4.28167       -0.00054      
4.28656       -0.00054      
4.29144       -0.00054      
4.29633       -0.00053      
4.30122       -0.00053      
4.30610       -0.00053      
4.31099       -0.00053      
4.31587       -0.00052      
4.32076       -0.00052      
4.32565       -0.00052      
4.33053       -0.00052      
4.33542       -0.00051      
4.34031       -0.00051      
4.34519       -0.00051      
4.35008       -0.00051      
4.35497       -0.00050      
4.35985       -0.00050      
4.36474       -0.00050      
4.36963       -0.00050      
4.37451       -0.00049      
4.37940       -0.00049      
4.38429       -0.00049      
4.38917       -0.00049      
4.39406       -0.00049      
4.39895       -0.00048      
4.40383       -0.00048      
4.40872       -0.00048      
4.41361       -0.00048      
4.41849       -0.00048      
4.42338       -0.00047      
4.42827       -0.00047      
4.43315       -0.00047      
4.43804       -0.00047      
4.44293       -0.00046      
4.44781       -0.00046      
4.45270       -0.00046      
4.45759       -0.00046      
4.46247       -0.00046      
4.46736       -0.00045      
4.47225       -0.00045      
4.47713       -0.00045      
4.48202       -0.00045      
4.48691       -0.00045      
4.49179       -0.00044      
4.49668       -0.00044      
4.50157       -0.00044      
4.50645       -0.00044      
4.51134       -0.00044      
4.51623       -0.00043      
4.52111       -0.00043      
4.52600       -0.00043      
4.53089       -0.00043      
4.53577       -0.00043      
4.54066       -0.00042      
4.54555       -0.00042      
4.55043       -0.00042      
4.55532       -0.00042      
4.56021       -0.00042      
4.56509       -0.00042      
4.56998       -0.00041      
4.57487       -0.00041      
4.57975       -0.00041      
4.58464       -0.00041      
4.58952       -0.00041      
4.59441       -0.00040      
4.59930       -0.00040      
4.60418       -0.00040      
4.60907       -0.00040      
4.61396       -0.00040      
4.61884       -0.00040      
4.62373       -0.00039      
4.62862       -0.00039      
4.63350       -0.00039      
4.63839       -0.00039      
4.64328       -0.00039      
4.64816       -0.00039      
4.65305       -0.00038      
4.65794       -0.00038      
4.66282       -0.00038      
4.66771       -0.00038      
4.67260       -0.00038      
4.67748       -0.00038      
4.68237       -0.00037      
4.68726       -0.00037      
4.69214       -0.00037      
4.69703       -0.00037      
4.70192       -0.00037      
4.70680       -0.00037      
4.71169       -0.00036      
4.71658       -0.00036      
4.72146       -0.00036      
4.72635       -0.00036      
4.73124       -0.00036      
4.73612       -0.00036      
4.74101       -0.00036      
4.74590       -0.00035      
4.75078       -0.00035      
4.75567       -0.00035      
4.76056       -0.00035      
4.76544       -0.00035      
4.77033       -0.00035      
4.77522       -0.00035      
4.78010       -0.00034      
4.78499       -0.00034      
4.78988       -0.00034      
4.79476       -0.00034      
4.79965       -0.00034      
4.80454       -0.00034      
4.80942       -0.00034      
4.81431       -0.00033      
4.81920       -0.00033      
4.82408       -0.00033      
4.82897       -0.00033      
4.83386       -0.00033      
4.83874       -0.00033      
4.84363       -0.00033      
4.84852       -0.00032      
4.85340       -0.00032      
4.85829       -0.00032      
4.86317       -0.00032      
4.86806       -0.00032      
4.87295       -0.00032      
4.87783       -0.00032      
4.88272       -0.00031      
4.88761       -0.00031      
4.89249       -0.00031      
4.89738       -0.00031      
4.90227       -0.00031      
4.90715       -0.00031      
4.91204       -0.00031      
4.91693       -0.00031      
4.92181       -0.00030      
4.92670       -0.00030      
4.93159       -0.00030      
4.93647       -0.00030      
4.94136       -0.00030      
4.94625       -0.00030      
4.95113       -0.00030      
4.95602       -0.00030      
4.96091       -0.00029      
4.96579       -0.00029      
4.97068       -0.00029      
4.97557       -0.00029      
4.98045       -0.00029      
4.98534       -0.00029      
4.99023       -0.00029      
4.99511       -0.00029      
5.00000       -0.00029      
